Name,Nominal Frequency,Actual Frequency,Resistance
PB20.13.28_Comb05Ch01,1694564.823993,1694564.8193359375,1.6510146630319036
PB20.13.28_Comb05Ch02,1748046.879657,1748046.875,1.490461176194529
PB20.13.28_Comb05Ch03,1784591.679461,1784591.6748046875,2.24790200930766
PB20.13.28_Comb05Ch04,1846771.244891,1846771.240234375,1.3750906624463068
PB20.13.28_Comb05Ch05,1901016.240008,1901016.2353515625,1.5596422041157878
PB20.13.28_Comb05Ch06,1958465.580828,1958465.576171875,1.7377322667665185
PB20.13.28_Comb05Ch07,2012786.869891,2012786.865234375,1.7279209218598952
PB20.13.28_Comb05Ch08,2073669.43825,2073669.43359375,1.6272747713043907
PB20.13.28_Comb05Ch09,2120437.626727,2120437.6220703125,2.9745094772821923
PB20.13.28_Comb05Ch10,2189559.94118,2189559.9365234375,1.0597544055620602
PB20.13.28_Comb05Ch11,2234573.368914,2234573.3642578125,1.758241862212979
PB20.13.28_Comb05Ch12,2304229.740985,NaN,NaN
PB20.13.28_Comb05Ch13,2381668.095477,2381668.0908203125,2.4033926831243746
PB20.13.28_Comb05Ch14,2439346.318133,2439346.3134765625,1.6138763720560558
PB20.13.28_Comb05Ch15,2500686.650164,2500686.6455078125,1.632240032555975
PB20.13.28_Comb05Ch16,2557678.227313,2557678.22265625,1.7497317767652576
PB20.13.28_Comb05Ch17,2650299.076922,2650299.072265625,1.5292385491201548
PB20.13.28_Comb05Ch18,2697677.616961,2697677.6123046875,1.7118644088025243
PB20.13.28_Comb05Ch19,2757339.482196,2757339.4775390625,2.4661009867120667
PB20.13.28_Comb05Ch20,2859268.193133,2859268.1884765625,1.1493873938842147
PB20.13.28_Comb05Ch21,2918624.882586,2918624.8779296875,1.821491122831137
PB20.13.28_Comb05Ch22,2985229.496844,2985229.4921875,2.4593028681401408
PB20.13.28_Comb05Ch23,3073120.121844,3073120.1171875,1.7701636409268549
PB20.13.28_Comb05Ch24,3147811.894305,3147811.8896484375,1.4835152366134159
PB20.13.28_Comb05Ch25,3244476.323016,3244476.318359375,1.7588024562652784
PB20.13.28_Comb05Ch26,3291931.157,3291931.15234375,1.3548127208842606
PB20.13.28_Comb05Ch27,3375778.202899,3375778.1982421875,1.4843483652058198
PB20.13.28_Comb05Ch28,3462829.5945,3462829.58984375,1.3854100534440432
PB20.13.28_Comb05Ch29,3577575.68825,3577575.68359375,2.4570044390582133
PB20.13.28_Comb05Ch30,3642959.599383,3642959.5947265625,1.8897045496940263
PB20.13.28_Comb05Ch31,3715209.965594,3715209.9609375,1.3738306372143498
PB20.13.28_Comb05Ch32,3814086.918719,3814086.9140625,2.922499566820948
PB20.13.28_Comb05Ch33,3921966.557391,3921966.552734375,1.9743495668110764
PB20.13.28_Comb05Ch34,3998870.854266,3998870.849609375,1.6772479902664987
PB20.13.28_Comb05Ch35,4118499.760516,4118499.755859375,1.8027874129474097
PB20.13.28_Comb05Ch36,4185333.25661,4185333.251953125,1.4061376787070496
PB20.13.28_Comb05Ch37,4296340.947039,4296340.9423828125,1.6093630569959139
PB20.13.28_Comb05Ch38,4392547.612078,4392547.607421875,1.421936976754654
PB20.13.28_Comb05Ch39,4507675.175555,4507675.1708984375,1.976711005952423
PB20.13.11_Comb15Ch01,1666412.358172,1666412.353515625,1.8722827477170203
PB20.13.11_Comb15Ch02,1698455.815203,1698455.810546875,1.3547119710365936
PB20.13.11_Comb15Ch03,1729812.626727,1729812.6220703125,2.500479595719016
PB20.13.11_Comb15Ch04,1856307.988055,1856307.9833984375,1.3461183867860584
PB20.13.11_Comb15Ch05,1912765.507586,NaN,NaN
PB20.13.11_Comb15Ch06,1954269.413836,1954269.4091796875,1.591783003122546
PB20.13.11_Comb15Ch07,2071914.677508,2071914.6728515625,1.917330322516816
PB20.13.11_Comb15Ch08,2126388.554461,2126388.5498046875,1.0375315714331845
PB20.13.11_Comb15Ch09,2196044.926532,2196044.921875,2.031737921106655
PB20.13.11_Comb15Ch10,2258682.255633,2258682.2509765625,1.9860557621184383
PB20.13.11_Comb15Ch11,2316589.360125,2316589.35546875,1.8845589340776203
PB20.13.11_Comb15Ch12,2368545.536883,2368545.5322265625,1.819450161543724
PB20.13.11_Comb15Ch13,2428665.165789,2428665.1611328125,1.7215480467935922
PB20.13.11_Comb15Ch14,2484970.09743,2484970.0927734375,2.7194212733002496
PB20.13.11_Comb15Ch15,2584228.520282,2584228.515625,1.457311472730812
PB20.13.11_Comb15Ch16,2610321.049578,2610321.044921875,3.193081731448306
PB20.13.11_Comb15Ch17,2683944.706805,2683944.7021484375,2.7543182080302446
PB20.13.11_Comb15Ch18,2769012.455828,2769012.451171875,1.1072440319448802
PB20.13.11_Comb15Ch19,2855682.377703,2855682.373046875,1.5404428520325997
PB20.13.11_Comb15Ch20,2914123.539813,2914123.53515625,2.7856736763486576
PB20.13.11_Comb15Ch21,2996521.00075,2996520.99609375,1.8535128041311915
PB20.13.11_Comb15Ch22,3089904.789813,3089904.78515625,1.3213430034634357
PB20.13.11_Comb15Ch23,3152008.061297,3152008.056640625,1.8230732291375706
PB20.13.11_Comb15Ch24,3193435.673602,3193435.6689453125,2.9955663911050583
PB20.13.11_Comb15Ch25,3295745.854266,3295745.849609375,2.4407241490460443
PB20.13.11_Comb15Ch26,3367233.281024,3367233.2763671875,2.2582781705349038
PB20.13.11_Comb15Ch27,3487701.420672,3487701.416015625,2.042869247341423
PB20.13.11_Comb15Ch28,3542251.591571,3542251.5869140625,1.9300340610859639
PB20.13.11_Comb15Ch29,3618469.242938,3618469.23828125,2.991602638922145
PB20.13.11_Comb15Ch30,3732604.985125,3732604.98046875,2.567452557041528
PB20.13.11_Comb15Ch31,3832778.935321,3832778.9306640625,1.703107020213551
PB20.13.11_Comb15Ch32,3890533.451922,3890533.447265625,2.2294459129000663
PB20.13.11_Comb15Ch33,4011840.824969,4011840.8203125,2.3903215762270937
PB20.13.11_Comb15Ch34,4070816.044696,4070816.0400390625,1.4465718942111536
PB20.13.11_Comb15Ch35,4202575.68825,4202575.68359375,1.2797238623576153
PB20.13.11_Comb15Ch36,4281387.333758,4281387.3291015625,1.1436908836125934
PB20.13.11_Comb15Ch37,4392318.730243,4392318.7255859375,1.9596238801133814
PB20.13.11_Comb15Ch38,4407730.107196,4407730.1025390625,1.5781398572831955
PB20.13.15_Comb13Ch01,1633148.198016,1633148.193359375,1.4453704787229258
PB20.13.15_Comb13Ch02,1679611.210711,1679611.2060546875,1.4894798748800588
PB20.13.15_Comb13Ch03,1735687.260516,1735687.255859375,1.4955263422887057
PB20.13.15_Comb13Ch04,1785507.206805,1785507.2021484375,1.5048649338421738
PB20.13.15_Comb13Ch05,1824874.882586,1824874.8779296875,1.4655465164915764
PB20.13.15_Comb13Ch06,1881713.871844,1881713.8671875,1.829350648268436
PB20.13.15_Comb13Ch07,1944732.670672,1944732.666015625,1.7692275350432534
PB20.13.15_Comb13Ch08,1996765.141375,1996765.13671875,1.7457084665449327
PB20.13.15_Comb13Ch09,2045516.97243,2045516.9677734375,1.7605701432637697
PB20.13.15_Comb13Ch10,2106399.540789,2106399.5361328125,1.0386462338674425
PB20.13.15_Comb13Ch11,2160949.711688,2160949.70703125,1.770042576660473
PB20.13.15_Comb13Ch12,2221450.810321,2221450.8056640625,1.7567881577023412
PB20.13.15_Comb13Ch13,2297210.698016,2297210.693359375,1.7776233195377178
PB20.13.15_Comb13Ch14,2345733.647235,2345733.642578125,1.810504167888018
PB20.13.15_Comb13Ch15,2426605.229266,2426605.224609375,1.489286437545496
PB20.13.15_Comb13Ch16,2484054.570086,2484054.5654296875,1.8208526875965148
PB20.13.15_Comb13Ch17,2542800.907977,2542800.9033203125,1.560541915364206
PB20.13.15_Comb13Ch18,2625732.426532,2625732.421875,1.7668841208676485
PB20.13.15_Comb13Ch19,2757644.657977,2757644.6533203125,1.030891397976409
PB20.13.15_Comb13Ch20,2813949.589618,2813949.5849609375,1.4934394615363449
PB20.13.15_Comb13Ch21,2972869.877703,2972869.873046875,1.7746049772714532
PB20.13.15_Comb13Ch22,3030090.336688,3030090.33203125,1.4991734452542826
PB20.13.15_Comb13Ch23,3134231.572039,3134231.5673828125,1.4331377162114391
PB20.13.15_Comb13Ch24,3210525.517352,3210525.5126953125,1.5449316544666352
PB20.13.15_Comb13Ch25,3280029.301532,3280029.296875,1.4355207246018487
PB20.13.15_Comb13Ch26,3374252.323993,3374252.3193359375,1.4043983070423707
PB20.13.15_Comb13Ch27,3440780.644305,3440780.6396484375,1.866509016439221
PB20.13.15_Comb13Ch28,3536529.545672,3536529.541015625,1.8436995513177648
PB20.13.15_Comb13Ch29,3614883.427508,3614883.4228515625,1.3928739172482434
PB20.13.15_Comb13Ch30,3698425.297625,3698425.29296875,1.92409451967671
PB20.13.15_Comb13Ch31,3791046.147235,3791046.142578125,1.8454269097087401
PB20.13.15_Comb13Ch32,3896484.379657,3896484.375,1.734881003853991
PB20.13.15_Comb13Ch33,3964920.048602,3964920.0439453125,1.3853789503034504
PB20.13.15_Comb13Ch34,4079284.672625,4079284.66796875,1.4404147635604005
PB20.13.15_Comb13Ch35,4161148.075946,4161148.0712890625,1.3531749976631244
PB20.13.15_Comb13Ch36,4263916.020282,4263916.015625,1.282260690291763
PB20.13.15_Comb13Ch37,4338378.910907,4338378.90625,2.0386730844581025
PB20.13.15_Comb13Ch38,4376983.647235,4376983.642578125,1.8648053048634252
PB20.13.13_Comb07Ch01,1651687.626727,1651687.6220703125,1.2248099079239259
PB20.13.13_Comb07Ch02,1690444.950946,1690444.9462890625,1.226769054146052
PB20.13.13_Comb07Ch03,1735229.496844,1735229.4921875,1.3345831091648042
PB20.13.13_Comb07Ch04,1789779.667743,1789779.6630859375,1.2666883036238124
PB20.13.13_Comb07Ch05,1840286.259539,1840286.2548828125,1.3208129851042019
PB20.13.13_Comb07Ch06,1902771.00075,1902770.99609375,1.50049199883879
PB20.13.13_Comb07Ch07,1951370.243914,1951370.2392578125,1.5323098072083177
PB20.13.13_Comb07Ch08,2010955.815203,2010955.810546875,1.5496242437463796
PB20.13.13_Comb07Ch09,2115173.3445,2115173.33984375,1.0006241999886665
PB20.13.13_Comb07Ch10,2244644.169696,2244644.1650390625,1.4363983431733525
PB20.13.13_Comb07Ch11,2307128.910907,2307128.90625,1.4995519508626645
PB20.13.13_Comb07Ch12,2363128.666766,2363128.662109375,1.5080706916440272
PB20.13.13_Comb07Ch13,2427978.520282,2427978.515625,1.3267679261866654
PB20.13.13_Comb07Ch14,2488098.149188,2488098.14453125,1.578631604840667
PB20.13.13_Comb07Ch15,2568817.143328,2568817.138671875,1.2456106905288327
PB20.13.13_Comb07Ch16,2619781.498797,2619781.494140625,1.7471501325198038
PB20.13.13_Comb07Ch17,2693634.03786,2693634.033203125,1.4751957723100708
PB20.13.13_Comb07Ch18,2771224.980243,2771224.9755859375,1.00732935887274
PB20.13.13_Comb07Ch19,2916946.415789,2916946.4111328125,1.4859277892057399
PB20.13.13_Comb07Ch20,2989959.721453,2989959.716796875,1.5166529166607148
PB20.13.13_Comb07Ch21,3060226.445086,3060226.4404296875,1.238806941856166
PB20.13.13_Comb07Ch22,3144912.724383,3144912.7197265625,1.2982545207025047
PB20.13.13_Comb07Ch23,3210678.105243,3210678.1005859375,1.3313835446010387
PB20.13.13_Comb07Ch24,3375625.615008,NaN,NaN
PB20.13.13_Comb07Ch25,3473205.571063,3473205.56640625,1.6276236754953513
PB20.13.13_Comb07Ch26,3540878.300555,3540878.2958984375,1.7468879440255412
PB20.13.13_Comb07Ch27,3818283.085711,3818283.0810546875,1.6508429458521054
PB20.13.13_Comb07Ch28,3895492.558368,3895492.5537109375,1.7208588509875367
PB20.13.13_Comb07Ch29,3997802.739032,3997802.734375,1.2216758585678145
PB20.13.13_Comb07Ch30,4080734.257586,4080734.2529296875,1.2318363266076253
PB20.13.13_Comb07Ch31,4274444.584735,4274444.580078125,1.0914793811337047
PB20.13.13_Comb07Ch32,4389266.97243,4389266.9677734375,1.4263213270381498
PB20.13.13_Comb07Ch33,4382705.693133,4382705.6884765625,1.726064671129566
PB20.13.28_Comb17Ch01,1645278.935321,1645278.9306640625,1.5986679941281439
PB20.13.28_Comb17Ch02,1683502.201922,1683502.197265625,1.3199017801174069
PB20.13.28_Comb17Ch03,1732711.796649,1732711.7919921875,2.675479661664701
PB20.13.28_Comb17Ch04,1790618.901141,1790618.896484375,1.36872226195398
PB20.13.28_Comb17Ch05,1838836.674578,1838836.669921875,1.548044834570203
PB20.13.28_Comb17Ch06,1897430.424578,1897430.419921875,1.6492890457145357
PB20.13.28_Comb17Ch07,1944046.025164,1944046.0205078125,2.0806963844718154
PB20.13.28_Comb17Ch08,2009429.936297,2009429.931640625,2.04797220456849
PB20.13.28_Comb17Ch09,2064666.752703,2064666.748046875,1.5908168425466955
PB20.13.28_Comb17Ch10,2122802.739032,2122802.734375,1.0275339931903262
PB20.13.28_Comb17Ch11,2180099.491961,2180099.4873046875,2.0876024314131745
PB20.13.28_Comb17Ch12,2240295.414813,2240295.41015625,1.5617561810880185
PB20.13.28_Comb17Ch13,2299728.398211,2299728.3935546875,4.461492359941155
PB20.13.28_Comb17Ch14,2365417.485125,2365417.48046875,1.6805974134953143
PB20.13.28_Comb17Ch15,2422409.062274,2422409.0576171875,1.7844617916538352
PB20.13.28_Comb17Ch16,2477416.996844,2477416.9921875,1.847086565967095
PB20.13.28_Comb17Ch17,2560272.221453,2560272.216796875,2.0174492995294186
PB20.13.28_Comb17Ch18,2614593.510516,2614593.505859375,2.483913177614987
PB20.13.28_Comb17Ch19,2685470.585711,2685470.5810546875,1.6536684960585255
PB20.13.28_Comb17Ch20,2772903.447039,2772903.4423828125,1.0578051516005176
PB20.13.28_Comb17Ch21,2836380.009539,2836380.0048828125,1.753608075749233
PB20.13.28_Comb17Ch22,2975158.696063,2975158.69140625,1.7799947424386369
PB20.13.28_Comb17Ch23,3050079.35036,3050079.345703125,2.430021201535688
PB20.13.28_Comb17Ch24,3134994.511493,3134994.5068359375,1.8890022238674016
PB20.13.28_Comb17Ch25,3203277.592547,3203277.587890625,1.692516293804835
PB20.13.28_Comb17Ch26,3282241.825946,3282241.8212890625,1.7743536964899702
PB20.13.28_Comb17Ch27,3363494.877703,3363494.873046875,1.3892303688094547
PB20.13.28_Comb17Ch28,3463287.358172,NaN,NaN
PB20.13.28_Comb17Ch29,3533630.37575,3533630.37109375,2.8831397420936633
PB20.13.28_Comb17Ch30,3617935.185321,3617935.1806640625,1.8286138460433858
PB20.13.28_Comb17Ch31,3799972.538836,3799972.5341796875,1.7873180158663284
PB20.13.28_Comb17Ch32,3883209.233172,3883209.228515625,2.2393428827715036
PB20.13.28_Comb17Ch33,3987274.174578,3987274.169921875,1.5870065600359142
PB20.13.28_Comb17Ch34,4073333.744891,4073333.740234375,1.398299203735838
PB20.13.28_Comb17Ch35,4175491.337664,4175491.3330078125,1.5066266444910814
PB20.13.28_Comb17Ch36,4253387.455828,4253387.451171875,1.195187462933505
PB20.13.28_Comb17Ch37,4370651.249774,4370651.2451171875,3.5695205124187397
PB20.13.28_Comb17Ch38,4379959.111102,4379959.1064453125,1.9362812829259328
PB20.13.12_Comb29Ch01,1593475.346453,1593475.341796875,1.3116904717241977
PB20.13.12_Comb29Ch02,1651992.802508,1651992.7978515625,1.6390601550839283
PB20.13.12_Comb29Ch03,1693725.590594,1693725.5859375,1.3714745755323485
PB20.13.12_Comb29Ch04,1804351.811297,1804351.806640625,1.5099645578984742
PB20.13.12_Comb29Ch05,1849899.296649,1849899.2919921875,2.0258905944087857
PB20.13.12_Comb29Ch06,1902084.355243,1902084.3505859375,1.5366473594882895
PB20.13.12_Comb29Ch07,1962814.335711,1962814.3310546875,1.23931006026241
PB20.13.12_Comb29Ch08,1999359.135516,1999359.130859375,1.267080509605819
PB20.13.12_Comb29Ch09,2077560.429461,2077560.4248046875,0.9851750608961276
PB20.13.12_Comb29Ch10,2110366.825946,2110366.8212890625,1.2397623779643816
PB20.13.12_Comb29Ch11,2181320.195086,2181320.1904296875,1.399549036225356
PB20.13.12_Comb29Ch12,2254714.970477,2254714.9658203125,1.4360981621871438
PB20.13.12_Comb29Ch13,2301788.334735,2301788.330078125,1.981713796059227
PB20.13.12_Comb29Ch14,2376251.22536,2376251.220703125,1.688714883085272
PB20.13.12_Comb29Ch15,2416687.016375,2416687.01171875,2.0462476887748626
PB20.13.12_Comb29Ch16,2512130.741961,2512130.7373046875,1.5286055298531798
PB20.13.12_Comb29Ch17,2549133.305438,2549133.30078125,1.283579636972434
PB20.13.12_Comb29Ch18,2607803.349383,2607803.3447265625,1.245793311506521
PB20.13.12_Comb29Ch19,2715911.869891,2715911.865234375,0.9376043750998966
PB20.13.12_Comb29Ch20,2771530.156024,2771530.1513671875,1.2993258805728378
PB20.13.12_Comb29Ch21,2817459.111102,2817459.1064453125,1.215874169478409
PB20.13.12_Comb29Ch22,2894210.820086,2894210.8154296875,1.8098290819100777
PB20.13.12_Comb29Ch23,2999649.052508,2999649.0478515625,1.2467031805837134
PB20.13.12_Comb29Ch24,3087921.147235,3087921.142578125,1.5194987325158413
PB20.13.12_Comb29Ch25,3131484.990008,3131484.9853515625,1.6504717984738082
PB20.13.12_Comb29Ch26,3214035.038836,3214035.0341796875,1.1679614252921755
PB20.13.12_Comb29Ch27,3302688.603289,3302688.5986328125,1.3159803337615872
PB20.13.12_Comb29Ch28,3377609.257586,3377609.2529296875,1.234674271025832
PB20.13.12_Comb29Ch29,3445968.632586,3445968.6279296875,1.1626131544689358
PB20.13.12_Comb29Ch30,3538589.482196,3538589.4775390625,1.0056638038776335
PB20.13.12_Comb29Ch31,3593521.122821,3593521.1181640625,1.0941722810775223
PB20.13.12_Comb29Ch32,3695144.657977,3695144.6533203125,1.645468407631545
PB20.13.12_Comb29Ch33,3770751.957782,3770751.953125,1.2696358008863728
PB20.13.12_Comb29Ch34,3927993.779071,3927993.7744140625,1.1190897241753184
PB20.13.12_Comb29Ch35,3993682.865985,3993682.861328125,1.256119312661192
PB20.13.12_Comb29Ch36,4084396.366961,4084396.3623046875,1.0857518535187092
PB20.13.12_Comb29Ch37,4189300.541766,4189300.537109375,1.3402734254891857
PB20.13.12_Comb29Ch38,4234237.675555,4234237.6708984375,0.9245610967616554
PB20.13.12_Comb29Ch39,4354629.521258,NaN,NaN
PB20.13.13_Comb24Ch01,1647644.047625,1647644.04296875,1.2364470035322639
PB20.13.13_Comb24Ch02,1686630.25368,1686630.2490234375,1.2437570445939155
PB20.13.13_Comb24Ch03,1732559.208758,1732559.2041015625,1.312958706859079
PB20.13.13_Comb24Ch04,1791000.370868,1791000.3662109375,1.243480024196124
PB20.13.13_Comb24Ch05,1841506.962664,1841506.9580078125,1.3227630819857745
PB20.13.13_Comb24Ch06,1899719.242938,1899719.23828125,1.5074008576961164
PB20.13.13_Comb24Ch07,1948013.310321,1948013.3056640625,1.5593275434124196
PB20.13.13_Comb24Ch08,2010955.815203,2010955.810546875,1.5358489126346306
PB20.13.13_Comb24Ch09,2123565.678485,2123565.673828125,1.036492342448445
PB20.13.13_Comb24Ch10,2180099.491961,2180099.4873046875,1.4646232923321785
PB20.13.13_Comb24Ch11,2241287.236102,2241287.2314453125,1.4755813779737887
PB20.13.13_Comb24Ch12,2304382.328875,2304382.32421875,1.4914076659110829
PB20.13.13_Comb24Ch13,2367782.59743,2367782.5927734375,1.456264294534393
PB20.13.13_Comb24Ch14,2424240.116961,2424240.1123046875,1.413894267614204
PB20.13.13_Comb24Ch15,2479858.403094,2479858.3984375,1.5353626840013768
PB20.13.13_Comb24Ch16,2565460.209735,2565460.205078125,1.29158487507665
PB20.13.13_Comb24Ch17,2616500.859149,2616500.8544921875,1.5210115112021214
PB20.13.13_Comb24Ch18,2690429.692157,2690429.6875,1.448489692269447
PB20.13.13_Comb24Ch19,2775344.853289,2775344.8486328125,1.1138973823782203
PB20.13.13_Comb24Ch20,2841415.40993,2841415.4052734375,1.2899320319663372
PB20.13.13_Comb24Ch21,2914123.539813,2914123.53515625,1.5367823384291404
PB20.13.13_Comb24Ch22,2982025.151141,2982025.146484375,1.5354541933080248
PB20.13.13_Comb24Ch23,3055114.75075,3055114.74609375,1.3581003785946255
PB20.13.13_Comb24Ch24,3137741.093524,3137741.0888671875,1.4166979160172186
PB20.13.13_Comb24Ch25,3288345.341571,3288345.3369140625,1.267424543747851
PB20.13.13_Comb24Ch26,3364791.874774,3364791.8701171875,1.2111515120614698
PB20.13.13_Comb24Ch27,3470001.22536,3470001.220703125,1.6203812741405024
PB20.13.13_Comb24Ch28,3538208.012469,3538208.0078125,1.5426863959986126
PB20.13.13_Comb24Ch29,3615417.485125,3615417.48046875,1.237364531549347
PB20.13.13_Comb24Ch30,3726348.88161,3726348.876953125,1.551250653322679
PB20.13.13_Comb24Ch31,3810501.103289,3810501.0986328125,1.5919807807501984
PB20.13.13_Comb24Ch32,3885116.581805,3885116.5771484375,1.4547228292011687
PB20.13.13_Comb24Ch33,3993682.865985,3993682.861328125,1.319548813395929
PB20.13.13_Comb24Ch34,4078369.145282,4078369.140625,1.2024058415769237
PB20.13.13_Comb24Ch35,4186172.490008,4186172.4853515625,1.1782892247280952
PB20.13.13_Comb24Ch36,4262847.905047,4262847.900390625,1.126048657566177
PB20.13.13_Comb24Ch37,4378051.762469,4378051.7578125,1.608145303192684
PB20.13.13_Comb24Ch38,4385604.863055,4385604.8583984375,1.63171651626561
PB20.13.31_Comb17Ch01,1667022.709735,1667022.705078125,1.120705689145976
PB20.13.31_Comb17Ch02,1708297.734149,1708297.7294921875,1.1748775511736627
PB20.13.31_Comb17Ch03,1768493.657,1768493.65234375,1.2037624682661756
PB20.13.31_Comb17Ch04,1820678.715594,1820678.7109375,1.2134661578802763
PB20.13.31_Comb17Ch05,1863479.618914,1863479.6142578125,1.2106743160038484
PB20.13.31_Comb17Ch06,1974563.603289,1974563.5986328125,1.3852576534507797
PB20.13.31_Comb17Ch07,2040023.808368,2040023.8037109375,1.3836040720923901
PB20.13.31_Comb17Ch08,2091522.221453,2091522.216796875,1.3748190900648465
PB20.13.31_Comb17Ch09,2156448.368914,2156448.3642578125,0.9994820334077877
PB20.13.31_Comb17Ch10,2206115.727313,2206115.72265625,1.4588733208505642
PB20.13.31_Comb17Ch11,2265090.947039,2265090.9423828125,1.4356134188285998
PB20.13.31_Comb17Ch12,2331695.561297,2331695.556640625,1.440907148541776
PB20.13.31_Comb17Ch13,2398452.763446,2398452.7587890625,1.3972936455394471
PB20.13.31_Comb17Ch14,2463302.616961,2463302.6123046875,1.2857061578922395
PB20.13.31_Comb17Ch15,2522125.248797,2522125.244140625,1.4678859228291896
PB20.13.31_Comb17Ch16,2591705.326922,2591705.322265625,1.2292812458642526
PB20.13.31_Comb17Ch17,2665328.984149,2665328.9794921875,1.5795005493597114
PB20.13.31_Comb17Ch18,2730636.601336,2730636.5966796875,1.4759222246347985
PB20.13.31_Comb17Ch19,2816085.820086,2816085.8154296875,1.0485385417828406
PB20.13.31_Comb17Ch20,2869949.345477,2869949.3408203125,1.2595156205692397
PB20.13.31_Comb17Ch21,2951507.573016,2951507.568359375,1.5240312222763035
PB20.13.31_Comb17Ch22,3020095.829852,3020095.8251953125,1.451984653121528
PB20.13.31_Comb17Ch23,3086547.856219,3086547.8515625,1.3381288448439357
PB20.13.31_Comb17Ch24,3181228.642352,3181228.6376953125,1.3007529015337658
PB20.13.31_Comb17Ch25,3270950.322039,3270950.3173828125,1.4876786888432465
PB20.13.31_Comb17Ch26,3330917.363055,NaN,NaN
PB20.13.31_Comb17Ch27,3423995.976336,NaN,NaN
PB20.13.31_Comb17Ch28,3506546.025164,NaN,NaN
PB20.13.31_Comb17Ch29,3590927.12868,3590927.1240234375,1.6443290016731285
PB20.13.31_Comb17Ch30,3675918.583758,NaN,NaN
PB20.13.31_Comb17Ch31,3766555.790789,NaN,NaN
PB20.13.31_Comb17Ch32,3846511.845477,NaN,NaN
PB20.13.31_Comb17Ch33,3948364.262469,NaN,NaN
PB20.13.31_Comb17Ch34,4036865.239032,NaN,NaN
PB20.13.31_Comb17Ch35,4148101.811297,4148101.806640625,1.4320606244508742
PB20.13.31_Comb17Ch36,4229125.981219,NaN,NaN
PB20.13.31_Comb17Ch37,4440460.209735,NaN,NaN
PB20.13.12_Comb23Ch01,1588668.827899,1588668.8232421875,1.5842005382682731
PB20.13.12_Comb23Ch02,1635437.016375,1635437.01171875,1.4506317708836496
PB20.13.12_Comb23Ch03,1684188.84743,1684188.8427734375,1.3809019627225858
PB20.13.12_Comb23Ch04,1731414.799578,1731414.794921875,1.46759370111163
PB20.13.12_Comb23Ch05,1784744.267352,1784744.2626953125,1.718115392554666
PB20.13.12_Comb23Ch06,1836242.680438,1836242.67578125,1.365172000037741
PB20.13.12_Comb23Ch07,1884613.041766,1884613.037109375,1.4017611022659795
PB20.13.12_Comb23Ch08,1937561.039813,1937561.03515625,1.4719233653200081
PB20.13.12_Comb23Ch09,1998748.783953,1998748.779296875,1.4438571478589954
PB20.13.12_Comb23Ch10,2112350.468524,2112350.4638671875,1.9181537280371308
PB20.13.12_Comb23Ch11,2169418.339618,2169418.3349609375,1.4938082465965838
PB20.13.12_Comb23Ch12,2223434.452899,2223434.4482421875,1.4125617551007092
PB20.13.12_Comb23Ch13,2282791.142352,2282791.1376953125,1.3663343068014984
PB20.13.12_Comb23Ch14,2353057.865985,2353057.861328125,1.9492091191864018
PB20.13.12_Comb23Ch15,2409667.973407,2409667.96875,1.4115888927798792
PB20.13.12_Comb23Ch16,2483291.630633,2483291.6259765625,1.4113602828605698
PB20.13.12_Comb23Ch17,2529983.525164,2529983.5205078125,1.4896254608473662
PB20.13.12_Comb23Ch18,2679977.421649,2679977.4169921875,1.0970393164286971
PB20.13.12_Comb23Ch19,2761077.885516,2761077.880859375,1.706958158250684
PB20.13.12_Comb23Ch20,2813339.238055,2813339.2333984375,1.4616626356234117
PB20.13.12_Comb23Ch21,2881851.200946,2881851.1962890625,1.4125493582807311
PB20.13.12_Comb23Ch22,2973175.053485,2973175.048828125,1.4399737509818793
PB20.13.12_Comb23Ch23,3043441.777118,3043441.7724609375,1.715566660079985
PB20.13.12_Comb23Ch24,3120956.425555,NaN,NaN
PB20.13.12_Comb23Ch25,3205108.647235,NaN,NaN
PB20.13.12_Comb23Ch26,3281707.768328,NaN,NaN
PB20.13.12_Comb23Ch27,3333282.47536,3333282.470703125,1.4525272233558824
PB20.13.12_Comb23Ch28,3405532.841571,3405532.8369140625,1.4336044288342662
PB20.13.12_Comb23Ch29,3535003.666766,3535003.662109375,1.822626018979804
PB20.13.12_Comb23Ch30,3586044.31618,3586044.3115234375,1.3907293194251145
PB20.13.12_Comb23Ch31,3672256.474383,NaN,NaN
PB20.13.12_Comb23Ch32,3751602.177508,3751602.1728515625,1.3460820276745376
PB20.13.12_Comb23Ch33,3872909.550555,3872909.5458984375,1.4825659783277858
PB20.13.12_Comb23Ch34,3958511.357196,3958511.3525390625,1.2959525354878514
PB20.13.12_Comb23Ch35,4070281.987078,4070281.982421875,1.4645676252476556
PB20.13.12_Comb23Ch36,4160690.312274,4160690.3076171875,1.3466333191749282
PB20.13.12_Comb23Ch37,4198455.815203,4198455.810546875,1.2359177022532608
PB20.13.12_Comb23Ch38,4296569.828875,4296569.82421875,1.2608401031701049
PB20.13.28_Comb23Ch01,1637191.777118,1637191.7724609375,2.188241867707217
PB20.13.28_Comb23Ch02,1683578.495868,1683578.4912109375,1.8531518259583115
PB20.13.28_Comb23Ch03,1714019.780047,1714019.775390625,1.4388754203649023
PB20.13.28_Comb23Ch04,1766433.720477,1766433.7158203125,1.4363533243625648
PB20.13.28_Comb23Ch05,1820907.59743,1820907.5927734375,2.5792776575996754
PB20.13.28_Comb23Ch06,1891098.027118,1891098.0224609375,1.6760969276523583
PB20.13.28_Comb23Ch07,1937408.451922,1937408.447265625,1.7130212713478445
PB20.13.28_Comb23Ch08,1984786.991961,1984786.9873046875,1.8406499665187275
PB20.13.28_Comb23Ch09,2054290.776141,2054290.771484375,1.758781455596779
PB20.13.28_Comb23Ch10,2092132.573016,2092132.568359375,1.141254812457919
PB20.13.28_Comb23Ch11,2159194.950946,2159194.9462890625,2.8576171837291167
PB20.13.28_Comb23Ch12,2220077.519305,2220077.5146484375,2.3953727623518217
PB20.13.28_Comb23Ch13,2292861.943133,2292861.9384765625,1.8739025628279324
PB20.13.28_Comb23Ch14,2332534.794696,2332534.7900390625,1.7385176606881674
PB20.13.28_Comb23Ch15,2403945.927508,2403945.9228515625,3.0156661382863006
PB20.13.28_Comb23Ch16,2480163.578875,2480163.57421875,1.7341635801025264
PB20.13.28_Comb23Ch17,2554626.4695,2554626.46484375,1.504110475310439
PB20.13.28_Comb23Ch18,2592315.678485,2592315.673828125,2.3024738414053116
PB20.13.28_Comb23Ch19,2687377.934344,2687377.9296875,1.9737602385779478
PB20.13.28_Comb23Ch20,2735290.532,2735290.52734375,1.2173558367650328
PB20.13.28_Comb23Ch21,2837982.182391,2837982.177734375,2.35408577182858
PB20.13.28_Comb23Ch22,2913055.424578,2913055.419921875,1.9887107734595504
PB20.13.28_Comb23Ch23,2981948.857196,2981948.8525390625,1.8395496312919042
PB20.13.28_Comb23Ch24,3032989.50661,3032989.501953125,1.5062424019268836
PB20.13.28_Comb23Ch25,3115158.085711,3115158.0810546875,2.50970810305289
PB20.13.28_Comb23Ch26,3167266.85036,3167266.845703125,1.7380321215462822
PB20.13.28_Comb23Ch27,3294982.914813,3294982.91015625,2.5730960656711344
PB20.13.28_Comb23Ch28,3349227.90993,3349227.9052734375,2.1513406495104146
PB20.13.28_Comb23Ch29,3439407.353289,3439407.3486328125,2.0498252107573007
PB20.13.28_Comb23Ch30,3500595.09743,3500595.0927734375,2.2698334229149433
PB20.13.28_Comb23Ch31,3611373.906024,3611373.9013671875,2.51843184874927
PB20.13.28_Comb23Ch32,3725128.178485,3725128.173828125,2.0327595351916705
PB20.13.28_Comb23Ch33,3816452.031024,3816452.0263671875,2.1450744414654532
PB20.13.28_Comb23Ch34,3865280.156024,3865280.1513671875,1.9144400603726341
PB20.13.28_Comb23Ch35,3960800.175555,3960800.1708984375,2.4908293805176576
PB20.13.28_Comb23Ch36,4031524.66286,4031524.658203125,1.5974485221987476
PB20.13.28_Comb23Ch37,4195098.88161,4195098.876953125,2.1750442419762837
PB20.13.28_Comb23Ch38,4257354.740985,4257354.736328125,2.000772089767906
PB20.13.28_Comb23Ch39,4330902.104266,4330902.099609375,1.892911195401698
PB20.13.28_Comb23Ch40,4342346.196063,4342346.19140625,1.7342508273985582
PB20.13.28_Comb04Ch01,1708068.852313,1708068.84765625,1.3540754459419924
PB20.13.28_Comb04Ch02,1759872.44118,1759872.4365234375,1.9441486208404715
PB20.13.28_Comb04Ch03,1812133.793719,1812133.7890625,1.392691134703039
PB20.13.28_Comb04Ch04,1865158.085711,1865158.0810546875,2.1161945107152826
PB20.13.28_Comb04Ch05,1977157.59743,1977157.5927734375,1.754749165047537
PB20.13.28_Comb04Ch06,2032775.883563,2032775.87890625,1.611446791063934
PB20.13.28_Comb04Ch07,2097244.267352,2097244.2626953125,1.6555153795442945
PB20.13.28_Comb04Ch08,2212677.00661,2212677.001953125,0.999556591755533
PB20.13.28_Comb04Ch09,2253570.561297,2253570.556640625,1.613237475785694
PB20.13.28_Comb04Ch10,2324066.166766,2324066.162109375,1.9604950807766843
PB20.13.28_Comb04Ch11,2397537.236102,2397537.2314453125,1.6096746690164423
PB20.13.28_Comb04Ch12,2466278.080828,2466278.076171875,1.9754335183158136
PB20.13.28_Comb04Ch13,2524185.185321,2524185.1806640625,1.4249339806927313
PB20.13.28_Comb04Ch14,2591552.739032,NaN,NaN
PB20.13.28_Comb04Ch15,2723922.734149,2723922.7294921875,1.6320882692973457
PB20.13.28_Comb04Ch16,2799911.50368,2799911.4990234375,1.6494744992320505
PB20.13.28_Comb04Ch17,2889328.007586,2889328.0029296875,1.0767625111019705
PB20.13.28_Comb04Ch18,2945861.821063,2945861.81640625,1.5361685907125895
PB20.13.28_Comb04Ch19,3104476.933368,3104476.9287109375,1.6884840063018498
PB20.13.28_Comb04Ch20,3171539.311297,3171539.306640625,1.4635678047794574
PB20.13.28_Comb04Ch21,3266906.742938,3266906.73828125,1.3860109674043044
PB20.13.28_Comb04Ch22,3336868.290789,3336868.2861328125,1.5334742667679808
PB20.13.28_Comb04Ch23,3413314.823993,3413314.8193359375,1.3273417100816123
PB20.13.28_Comb04Ch24,3521118.168719,3521118.1640625,1.594975693976823
PB20.13.28_Comb04Ch25,3614425.663836,3614425.6591796875,1.8294494580557352
PB20.13.28_Comb04Ch26,3677597.050555,3677597.0458984375,1.7636489184819768
PB20.13.28_Comb04Ch27,3777313.237078,3777313.232421875,1.3328736539865789
PB20.13.28_Comb04Ch28,3950576.786883,3950576.7822265625,1.9026259864370514
PB20.13.28_Comb04Ch29,4150619.511493,4150619.5068359375,1.3882326640187272
PB20.13.28_Comb04Ch30,4234542.851336,4234542.8466796875,1.5646188532162093
PB20.13.28_Comb04Ch31,4334030.156024,4334030.1513671875,1.4230964706261904
PB20.13.28_Comb04Ch32,4426651.005633,4426651.0009765625,1.9203870128682539
PB20.13.28_Comb04Ch33,4542388.920672,4542388.916015625,1.9550604710984891
PB20.13.10_Comb01Ch01,1646041.874774,1646041.8701171875,1.3446394280800096
PB20.13.10_Comb01Ch02,1680831.913836,1680831.9091796875,1.3730130978370887
PB20.13.10_Comb01Ch03,1728973.393328,1728973.388671875,1.5104312788938279
PB20.13.10_Comb01Ch04,1782379.155047,1782379.150390625,1.4047482263458897
PB20.13.10_Comb01Ch05,1832199.101336,1832199.0966796875,1.3969087394811284
PB20.13.10_Comb01Ch06,1895065.312274,1895065.3076171875,1.6164279997858766
PB20.13.10_Comb01Ch07,1939926.152118,1939926.1474609375,1.6600921130700999
PB20.13.10_Comb01Ch08,2001571.65993,2001571.6552734375,1.6556254082601622
PB20.13.10_Comb01Ch09,2064895.634539,2064895.6298828125,1.6160183521155562
PB20.13.10_Comb01Ch10,2109222.416766,2109222.412109375,1.0542048164965774
PB20.13.10_Comb01Ch11,2183227.543719,2183227.5390625,1.675674486725723
PB20.13.10_Comb01Ch12,2237777.714618,2237777.7099609375,1.6349727858484022
PB20.13.10_Comb01Ch13,2293014.531024,2293014.5263671875,1.6995012317254838
PB20.13.10_Comb01Ch14,2354354.863055,2354354.8583984375,1.6545352638922937
PB20.13.10_Comb01Ch15,2415390.019305,2415390.0146484375,1.4563173753916876
PB20.13.10_Comb01Ch16,2478866.581805,2478866.5771484375,1.6742869650190746
PB20.13.10_Comb01Ch17,2556915.28786,2556915.283203125,1.4240514628815057
PB20.13.10_Comb01Ch18,2610549.931414,2610549.9267578125,1.7435068427177358
PB20.13.10_Comb01Ch19,2685012.822039,2685012.8173828125,1.5770391072076544
PB20.13.10_Comb01Ch20,2758178.715594,2758178.7109375,1.041429010785687
PB20.13.10_Comb01Ch21,2834014.897235,2834014.892578125,1.402587570381468
PB20.13.10_Comb01Ch22,2906494.145282,2906494.140625,1.7149736499583512
PB20.13.10_Comb01Ch23,2975387.577899,2975387.5732421875,1.6331906671937595
PB20.13.10_Comb01Ch24,3046340.947039,3046340.9423828125,1.4355686804529004
PB20.13.10_Comb01Ch25,3126678.471453,3126678.466796875,1.381998080825479
PB20.13.10_Comb01Ch26,3202209.477313,3202209.47265625,1.387813792496463
PB20.13.10_Comb01Ch27,3283004.765399,3283004.7607421875,1.3746415334061386
PB20.13.10_Comb01Ch28,3363723.759539,3363723.7548828125,1.3129146387247206
PB20.13.10_Comb01Ch29,3456802.372821,3456802.3681640625,1.8457199600322507
PB20.13.10_Comb01Ch30,3525924.687274,3525924.6826171875,1.7485275521309276
PB20.13.10_Comb01Ch31,3622055.058368,3622055.0537109375,1.3248574592627278
PB20.13.10_Comb01Ch32,3718719.487078,3718719.482421875,1.769020885662541
PB20.13.10_Comb01Ch33,3799667.363055,3799667.3583984375,1.6269994484332138
PB20.13.10_Comb01Ch34,3878326.420672,3878326.416015625,1.6108775031038913
PB20.13.10_Comb01Ch35,3974914.555438,3974914.55078125,1.3117956301343632
PB20.13.10_Comb01Ch36,4064559.94118,4064559.9365234375,1.2877902522553637
PB20.13.10_Comb01Ch37,4173202.519305,4173202.5146484375,1.245708778879805
PB20.13.10_Comb01Ch38,4252471.928485,4252471.923828125,1.1803992093426474
PB20.13.10_Comb01Ch39,4368286.137469,4368286.1328125,1.0494206009269893
PB20.13.12_Comb09Ch01,1651611.332782,1651611.328125,1.30989999866379
PB20.13.12_Comb09Ch02,1688766.484149,1688766.4794921875,1.4885731688527397
PB20.13.12_Comb09Ch03,1731796.269305,1731796.2646484375,1.4128698026321993
PB20.13.12_Comb09Ch04,1784133.915789,1784133.9111328125,1.9551880410030158
PB20.13.12_Comb09Ch05,1835250.859149,NaN,NaN
PB20.13.12_Comb09Ch06,1903839.115985,1903839.111328125,2.2759973061002166
PB20.13.12_Comb09Ch07,1946563.72536,1946563.720703125,1.6887632595154483
PB20.13.12_Comb09Ch08,2005310.06325,2005310.05859375,1.5860987143310332
PB20.13.12_Comb09Ch09,2070541.386493,2070541.3818359375,1.5542657312991799
PB20.13.12_Comb09Ch10,2109451.298602,2109451.2939453125,1.065471071744829
PB20.13.12_Comb09Ch11,2184371.952899,2184371.9482421875,1.6541979459339955
PB20.13.12_Comb09Ch12,2246322.636493,2246322.6318359375,1.804738762862115
PB20.13.12_Comb09Ch13,2302474.980243,2302474.9755859375,1.6415044702900146
PB20.13.12_Comb09Ch14,2357482.914813,2357482.91015625,2.16300728686879
PB20.13.12_Comb09Ch15,2422409.062274,2422409.0576171875,1.5946988146039283
PB20.13.12_Comb09Ch16,2485427.861102,2485427.8564453125,2.004749808478598
PB20.13.12_Comb09Ch17,2566757.206805,2566757.2021484375,1.395339092276016
PB20.13.12_Comb09Ch18,2614135.746844,2614135.7421875,1.636160633077273
PB20.13.12_Comb09Ch19,2689285.282977,2689285.2783203125,1.605469095860583
PB20.13.12_Comb09Ch20,2762451.176532,2762451.171875,1.0410640491751062
PB20.13.12_Comb09Ch21,2847213.749774,2847213.7451171875,1.3718718597895607
PB20.13.12_Comb09Ch22,2913513.18825,2913513.18359375,1.6212195333109043
PB20.13.12_Comb09Ch23,2986907.963641,2986907.958984375,2.115277412415469
PB20.13.12_Comb09Ch24,3057708.744891,3057708.740234375,1.4205106642694663
PB20.13.12_Comb09Ch25,3136062.626727,3136062.6220703125,1.5490823628509076
PB20.13.12_Comb09Ch26,3201065.068133,3201065.0634765625,2.0727460851206034
PB20.13.12_Comb09Ch27,3294448.857196,3294448.8525390625,1.324804543656255
PB20.13.12_Comb09Ch28,3371505.741961,3371505.7373046875,1.3916224721317858
PB20.13.12_Comb09Ch29,3467941.288836,3467941.2841796875,1.8532980423412857
PB20.13.12_Comb09Ch30,3532562.260516,3532562.255859375,1.7747769362388872
PB20.13.12_Comb09Ch31,3626861.576922,3626861.572265625,1.3007716659890403
PB20.13.12_Comb09Ch32,3729553.227313,3729553.22265625,1.7654943665735412
PB20.13.12_Comb09Ch33,3816452.031024,3816452.0263671875,2.3374875515596103
PB20.13.12_Comb09Ch34,3887405.400164,3887405.3955078125,1.696172102204327
PB20.13.12_Comb09Ch35,3986434.94118,3986434.9365234375,1.53249850700477
PB20.13.12_Comb09Ch36,4066848.759539,4066848.7548828125,2.005199925090544
PB20.13.12_Comb09Ch37,4189910.893328,4189910.888671875,1.2213389187210748
PB20.13.12_Comb09Ch38,4268264.775164,4268264.7705078125,1.300354801914212
PB20.13.12_Comb09Ch39,4377136.235125,4377136.23046875,0.9555723021628822
PB20.13.31_Comb21Ch01,1630935.673602,1630935.6689453125,1.13508931745163
PB20.13.31_Comb21Ch02,1675720.2195,1675720.21484375,1.2918444825932007
PB20.13.31_Comb21Ch03,1730346.684344,1730346.6796875,1.2534878068337716
PB20.13.31_Comb21Ch04,1779785.160907,1779785.15625,1.2270151841438168
PB20.13.31_Comb21Ch05,1819305.424578,1819305.419921875,1.2175091862602327
PB20.13.31_Comb21Ch06,1878814.701922,1878814.697265625,1.4783677539709212
PB20.13.31_Comb21Ch07,1937561.039813,1937561.03515625,1.4427116641850681
PB20.13.31_Comb21Ch08,1990127.568133,1990127.5634765625,1.3045212238951376
PB20.13.31_Comb21Ch09,2044143.681414,2044143.6767578125,1.4113986910768
PB20.13.31_Comb21Ch10,2099914.555438,2099914.55078125,1.0920908358958998
PB20.13.31_Comb21Ch11,2158889.775164,2158889.7705078125,1.4129219893944855
PB20.13.31_Comb21Ch12,2217483.525164,2217483.5205078125,1.4467017816831456
PB20.13.31_Comb21Ch13,2291259.770282,2291259.765625,1.4106717289753954
PB20.13.31_Comb21Ch14,2419052.12868,2419052.1240234375,1.2516833210793985
PB20.13.31_Comb21Ch15,2476272.587664,2476272.5830078125,1.818768327634597
PB20.13.31_Comb21Ch16,2537994.389422,2537994.384765625,1.1864806376293868
PB20.13.31_Comb21Ch17,2615737.919696,2615737.9150390625,1.4996700568000567
PB20.13.31_Comb21Ch18,2671356.205828,2671356.201171875,1.5199354246715906
PB20.13.31_Comb21Ch19,2748718.266375,2748718.26171875,1.0785193823103498
PB20.13.31_Comb21Ch20,2809448.246844,2809448.2421875,1.2642628547172399
PB20.13.31_Comb21Ch21,2964096.073993,2964096.0693359375,1.8774923165461836
PB20.13.31_Comb21Ch22,3022460.942157,3022460.9375,1.2001024698946137
PB20.13.31_Comb21Ch23,3125686.650164,3125686.6455078125,1.2020930807052461
PB20.13.31_Comb21Ch24,3201904.301532,3201904.296875,1.2452107491960949
PB20.13.31_Comb21Ch25,3270721.440203,3270721.435546875,1.2285506487444955
PB20.13.31_Comb21Ch26,3363723.759539,NaN,NaN
PB20.13.31_Comb21Ch27,3431930.546649,3431930.5419921875,1.506122930285085
PB20.13.31_Comb21Ch28,3522720.341571,3522720.3369140625,1.5036127712524139
PB20.13.31_Comb21Ch29,3605346.684344,3605346.6796875,1.5477310909525348
PB20.13.31_Comb21Ch30,3783645.634539,3783645.6298828125,1.5528016505836997
PB20.13.31_Comb21Ch31,3882141.117938,3882141.11328125,1.635908708698533
PB20.13.31_Comb21Ch32,3954620.365985,3954620.361328125,1.1382222138771307
PB20.13.31_Comb21Ch33,4067153.935321,NaN,NaN
PB20.13.31_Comb21Ch34,4153594.97536,4153594.970703125,1.0998970449180518
PB20.13.31_Comb21Ch35,4249649.052508,4249649.0478515625,1.8300557725375508
PB20.13.31_Comb21Ch36,4329452.519305,4329452.5146484375,1.5409765634973651
PB20.13.31_Comb21Ch37,4363327.031024,4363327.0263671875,1.4486530761764695
PB20.13.12_Comb01Ch01,1744155.888446,1744155.8837890625,1.3402008562480034
PB20.13.12_Comb01Ch02,1785278.324969,1785278.3203125,1.7852646391731277
PB20.13.12_Comb01Ch03,1846923.832782,1846923.828125,1.3951889407960698
PB20.13.12_Comb01Ch04,1896972.660907,1896972.65625,1.4226015079431968
PB20.13.12_Comb01Ch05,1960906.987078,1960906.982421875,1.7215670950932813
PB20.13.12_Comb01Ch06,2013626.103289,2013626.0986328125,1.775454515284065
PB20.13.12_Comb01Ch07,2072601.323016,2072601.318359375,1.7780321993062418
PB20.13.12_Comb01Ch08,2127151.493914,2127151.4892578125,1.6635209624017633
PB20.13.12_Comb01Ch09,2178115.849383,2178115.8447265625,1.0729104707277652
PB20.13.12_Comb01Ch10,2247314.457782,2247314.453125,1.8270275529527404
PB20.13.12_Comb01Ch11,2379684.452899,2379684.4482421875,1.9366827032555103
PB20.13.12_Comb01Ch12,2428283.696063,2428283.69140625,1.668685047834443
PB20.13.12_Comb01Ch13,2498397.831805,2498397.8271484375,1.555262639155595
PB20.13.12_Comb01Ch14,2697982.792743,2697982.7880859375,1.7531836281254962
PB20.13.12_Comb01Ch15,2856140.141375,2856140.13671875,1.0446453633792938
PB20.13.12_Comb01Ch16,2923812.870868,2923812.8662109375,1.5234577570660877
PB20.13.12_Comb01Ch17,3149719.242938,3149719.23828125,1.4701299812217932
PB20.13.12_Comb01Ch18,3241729.740985,3241729.736328125,1.485771780292453
PB20.13.12_Comb01Ch19,3295593.266375,3295593.26171875,1.4053055210291987
PB20.13.12_Comb01Ch20,3377838.139422,3377838.134765625,1.3506673439799233
PB20.13.12_Comb01Ch21,3468017.582782,3468017.578125,1.3069308229728573
PB20.13.12_Comb01Ch22,3574829.106219,3574829.1015625,1.9486827540230933
PB20.13.12_Comb01Ch23,3648986.821063,3648986.81640625,1.87711137488083
PB20.13.12_Comb01Ch24,3714599.614032,3714599.609375,1.4064221837748705
PB20.13.12_Comb01Ch25,3822708.134539,3822708.1298828125,1.8745780960649543
PB20.13.12_Comb01Ch26,3929367.070086,3929367.0654296875,1.6804795985995051
PB20.13.12_Comb01Ch27,4009323.124774,4009323.1201171875,1.7702784782859171
PB20.13.12_Comb01Ch28,4117431.645282,4117431.640625,1.4601236132568889
PB20.13.12_Comb01Ch29,4190826.420672,4190826.416015625,1.2918783713601718
PB20.13.12_Comb01Ch30,4297332.768328,4297332.763671875,1.3045410401384379
PB20.13.12_Comb01Ch31,4387283.329852,4387283.3251953125,1.5577711847781364
PB20.13.12_Comb01Ch32,4519195.561297,4519195.556640625,1.9736867459900895
PB20.13.13_Comb02Ch01,1640930.180438,1640930.17578125,1.2064242511100292
PB20.13.13_Comb02Ch02,1683349.614032,1683349.609375,1.3366127377470682
PB20.13.13_Comb02Ch03,1730728.154071,1730728.1494140625,1.2815628627268287
PB20.13.13_Comb02Ch04,1787414.555438,1787414.55078125,1.263345578760523
PB20.13.13_Comb02Ch05,1830291.752703,1830291.748046875,1.3314189967661554
PB20.13.13_Comb02Ch06,1891326.908953,1891326.904296875,1.4867749795566942
PB20.13.13_Comb02Ch07,1945190.434344,1945190.4296875,1.5756624775298107
PB20.13.13_Comb02Ch08,1999740.605243,1999740.6005859375,1.455250045454415
PB20.13.13_Comb02Ch09,2112426.762469,2112426.7578125,1.0334440631590849
PB20.13.13_Comb02Ch10,2169418.339618,NaN,NaN
PB20.13.13_Comb02Ch11,2228012.089618,2228012.0849609375,1.626723195845282
PB20.13.13_Comb02Ch12,2300338.749774,2300338.7451171875,1.5299736449746735
PB20.13.13_Comb02Ch13,2351150.517352,2351150.5126953125,1.506829753306617
PB20.13.13_Comb02Ch14,2423019.413836,2423019.4091796875,1.33678444626545
PB20.13.13_Comb02Ch15,2489242.558368,2489242.5537109375,1.5017988349907287
PB20.13.13_Comb02Ch16,2550582.890399,2550582.8857421875,1.3802911371653852
PB20.13.13_Comb02Ch17,2619934.086688,2619934.08203125,1.5011963751677386
PB20.13.13_Comb02Ch18,2702255.25368,2702255.2490234375,1.4950054611360106
PB20.13.13_Comb02Ch19,2762527.470477,2762527.4658203125,1.0849878261559036
PB20.13.13_Comb02Ch20,2832183.842547,2832183.837890625,1.3079112596518427
PB20.13.13_Comb02Ch21,2920150.761493,2920150.7568359375,1.5717451863511824
PB20.13.13_Comb02Ch22,2983856.205828,2983856.201171875,1.4718963982651325
PB20.13.13_Comb02Ch23,3040161.137469,3040161.1328125,1.434615431626848
PB20.13.13_Comb02Ch24,3133926.396258,3133926.3916015625,1.357148887288495
PB20.13.13_Comb02Ch25,3295669.560321,3295669.5556640625,1.2568517607980403
PB20.13.13_Comb02Ch26,3372268.681414,3372268.6767578125,1.3145712985147344
PB20.13.13_Comb02Ch27,3446273.808368,3446273.8037109375,1.6286764319865437
PB20.13.13_Comb02Ch28,3534393.315203,3534393.310546875,1.5813254036079425
PB20.13.13_Comb02Ch29,3629760.746844,3629760.7421875,1.1559608000360293
PB20.13.13_Comb02Ch30,3730468.754657,3730468.75,1.7051588600932621
PB20.13.13_Comb02Ch31,3810424.809344,3810424.8046875,1.484302563022819
PB20.13.13_Comb02Ch32,3893203.740008,3893203.7353515625,1.4562130285134403
PB20.13.13_Comb02Ch33,3973617.558368,3973617.5537109375,1.2845221798472084
PB20.13.13_Comb02Ch34,4081573.490985,4081573.486328125,1.1601055448099677
PB20.13.13_Comb02Ch35,4186630.25368,NaN,NaN
PB20.13.13_Comb02Ch36,4266967.778094,4266967.7734375,1.1136021036364154
PB20.13.13_Comb02Ch37,4346694.950946,4346694.9462890625,1.5561437257900674
PB20.13.13_Comb02Ch38,4379348.759539,4379348.7548828125,1.5052590900295264
PB20.13.12_Comb25Ch01,1591720.585711,1591720.5810546875,1.6142226291811683
PB20.13.12_Comb25Ch02,1641769.413836,1641769.4091796875,1.370831330851869
PB20.13.12_Comb25Ch03,1688385.014422,1688385.009765625,1.7554116178576782
PB20.13.12_Comb25Ch04,1736068.730243,1736068.7255859375,1.327278925028409
PB20.13.12_Comb25Ch05,1789245.610125,1789245.60546875,1.5444946263318906
PB20.13.12_Comb25Ch06,1840209.965594,1840209.9609375,1.4609637064486976
PB20.13.12_Comb25Ch07,1888504.032977,1888504.0283203125,1.4574665245056615
PB20.13.12_Comb25Ch08,2006683.354266,2006683.349609375,2.126554866495863
PB20.13.12_Comb25Ch09,2065811.161883,2065811.1572265625,1.0228520732588713
PB20.13.12_Comb25Ch10,2120895.390399,2120895.3857421875,1.7363176153380298
PB20.13.12_Comb25Ch11,2174453.740008,2174453.7353515625,1.4348638406262157
PB20.13.12_Comb25Ch12,2290725.712664,2290725.7080078125,1.2805141809106393
PB20.13.12_Comb25Ch13,2362594.609149,2362594.6044921875,1.5322930285958962
PB20.13.12_Comb25Ch14,2416229.252703,2416229.248046875,1.4558735678995687
PB20.13.12_Comb25Ch15,2493438.72536,2493438.720703125,1.3465815103505712
PB20.13.12_Comb25Ch16,2538757.328875,2538757.32421875,1.3616739815365022
PB20.13.12_Comb25Ch17,2692565.922625,2692565.91796875,1.0043905672919828
PB20.13.12_Comb25Ch18,2766876.22536,2766876.220703125,1.6916836602279466
PB20.13.12_Comb25Ch19,2815551.762469,2815551.7578125,2.0667272675468995
PB20.13.12_Comb25Ch20,2889099.12575,2889099.12109375,1.4116419665709752
PB20.13.12_Comb25Ch21,2983856.205828,2983856.201171875,1.4144069209571863
PB20.13.12_Comb25Ch22,3053970.341571,3053970.3369140625,1.486404917413317
PB20.13.12_Comb25Ch23,3124771.122821,3124771.1181640625,1.3197714379006127
PB20.13.12_Comb25Ch24,3213195.805438,3213195.80078125,1.650866272647756
PB20.13.12_Comb25Ch25,3295364.384539,3295364.3798828125,1.3652122445901742
PB20.13.12_Comb25Ch26,3347702.031024,3347702.0263671875,1.8066445507207782
PB20.13.12_Comb25Ch27,3416824.345477,3416824.3408203125,1.3429033570319076
PB20.13.12_Comb25Ch28,3537826.542743,3537826.5380859375,1.6243725129519682
PB20.13.12_Comb25Ch29,3676452.641375,3676452.63671875,1.2952544385859046
PB20.13.12_Comb25Ch30,3760757.450946,3760757.4462890625,1.2435595426015462
PB20.13.12_Comb25Ch31,3880920.414813,3880920.41015625,1.3211638691351564
PB20.13.12_Comb25Ch32,3964920.048602,3964920.0439453125,1.1914778840637705
PB20.13.12_Comb25Ch33,4079742.436297,4079742.431640625,1.327940433322828
PB20.13.12_Comb25Ch34,4170532.231219,4170532.2265625,1.2313277795578588
PB20.13.12_Comb25Ch35,4212951.664813,4212951.66015625,1.4279042669110589
PB20.13.12_Comb25Ch36,4304275.517352,4304275.5126953125,1.1251213040475627
PB20.13.15_Comb07Ch01,1643524.174578,1643524.169921875,1.5023471273791966
PB20.13.15_Comb07Ch02,1686248.783953,1686248.779296875,1.5598373384135462
PB20.13.15_Comb07Ch03,1893386.845477,1893386.8408203125,1.6941289663382169
PB20.13.15_Comb07Ch04,1950454.716571,1950454.7119140625,1.6810424030009443
PB20.13.15_Comb07Ch05,2056961.064227,2056961.0595703125,1.738454622318156
PB20.13.15_Comb07Ch06,2171249.394305,2171249.3896484375,1.6687114630460282
PB20.13.15_Comb07Ch07,2233657.841571,2233657.8369140625,1.72022822084828
PB20.13.15_Comb07Ch08,2487945.561297,2487945.556640625,1.7138147269505761
PB20.13.15_Comb07Ch09,2558364.872821,2558364.8681640625,1.5018122407968018
PB20.13.15_Comb07Ch10,2689361.576922,2689361.572265625,1.76377942737129
PB20.13.15_Comb07Ch11,2830963.139422,2830963.134765625,1.4757682802982353
PB20.13.15_Comb07Ch12,2903289.799578,2903289.794921875,1.8180849913651052
PB20.13.15_Comb07Ch13,2981109.623797,2981109.619140625,1.6928561540964489
PB20.13.15_Comb07Ch14,3046875.004657,3046875.0,1.5364656513051906
PB20.13.15_Comb07Ch15,3288040.165789,3288040.1611328125,1.5036449881172484
PB20.13.15_Comb07Ch16,3375320.439227,3375320.4345703125,1.53427849210072
PB20.13.15_Comb07Ch17,3623504.643328,3623504.638671875,1.471334867197235
PB20.13.15_Comb07Ch18,3716354.374774,3716354.3701171875,1.8251133255031369
PB20.13.15_Comb07Ch19,3808593.754657,3808593.75,1.6643354850628516
PB20.13.15_Comb07Ch20,3898696.904071,3898696.8994140625,1.5419256981885778
PB20.13.15_Comb07Ch21,4179840.092547,4179840.087890625,1.5040375126679661
PB20.13.15_Comb07Ch22,4268875.126727,4268875.1220703125,1.4592217056791772
PB20.13.13_Comb23Ch01,1703109.745868,1703109.7412109375,1.2781892606568463
PB20.13.13_Comb23Ch02,1752395.634539,1752395.6298828125,1.3136106821203355
PB20.13.13_Comb23Ch03,1788177.494891,1788177.490234375,1.310670179463597
PB20.13.13_Comb23Ch04,1847381.596453,1847381.591796875,1.2512565350488731
PB20.13.13_Comb23Ch05,1901626.591571,1901626.5869140625,1.2745341788191955
PB20.13.13_Comb23Ch06,1962585.453875,NaN,NaN
PB20.13.13_Comb23Ch07,2015380.864032,NaN,NaN
PB20.13.13_Comb23Ch08,2071838.383563,NaN,NaN
PB20.13.13_Comb23Ch09,2175521.855243,NaN,NaN
PB20.13.13_Comb23Ch10,2240371.708758,NaN,NaN
PB20.13.13_Comb23Ch11,2313995.365985,NaN,NaN
PB20.13.13_Comb23Ch12,2391586.308368,NaN,NaN
PB20.13.13_Comb23Ch13,2433547.978289,NaN,NaN
PB20.13.13_Comb23Ch14,2508392.338641,NaN,NaN
PB20.13.13_Comb23Ch15,2565612.797625,NaN,NaN
PB20.13.13_Comb23Ch16,2662963.871844,NaN,NaN
PB20.13.13_Comb23Ch17,2709198.002703,NaN,NaN
PB20.13.13_Comb23Ch18,2761535.649188,NaN,NaN
PB20.13.13_Comb23Ch19,2852783.207782,NaN,NaN
PB20.13.13_Comb23Ch20,2935485.8445,NaN,NaN
PB20.13.13_Comb23Ch21,2979812.626727,NaN,NaN
PB20.13.13_Comb23Ch22,3074569.706805,NaN,NaN
PB20.13.13_Comb23Ch23,3162689.213641,NaN,NaN
PB20.13.13_Comb23Ch24,3259048.466571,NaN,NaN
PB20.13.13_Comb23Ch25,3382110.60036,NaN,NaN
PB20.13.13_Comb23Ch26,3474197.392352,NaN,NaN
PB20.13.13_Comb23Ch27,3586120.610125,NaN,NaN
PB20.13.13_Comb23Ch28,3648757.939227,NaN,NaN
PB20.13.13_Comb23Ch29,3719177.25075,NaN,NaN
PB20.13.13_Comb23Ch30,3817672.734149,NaN,NaN
PB20.13.13_Comb23Ch31,3939666.752703,NaN,NaN
PB20.13.13_Comb23Ch32,4016876.22536,NaN,NaN
PB20.13.13_Comb23Ch33,4129028.324969,NaN,NaN
PB20.13.13_Comb23Ch34,4195327.763446,NaN,NaN
PB20.13.13_Comb23Ch35,4314575.199969,NaN,NaN
PB20.13.13_Comb23Ch36,4399642.948993,NaN,NaN
PB20.13.13_Comb23Ch37,4508209.233172,NaN,NaN
PB20.13.13_Comb23Ch38,4524841.31325,NaN,NaN
PB20.13.13_Comb30Ch01,1653747.56325,1653747.55859375,1.340788595969985
PB20.13.13_Comb30Ch02,1694488.530047,1694488.525390625,1.3025645417287341
PB20.13.13_Comb30Ch03,1736068.730243,1736068.7255859375,1.3153624236929926
PB20.13.13_Comb30Ch04,1797943.119891,1797943.115234375,1.481371910245375
PB20.13.13_Comb30Ch05,1843566.899188,1843566.89453125,1.403489970767995
PB20.13.13_Comb30Ch06,1906127.934344,1906127.9296875,1.6510339084919932
PB20.13.13_Comb30Ch07,1957626.34743,1957626.3427734375,1.5299362759127242
PB20.13.13_Comb30Ch08,2017822.270282,2017822.265625,1.6580122404609972
PB20.13.13_Comb30Ch09,2119293.217547,2119293.212890625,1.3620509601731894
PB20.13.13_Comb30Ch10,2247314.457782,2247314.453125,1.6069078451874679
PB20.13.13_Comb30Ch11,2317581.181414,2317581.1767578125,1.4765470152561617
PB20.13.13_Comb30Ch12,2364273.075946,2364273.0712890625,1.6709566462109084
PB20.13.13_Comb30Ch13,2437210.087664,2437210.0830078125,1.3862019759436839
PB20.13.13_Comb30Ch14,2488403.324969,2488403.3203125,1.702973174166987
PB20.13.13_Comb30Ch15,2574310.307391,2574310.302734375,1.3101179557713314
PB20.13.13_Comb30Ch16,2626495.365985,2626495.361328125,1.6419533921835059
PB20.13.13_Comb30Ch17,2782058.720477,2782058.7158203125,1.6262351997066393
PB20.13.13_Comb30Ch18,2848892.216571,2848892.2119140625,1.3884038995274797
PB20.13.13_Comb30Ch19,2993087.773211,2993087.7685546875,1.6136694944097263
PB20.13.13_Comb30Ch20,3063583.37868,3063583.3740234375,1.3420871318247394
PB20.13.13_Comb30Ch21,3375320.439227,NaN,NaN
PB20.13.13_Comb30Ch22,3484191.899188,3484191.89453125,1.7030513865664323
PB20.13.13_Comb30Ch23,3558731.083758,3558731.0791015625,1.8759988051983867
PB20.13.13_Comb30Ch24,3628082.280047,3628082.275390625,1.2846315940773527
PB20.13.13_Comb30Ch25,3823776.249774,3823776.2451171875,1.6357819937369082
PB20.13.13_Comb30Ch26,3897323.613055,3897323.6083984375,1.578999196265812
PB20.13.13_Comb30Ch27,4014053.349383,4014053.3447265625,1.388061721896307
PB20.13.13_Comb30Ch28,4195556.645282,4195556.640625,1.2886601878169899
PB20.13.13_Comb30Ch29,4279251.103289,4279251.0986328125,1.1621107896816933
PB20.13.13_Comb30Ch30,4385986.332782,4385986.328125,1.9751174856534823
PB20.13.13_Comb30Ch31,4413299.565203,4413299.560546875,1.7866822984915993
PB20.13.13_Comb29Ch01,1685791.020282,1685791.015625,1.3271039865506349
PB20.13.13_Comb29Ch02,1733016.97243,1733016.9677734375,1.377595535497776
PB20.13.13_Comb29Ch03,1777954.106219,1777954.1015625,1.3170227219071442
PB20.13.13_Comb29Ch04,1836090.092547,1836090.087890625,1.3988374655245683
PB20.13.13_Comb29Ch05,1886978.154071,1886978.1494140625,1.3432462181442086
PB20.13.13_Comb29Ch06,1995010.380633,1995010.3759765625,1.5739925743522452
PB20.13.13_Comb29Ch07,2057037.358172,2057037.353515625,1.5266476565687463
PB20.13.13_Comb29Ch08,2178955.082782,2178955.078125,1.0206756374930803
PB20.13.13_Comb29Ch09,2231140.141375,2231140.13671875,1.4878806016473396
PB20.13.13_Comb29Ch10,2296905.522235,2296905.517578125,1.7124575680801548
PB20.13.13_Comb29Ch11,2358856.205828,2358856.201171875,1.5454503973118625
PB20.13.13_Comb29Ch12,2426528.935321,2426528.9306640625,1.5208526350696983
PB20.13.13_Comb29Ch13,2480392.460711,2480392.4560546875,1.368388953400672
PB20.13.13_Comb29Ch14,2562026.982196,2562026.9775390625,1.5192294385976655
PB20.13.13_Comb29Ch15,2625198.368914,2625198.3642578125,1.363984982537983
PB20.13.13_Comb29Ch16,2689361.576922,2689361.572265625,1.559369530589086
PB20.13.13_Comb29Ch17,2776870.732196,2776870.7275390625,1.5573148326009023
PB20.13.13_Comb29Ch18,2843399.052508,2843399.0478515625,1.1770159337848876
PB20.13.13_Comb29Ch19,2904357.914813,2904357.91015625,1.2800035718423406
PB20.13.13_Comb29Ch20,2987747.197039,2987747.1923828125,1.5044285042003285
PB20.13.13_Comb29Ch21,3059768.681414,3059768.6767578125,1.5007766481843483
PB20.13.13_Comb29Ch22,3126144.413836,3126144.4091796875,1.3441986191493902
PB20.13.13_Comb29Ch23,3215789.799578,3215789.794921875,1.4129135210933745
PB20.13.13_Comb29Ch24,3378372.197039,3378372.1923828125,1.1958519715237172
PB20.13.13_Comb29Ch25,3464965.824969,3464965.8203125,1.260857556799703
PB20.13.13_Comb29Ch26,3548812.870868,3548812.8662109375,1.5925420068906468
PB20.13.13_Comb29Ch27,3610305.790789,3610305.7861328125,1.6342798306177886
PB20.13.13_Comb29Ch28,3726959.233172,3726959.228515625,1.1311620333767403
PB20.13.13_Comb29Ch29,3818130.497821,3818130.4931640625,1.5866025617056605
PB20.13.13_Comb29Ch30,3915710.453875,3915710.44921875,1.4693506202819782
PB20.13.13_Comb29Ch31,3995742.802508,3995742.7978515625,1.472830836587539
PB20.13.13_Comb29Ch32,4086151.127703,4086151.123046875,1.3384548139292114
PB20.13.13_Comb29Ch33,4175872.807391,4175872.802734375,1.3058272114816587
PB20.13.13_Comb29Ch34,4288177.494891,4288177.490234375,1.094604819406689
PB20.13.13_Comb29Ch35,4369125.370868,4369125.3662109375,1.1804553245059028
PB20.13.13_Comb29Ch36,4481124.882586,4481124.8779296875,1.645117032704191
PB20.13.13_Comb29Ch37,4475097.660907,4475097.65625,1.6835050297220826
PB20.13.13_Comb26Ch01,1636657.7195,1636657.71484375,1.291419580965147
PB20.13.13_Comb26Ch02,1689529.423602,1689529.4189453125,1.298402650612851
PB20.13.13_Comb26Ch03,1735916.142352,1735916.1376953125,1.353704899093053
PB20.13.13_Comb26Ch04,1789398.198016,1789398.193359375,1.2819189885992324
PB20.13.13_Comb26Ch05,1829681.401141,1829681.396484375,1.381206827918433
PB20.13.13_Comb26Ch06,1887969.97536,1887969.970703125,1.6183059956215724
PB20.13.13_Comb26Ch07,1956405.644305,1956405.6396484375,1.5706626569662379
PB20.13.13_Comb26Ch08,2001113.896258,2001113.8916015625,1.6319066325219789
PB20.13.13_Comb26Ch09,2103576.664813,2103576.66015625,1.0767736562429626
PB20.13.13_Comb26Ch10,2162475.590594,2162475.5859375,1.6134600320617207
PB20.13.13_Comb26Ch11,2225875.859149,2225875.8544921875,1.5457450590720478
PB20.13.13_Comb26Ch12,2312545.781024,2312545.7763671875,1.6833364235322377
PB20.13.13_Comb26Ch13,2344589.238055,2344589.2333984375,1.5978748505799278
PB20.13.13_Comb26Ch14,2436981.205828,2436981.201171875,1.417820462460021
PB20.13.13_Comb26Ch15,2486572.270282,2486572.265625,1.6077635404225767
PB20.13.13_Comb26Ch16,2557067.87575,2557067.87109375,1.4113562468525924
PB20.13.13_Comb26Ch17,2629241.948016,2629241.943359375,1.650048475629616
PB20.13.13_Comb26Ch18,2679595.951922,2679595.947265625,1.5830989467100005
PB20.13.13_Comb26Ch19,2758941.655047,2758941.650390625,1.15711603398657
PB20.13.13_Comb26Ch20,2821044.926532,2821044.921875,1.511236829051746
PB20.13.13_Comb26Ch21,2893981.93825,2893981.93359375,1.5895518936927755
PB20.13.13_Comb26Ch22,2983322.148211,2983322.1435546875,1.6626801410261884
PB20.13.13_Comb26Ch23,3041458.134539,3041458.1298828125,1.472600789202328
PB20.13.13_Comb26Ch24,3153762.822039,3153762.8173828125,1.4460786771770116
PB20.13.13_Comb26Ch25,3286209.111102,3286209.1064453125,1.3309085629971988
PB20.13.13_Comb26Ch26,3373870.854266,3373870.849609375,1.3158873167521201
PB20.13.13_Comb26Ch27,3457260.136493,3457260.1318359375,1.8934048284866436
PB20.13.13_Comb26Ch28,3550033.573993,3550033.5693359375,1.7447225055018913
PB20.13.13_Comb26Ch29,3701553.349383,3701553.3447265625,1.6805835397081796
PB20.13.13_Comb26Ch30,3804931.645282,3804931.640625,1.7274895531391055
PB20.13.13_Comb26Ch31,3903427.12868,3903427.1240234375,1.6280973391476865
PB20.13.13_Comb26Ch32,3987426.762469,3987426.7578125,1.6088255622431216
PB20.13.13_Comb26Ch33,4085922.245868,4085922.2412109375,1.2970168080563786
PB20.13.13_Comb26Ch34,4173278.81325,4173278.80859375,1.1853268003041582
PB20.13.13_Comb26Ch35,4279174.809344,4279174.8046875,1.2868627453696249
PB20.13.13_Comb26Ch36,4349823.002703,4349822.998046875,2.069159164950819
PB20.13.13_Comb26Ch37,4394836.430438,4394836.42578125,1.7824356906787666
PB20.13.12_Comb28Ch01,1590728.764422,1590728.759765625,1.8775547082419772
PB20.13.12_Comb28Ch02,1635818.486102,1635818.4814453125,1.6392011688609394
PB20.13.12_Comb28Ch03,1740570.073016,1740570.068359375,1.3277453848962206
PB20.13.12_Comb28Ch04,1795730.595477,1795730.5908203125,1.8897370525645292
PB20.13.12_Comb28Ch05,1836471.562274,1836471.5576171875,1.4713020930781768
PB20.13.12_Comb28Ch06,1882934.574969,1882934.5703125,1.4671407514923471
PB20.13.12_Comb28Ch07,1947937.016375,1947937.01171875,1.5329482674871426
PB20.13.12_Comb28Ch08,2070541.386493,2070541.3818359375,1.062222615959278
PB20.13.12_Comb28Ch09,2116775.517352,2116775.5126953125,2.0881078358562988
PB20.13.12_Comb28Ch10,2172088.627703,2172088.623046875,1.6850203940953121
PB20.13.12_Comb28Ch11,2227249.150164,2227249.1455078125,1.559679864654018
PB20.13.12_Comb28Ch12,2293777.470477,2293777.4658203125,1.3701713528898465
PB20.13.12_Comb28Ch13,2405242.924578,2405242.919921875,1.462063919256678
PB20.13.12_Comb28Ch14,2486114.50661,2486114.501953125,1.491659887556865
PB20.13.12_Comb28Ch15,2539367.680438,2539367.67578125,1.5238223302918166
PB20.13.12_Comb28Ch16,2598648.075946,2598648.0712890625,1.5348620307653318
PB20.13.12_Comb28Ch17,2699661.259539,2699661.2548828125,1.0768320196028371
PB20.13.12_Comb28Ch18,2758331.303485,2758331.298828125,2.078345981732596
PB20.13.12_Comb28Ch19,2803955.082782,2803955.078125,1.6861171977350304
PB20.13.12_Comb28Ch20,2876510.624774,2876510.6201171875,1.5993338835233375
PB20.13.12_Comb28Ch21,2984085.087664,2984085.0830078125,1.629978096414436
PB20.13.12_Comb28Ch22,3129730.229266,3129730.224609375,1.3532986806602167
PB20.13.12_Comb28Ch23,3207092.289813,3207092.28515625,2.0056189488516356
PB20.13.12_Comb28Ch24,3283233.647235,3283233.642578125,1.6963074353640906
PB20.13.12_Comb28Ch25,3343048.10036,3343048.095703125,1.521724979085699
PB20.13.12_Comb28Ch26,3420410.160907,3420410.15625,1.601387002421852
PB20.13.12_Comb28Ch27,3535232.548602,3535232.5439453125,1.8778454587868352
PB20.13.12_Comb28Ch28,3583755.497821,3583755.4931640625,1.713693012002672
PB20.13.12_Comb28Ch29,3667907.7195,3667907.71484375,1.5456560488937678
PB20.13.12_Comb28Ch30,3741531.376727,3741531.3720703125,1.449253260762044
PB20.13.12_Comb28Ch31,3891372.685321,3891372.6806640625,1.6757035378307783
PB20.13.12_Comb28Ch32,3976058.964618,3976058.9599609375,1.3512127884642318
PB20.13.12_Comb28Ch33,4072189.335711,4072189.3310546875,1.8394722356700872
PB20.13.12_Comb28Ch34,4159851.078875,4159851.07421875,1.635320656402608
PB20.13.12_Comb28Ch35,4316558.842547,4316558.837890625,1.457724910234786
PB20.13.13_Comb12Ch01,1649856.572039,1649856.5673828125,1.4650554585709954
PB20.13.13_Comb12Ch02,1685867.314227,1685867.3095703125,1.3860742984976377
PB20.13.13_Comb12Ch03,1732254.032977,1732254.0283203125,1.253409184099029
PB20.13.13_Comb12Ch04,1781692.509539,1781692.5048828125,1.3215995391354134
PB20.13.13_Comb12Ch05,1834945.683368,1834945.6787109375,1.4993850639416906
PB20.13.13_Comb12Ch06,1902847.294696,1902847.2900390625,1.9191826152736606
PB20.13.13_Comb12Ch07,1944427.494891,1944427.490234375,1.510241169524564
PB20.13.13_Comb12Ch08,2002716.06911,2002716.064453125,1.5805202707422137
PB20.13.13_Comb12Ch09,2106094.365008,2106094.3603515625,1.0573703981582718
PB20.13.13_Comb12Ch10,2181854.252703,2181854.248046875,1.6146876628836049
PB20.13.13_Comb12Ch11,2244415.28786,2244415.283203125,1.8321705528166625
PB20.13.13_Comb12Ch12,2298736.576922,2298736.572265625,1.6444711162291359
PB20.13.13_Comb12Ch13,2355957.035907,2355957.03125,1.6061138188684292
PB20.13.13_Comb12Ch14,2420730.595477,2420730.5908203125,1.370200840179065
PB20.13.13_Comb12Ch15,2486419.682391,2486419.677734375,1.5753031424458592
PB20.13.13_Comb12Ch16,2564620.976336,2564620.9716796875,1.8496894273193483
PB20.13.13_Comb12Ch17,2613296.513446,2613296.5087890625,1.5736107119047067
PB20.13.13_Comb12Ch18,2690048.22243,2690048.2177734375,1.6361416124584862
PB20.13.13_Comb12Ch19,2757110.60036,2757110.595703125,1.1273050543639416
PB20.13.13_Comb12Ch20,2842483.525164,2842483.5205078125,1.903406086978514
PB20.13.13_Comb12Ch21,2911529.545672,2911529.541015625,1.8362148293229335
PB20.13.13_Comb12Ch22,2984924.321063,2984924.31640625,1.6390902895146862
PB20.13.13_Comb12Ch23,3058853.154071,3058853.1494140625,2.028714856147636
PB20.13.13_Comb12Ch24,3130874.638446,3130874.6337890625,1.3557441857096795
PB20.13.13_Comb12Ch25,3292770.390399,3292770.3857421875,1.5046806082273856
PB20.13.13_Comb12Ch26,3371658.329852,3371658.3251953125,1.377756903086237
PB20.13.13_Comb12Ch27,3465499.882586,3465499.8779296875,2.1726454875085306
PB20.13.13_Comb12Ch28,3526916.508563,3526916.50390625,1.5577954657779303
PB20.13.13_Comb12Ch29,3629074.101336,3629074.0966796875,1.308127797801876
PB20.13.13_Comb12Ch30,3722457.890399,3722457.8857421875,2.2436760539093865
PB20.13.13_Comb12Ch31,3815002.446063,3815002.44140625,2.2705076601077705
PB20.13.13_Comb12Ch32,3886184.697039,3886184.6923828125,1.4842114889167968
PB20.13.13_Comb12Ch33,3981018.071063,3981018.06640625,1.3779158707949755
PB20.13.13_Comb12Ch34,4066085.820086,4066085.8154296875,1.2314246856247373
PB20.13.13_Comb12Ch35,4185791.020282,4185791.015625,1.9070020228092242
PB20.13.13_Comb12Ch36,4264984.135516,4264984.130859375,1.164232010892915
PB20.13.13_Comb12Ch37,4370727.543719,4370727.5390625,1.6634079444696206
PB20.13.13_Comb12Ch38,4377899.174578,4377899.169921875,1.5420408056696984
PB20.13.13_Comb22Ch01,1639099.12575,1639099.12109375,1.2514941304775626
PB20.13.13_Comb22Ch02,1684570.317157,1684570.3125,1.3934888396176122
PB20.13.13_Comb22Ch03,1736679.081805,1736679.0771484375,1.3317798895168171
PB20.13.13_Comb22Ch04,1889877.323993,1889877.3193359375,1.4630681290798784
PB20.13.13_Comb22Ch05,1947937.016375,1947937.01171875,1.5334124811810765
PB20.13.13_Comb22Ch06,2167663.578875,2167663.57421875,1.4495820069609477
PB20.13.13_Comb22Ch07,2302322.392352,2302322.3876953125,1.4740062747143432
PB20.13.13_Comb22Ch08,2479782.109149,2479782.1044921875,1.4776976271390423
PB20.13.13_Comb22Ch09,2552108.769305,2552108.7646484375,1.3230090209153975
PB20.13.13_Comb22Ch10,2686538.700946,2686538.6962890625,1.459767916447799
PB20.13.13_Comb22Ch11,2827835.087664,2827835.0830078125,1.2429066361777041
PB20.13.13_Comb22Ch12,2903900.151141,2903900.146484375,1.5127219725621095
PB20.13.13_Comb22Ch13,2979507.450946,2979507.4462890625,1.507511028073616
PB20.13.13_Comb22Ch14,3037796.025164,3037796.0205078125,1.3418789893034466
PB20.13.13_Comb22Ch15,3140869.145282,3140869.140625,1.427689259018629
PB20.13.13_Comb22Ch16,3447494.511493,3447494.5068359375,1.5046077281848829
PB20.13.13_Comb22Ch17,3621215.824969,3621215.8203125,1.128486594648491
PB20.13.13_Comb22Ch18,3714752.201922,3714752.197265625,1.510768986322352
PB20.13.13_Comb22Ch19,3807067.87575,3807067.87109375,1.4599352335465046
PB20.13.13_Comb22Ch20,3895111.088641,3895111.083984375,1.4530792353245385
PB20.13.13_Comb22Ch21,4344482.426532,4344482.421875,1.3602848718581921
PB20.13.28_Comb10Ch01,1711502.079852,1711502.0751953125,2.0399246170231833
PB20.13.28_Comb10Ch02,1760635.380633,1760635.3759765625,1.3864736841115408
PB20.13.28_Comb10Ch03,1795959.477313,1795959.47265625,3.787489457821212
PB20.13.28_Comb10Ch04,1846771.244891,1846771.240234375,1.3325712560044682
PB20.13.28_Comb10Ch05,1905670.170672,1905670.166015625,1.8628363329889488
PB20.13.28_Comb10Ch06,1976013.18825,1976013.18359375,1.858667932023816
PB20.13.28_Comb10Ch07,2031707.768328,2031707.763671875,1.5465884750778391
PB20.13.28_Comb10Ch08,2080917.363055,2080917.3583984375,1.589459778244228
PB20.13.28_Comb10Ch09,2136688.237078,2136688.232421875,4.343512814729806
PB20.13.28_Comb10Ch10,2177963.261493,2177963.2568359375,1.0681355934642316
PB20.13.28_Comb10Ch11,2251739.50661,2251739.501953125,2.3438035053654014
PB20.13.28_Comb10Ch12,2322158.818133,2322158.8134765625,1.7206952340298298
PB20.13.28_Comb10Ch13,2402648.930438,2402648.92578125,3.1100900986133815
PB20.13.28_Comb10Ch14,2432937.626727,2432937.6220703125,1.5948272585063183
PB20.13.28_Comb10Ch15,2518768.315203,2518768.310546875,1.8263563039052189
PB20.13.28_Comb10Ch16,2565078.740008,2565078.7353515625,1.9848189913486773
PB20.13.28_Comb10Ch17,2676391.606219,2676391.6015625,1.2472312329833695
PB20.13.28_Comb10Ch18,2708740.239032,2708740.234375,1.736315081078567
PB20.13.28_Comb10Ch19,2762298.588641,2762298.583984375,4.442203810634985
PB20.13.28_Comb10Ch20,2857284.550555,2857284.5458984375,1.1974731802030267
PB20.13.28_Comb10Ch21,2995147.709735,2995147.705078125,4.985328435100845
PB20.13.28_Comb10Ch22,3176879.887469,3176879.8828125,1.3168551123688301
PB20.13.28_Comb10Ch23,3265914.921649,3265914.9169921875,1.9343910699461426
PB20.13.28_Comb10Ch24,3315277.104266,3315277.099609375,1.4951361155398626
PB20.13.28_Comb10Ch25,3394393.925555,3394393.9208984375,2.3293962054547177
PB20.13.28_Comb10Ch26,3483123.783953,3483123.779296875,1.4578607521439262
PB20.13.28_Comb10Ch27,3605804.448016,3605804.443359375,3.843036943841699
PB20.13.28_Comb10Ch28,3671646.122821,3671646.1181640625,1.7585996640059296
PB20.13.28_Comb10Ch29,3727111.821063,3727111.81640625,1.900029029692497
PB20.13.28_Comb10Ch30,3835296.635516,NaN,NaN
PB20.13.28_Comb10Ch31,4018936.161883,4018936.1572265625,1.8113199460271932
PB20.13.28_Comb10Ch32,4143600.468524,4143600.4638671875,1.9979955189762415
PB20.13.28_Comb10Ch33,4205551.152118,4205551.1474609375,1.4624949165795496
PB20.13.28_Comb10Ch34,4327163.700946,4327163.6962890625,2.2674489857446396
PB20.13.28_Comb10Ch35,4544296.269305,4544296.2646484375,1.4486974009873077
PB20.13.28_Comb10Ch36,4563140.873797,4563140.869140625,1.556995746665695
PB20.13.13_Comb28Ch01,1639556.889422,1639556.884765625,1.220201763342163
PB20.13.13_Comb28Ch02,1683044.43825,1683044.43359375,1.281451619108658
PB20.13.13_Comb28Ch03,1728591.923602,1728591.9189453125,1.2855147453898952
PB20.13.13_Comb28Ch04,1780548.10036,1780548.095703125,1.2070168253458644
PB20.13.13_Comb28Ch05,1827163.700946,1827163.6962890625,1.2656534953158314
PB20.13.13_Comb28Ch06,1890563.9695,1890563.96484375,1.4680273070590253
PB20.13.13_Comb28Ch07,1943969.731219,NaN,NaN
PB20.13.13_Comb28Ch08,1995010.380633,NaN,NaN
PB20.13.13_Comb28Ch09,2101898.198016,2101898.193359375,1.0117476037315987
PB20.13.13_Comb28Ch10,2166595.463641,2166595.458984375,1.4817707046372648
PB20.13.13_Comb28Ch11,2227859.501727,NaN,NaN
PB20.13.13_Comb28Ch12,2297592.167743,NaN,NaN
PB20.13.13_Comb28Ch13,2344589.238055,NaN,NaN
PB20.13.13_Comb28Ch14,2419891.362078,NaN,NaN
PB20.13.13_Comb28Ch15,2489089.970477,NaN,NaN
PB20.13.13_Comb28Ch16,2549057.011493,NaN,NaN
PB20.13.13_Comb28Ch17,2613906.865008,NaN,NaN
PB20.13.13_Comb28Ch18,2692947.392352,NaN,NaN
PB20.13.13_Comb28Ch19,2750625.615008,NaN,NaN
PB20.13.13_Comb28Ch20,2828979.496844,NaN,NaN
PB20.13.13_Comb28Ch21,2907943.730243,NaN,NaN
PB20.13.13_Comb28Ch22,2982559.208758,NaN,NaN
PB20.13.13_Comb28Ch23,3036117.558368,NaN,NaN
PB20.13.13_Comb28Ch24,3130340.580828,NaN,NaN
PB20.13.13_Comb28Ch25,3290863.041766,NaN,NaN
PB20.13.13_Comb28Ch26,3372955.326922,NaN,NaN
PB20.13.13_Comb28Ch27,3442764.286883,NaN,NaN
PB20.13.13_Comb28Ch28,3524703.984149,NaN,NaN
PB20.13.13_Comb28Ch29,3622283.940203,NaN,NaN
PB20.13.13_Comb28Ch30,3718948.368914,NaN,NaN
PB20.13.13_Comb28Ch31,3808746.342547,NaN,NaN
PB20.13.13_Comb28Ch32,3889923.10036,NaN,NaN
PB20.13.13_Comb28Ch33,3967514.042743,NaN,NaN
PB20.13.13_Comb28Ch34,4063873.295672,NaN,NaN
PB20.13.13_Comb28Ch35,4180145.268328,4180145.263671875,1.0949973235190225
PB20.13.13_Comb28Ch36,4268417.363055,4268417.3583984375,1.115698270732148
PB20.13.13_Comb28Ch37,4346008.305438,NaN,NaN
PB20.13.13_Comb28Ch38,4367980.961688,4367980.95703125,1.6538949741100413
PB20.13.15_Comb05Ch01,1639175.419696,1639175.4150390625,1.483269274621157
PB20.13.15_Comb05Ch02,1678466.801532,1678466.796875,1.463593422409165
PB20.13.15_Comb05Ch03,1729049.687274,1729049.6826171875,1.593134604754627
PB20.13.15_Comb05Ch04,1785507.206805,1785507.2021484375,1.4561819885624683
PB20.13.15_Comb05Ch05,1832199.101336,1832199.0966796875,1.5078259821422846
PB20.13.15_Comb05Ch06,1890792.851336,1890792.8466796875,1.6486392213504093
PB20.13.15_Comb05Ch07,1938018.803485,1938018.798828125,1.6171040930387992
PB20.13.15_Comb05Ch08,2002258.305438,2002258.30078125,1.61308129234188
PB20.13.15_Comb05Ch09,2116775.517352,2116775.5126953125,0.9297548241407206
PB20.13.15_Comb05Ch10,2171630.864032,2171630.859375,1.6127562363681767
PB20.13.15_Comb05Ch11,2231445.317157,2231445.3125,1.563137575440937
PB20.13.15_Comb05Ch12,2291336.064227,2291336.0595703125,1.6508040905167716
PB20.13.15_Comb05Ch13,2357864.384539,2357864.3798828125,1.5486670906332392
PB20.13.15_Comb05Ch14,2414703.373797,2414703.369140625,1.5116503336980363
PB20.13.15_Comb05Ch15,2473754.887469,2473754.8828125,1.5874268487171626
PB20.13.15_Comb05Ch16,2550659.184344,2550659.1796875,1.4742498216873507
PB20.13.15_Comb05Ch17,2766571.049578,2766571.044921875,0.9431253538468045
PB20.13.15_Comb05Ch18,2825851.445086,2825851.4404296875,1.4339238868737
PB20.13.15_Comb05Ch19,2967453.007586,2967453.0029296875,1.4847644608463662
PB20.13.15_Comb05Ch20,3038864.140399,3038864.1357421875,1.3753099781081257
PB20.13.15_Comb05Ch21,3124084.477313,3124084.47265625,1.3829173581265246
PB20.13.15_Comb05Ch22,3198699.955828,3198699.951171875,1.356854608073836
PB20.13.15_Comb05Ch23,3357009.892352,3357009.8876953125,1.2824989569061704
PB20.13.15_Comb05Ch24,3451461.796649,3451461.7919921875,1.6777852768911259
PB20.13.15_Comb05Ch25,3614044.19411,3614044.189453125,1.2946302548107165
PB20.13.15_Comb05Ch26,3791046.147235,3791046.142578125,1.5075723371145695
PB20.13.15_Comb05Ch27,3873748.783953,3873748.779296875,1.5121601121662276
PB20.13.15_Comb05Ch28,3972091.679461,3972091.6748046875,1.3853587146743815
PB20.13.15_Comb05Ch29,4067382.817157,4067382.8125,1.3201069281677293
PB20.13.15_Comb05Ch30,4247360.234149,4247360.2294921875,1.1848051825642336
PB20.13.15_Comb05Ch31,4358520.512469,4358520.5078125,1.7829696424605348
PB20.13.15_Comb05Ch32,4560317.997821,NaN,NaN
PB20.13.28_Comb07Ch01,1694793.705828,1694793.701171875,1.4322096536680053
PB20.13.28_Comb07Ch02,1753463.749774,1753463.7451171875,1.2856498667591378
PB20.13.28_Comb07Ch03,1782302.861102,1782302.8564453125,2.110708570705692
PB20.13.28_Comb07Ch04,1844787.602313,1844787.59765625,1.249974816183048
PB20.13.28_Comb07Ch05,1901321.415789,1901321.4111328125,1.4351163811535248
PB20.13.28_Comb07Ch06,1964187.626727,1964187.6220703125,1.628064930259413
PB20.13.28_Comb07Ch07,2014923.10036,NaN,NaN
PB20.13.28_Comb07Ch08,2070999.150164,2070999.1455078125,1.916900617846522
PB20.13.28_Comb07Ch09,2122726.445086,2122726.4404296875,1.5643368849135613
PB20.13.28_Comb07Ch10,2186126.713641,2186126.708984375,1.0125873934409
PB20.13.28_Comb07Ch11,2237396.244891,2237396.240234375,1.730406721030115
PB20.13.28_Comb07Ch12,2309341.435321,2309341.4306640625,1.5061871015331871
PB20.13.28_Comb07Ch13,2387695.317157,2387695.3125,2.391569923226708
PB20.13.28_Comb07Ch14,2437515.263446,2437515.2587890625,1.5071456047832241
PB20.13.28_Comb07Ch15,2499389.653094,2499389.6484375,1.4594877481503126
PB20.13.28_Comb07Ch16,2572479.252703,2572479.248046875,1.5916668669177416
PB20.13.28_Comb07Ch17,2656555.180438,2656555.17578125,1.6793411952441721
PB20.13.28_Comb07Ch18,2697830.204852,2697830.2001953125,1.8929217612468394
PB20.13.28_Comb07Ch19,2859954.838641,2859954.833984375,1.0570337756686077
PB20.13.28_Comb07Ch20,2928009.03786,2928009.033203125,1.6622852297730324
PB20.13.28_Comb07Ch21,2999801.640399,2999801.6357421875,1.6975484723698553
PB20.13.28_Comb07Ch22,3085174.565203,3085174.560546875,1.6825066270020006
PB20.13.28_Comb07Ch23,3151245.121844,3151245.1171875,1.8373411512380808
PB20.13.28_Comb07Ch24,3250656.132586,3250656.1279296875,1.5645876771679967
PB20.13.28_Comb07Ch25,3292694.096453,3292694.091796875,1.3622783567113859
PB20.13.28_Comb07Ch26,3394012.455828,3394012.451171875,1.5504570232554784
PB20.13.28_Comb07Ch27,3474273.686297,3474273.681640625,1.2642597800096829
PB20.13.28_Comb07Ch28,3581542.973407,3581542.96875,3.333814156249794
PB20.13.28_Comb07Ch29,3634567.265399,3634567.2607421875,2.0792774475997704
PB20.13.28_Comb07Ch30,3730468.754657,3730468.75,1.4470075949026446
PB20.13.28_Comb07Ch31,3839950.56618,3839950.5615234375,1.9089336001039354
PB20.13.28_Comb07Ch32,3953170.781024,3953170.7763671875,1.838752617971436
PB20.13.28_Comb07Ch33,4013900.761493,4013900.7568359375,2.088446475599693
PB20.13.28_Comb07Ch34,4128799.443133,4128799.4384765625,1.6551163978008696
PB20.13.28_Comb07Ch35,4188842.778094,4188842.7734375,1.4158165197738581
PB20.13.28_Comb07Ch36,4322814.946063,4322814.94140625,1.5803096812011088
PB20.13.28_Comb07Ch37,4403686.528094,4403686.5234375,1.3512805498756575
PB20.13.28_Comb07Ch38,4511795.048602,4511795.0439453125,2.2908301459898013
PB20.13.28_Comb03Ch01,1690368.657,1690368.65234375,2.208787401648725
PB20.13.28_Comb03Ch02,1731643.681414,1731643.6767578125,1.477051004894406
PB20.13.28_Comb03Ch03,1778869.633563,1778869.62890625,1.4230983092770193
PB20.13.28_Comb03Ch04,1839141.85036,1839141.845703125,1.3082875528356994
PB20.13.28_Comb03Ch05,1894683.842547,1894683.837890625,1.9784947627046128
PB20.13.28_Comb03Ch06,1950225.834735,1950225.830078125,1.5619638862778542
PB20.13.28_Comb03Ch07,1994781.498797,1994781.494140625,1.5820323973731802
PB20.13.28_Comb03Ch08,2067413.334735,2067413.330078125,1.6273982562726557
PB20.13.28_Comb03Ch09,2120513.920672,2120513.916015625,1.6904152736298492
PB20.13.28_Comb03Ch10,2190856.93825,2190856.93359375,1.060454941302009
PB20.13.28_Comb03Ch11,2231521.611102,2231521.6064453125,2.2804007374287356
PB20.13.28_Comb03Ch12,2298583.989032,2298583.984375,1.7103708098678074
PB20.13.28_Comb03Ch13,2361984.257586,2361984.2529296875,1.619897636766976
PB20.13.28_Comb03Ch14,2436065.678485,2436065.673828125,1.555064212987745
PB20.13.28_Comb03Ch15,2484970.09743,2484970.0927734375,1.7749125640413472
PB20.13.28_Comb03Ch16,2544708.25661,2544708.251953125,1.6928093973998783
PB20.13.28_Comb03Ch17,2632522.587664,2632522.5830078125,1.3152846262459754
PB20.13.28_Comb03Ch18,2686614.994891,2686614.990234375,1.7461445707121088
PB20.13.28_Comb03Ch19,2758560.185321,2758560.1806640625,1.8151938480165737
PB20.13.28_Comb03Ch20,2851791.386493,2851791.3818359375,1.0573588656205755
PB20.13.28_Comb03Ch21,2912826.542743,2912826.5380859375,2.5553904271967434
PB20.13.28_Comb03Ch22,2982406.620868,2982406.6162109375,1.8473027026608155
PB20.13.28_Comb03Ch23,3053970.341571,3053970.3369140625,1.6508678289983605
PB20.13.28_Comb03Ch24,3135223.393328,3135223.388671875,1.3139496614073614
PB20.13.28_Comb03Ch25,3216934.208758,3216934.2041015625,1.7146924087956692
PB20.13.28_Comb03Ch26,3286972.050555,3286972.0458984375,1.5802178448918207
PB20.13.28_Comb03Ch27,3363723.759539,3363723.7548828125,1.749504260172541
PB20.13.28_Comb03Ch28,3451004.032977,3451004.0283203125,1.4977773637639888
PB20.13.28_Comb03Ch29,3557434.086688,3557434.08203125,1.7690084421849919
PB20.13.28_Comb03Ch30,3621292.118914,3621292.1142578125,1.761636841159039
PB20.13.28_Comb03Ch31,3708190.922625,3708190.91796875,2.0588161377516556
PB20.13.28_Comb03Ch32,3812637.333758,3812637.3291015625,1.9256706177856637
PB20.13.28_Comb03Ch33,3897171.025164,3897171.0205078125,1.6435499013552266
PB20.13.28_Comb03Ch34,3978347.782977,3978347.7783203125,1.761052136777889
PB20.13.28_Comb03Ch35,4093322.758563,4093322.75390625,2.00015878831701
PB20.13.28_Comb03Ch36,4170913.700946,4170913.6962890625,1.357428753994744
PB20.13.28_Comb03Ch37,4281311.039813,4281311.03515625,1.7693553588573603
PB20.13.28_Comb03Ch38,4359283.451922,4359283.447265625,1.3858468421026118
PB20.13.12_Comb26Ch01,1605758.671649,1605758.6669921875,1.34608606979899
PB20.13.12_Comb26Ch02,1656951.908953,1656951.904296875,1.9722472209306392
PB20.13.12_Comb26Ch03,1694259.648211,1694259.6435546875,1.4739883365510158
PB20.13.12_Comb26Ch04,1751785.282977,1751785.2783203125,2.0331935528175573
PB20.13.12_Comb26Ch05,1810989.384539,1810989.3798828125,1.4899977805991753
PB20.13.12_Comb26Ch06,1856307.988055,1856307.9833984375,1.6767008055504442
PB20.13.12_Comb26Ch07,1961059.574969,1961059.5703125,1.617029172329195
PB20.13.12_Comb26Ch08,2015380.864032,2015380.859375,1.328194862619227
PB20.13.12_Comb26Ch09,2085723.88161,2085723.876953125,1.0825190781540388
PB20.13.12_Comb26Ch10,2133331.303485,2133331.298828125,1.4069941426103345
PB20.13.12_Comb26Ch11,2194213.871844,2194213.8671875,2.0684980359330303
PB20.13.12_Comb26Ch12,2312774.66286,2312774.658203125,2.00315530263718
PB20.13.12_Comb26Ch13,2374114.994891,2374114.990234375,1.5184428341065814
PB20.13.12_Comb26Ch14,2423934.94118,2423934.9365234375,1.6850277594725627
PB20.13.12_Comb26Ch15,2518920.903094,2518920.8984375,1.673063391497379
PB20.13.12_Comb26Ch16,2551269.535907,2551269.53125,1.687719548452613
PB20.13.12_Comb26Ch17,2621688.84743,2621688.8427734375,1.3031742379202402
PB20.13.12_Comb26Ch18,2719802.861102,2719802.8564453125,1.0578468668702823
PB20.13.12_Comb26Ch19,2787399.296649,2787399.2919921875,1.5334471620257513
PB20.13.12_Comb26Ch20,2829513.554461,2829513.5498046875,1.339058423750378
PB20.13.12_Comb26Ch21,2903366.093524,2903366.0888671875,1.7007855024260683
PB20.13.12_Comb26Ch22,3014984.135516,3014984.130859375,1.6409807003641415
PB20.13.12_Comb26Ch23,3079223.637469,3079223.6328125,1.709880229895843
PB20.13.12_Comb26Ch24,3143920.903094,3143920.8984375,1.9992384988199179
PB20.13.12_Comb26Ch25,3230972.294696,3230972.2900390625,1.4810784424565144
PB20.13.12_Comb26Ch26,3304672.245868,3304672.2412109375,1.9307343507144175
PB20.13.12_Comb26Ch27,3371810.917743,3371810.9130859375,1.6271241784239456
PB20.13.12_Comb26Ch28,3439865.116961,3439865.1123046875,1.6409647602779485
PB20.13.12_Comb26Ch29,3555908.207782,NaN,NaN
PB20.13.12_Comb26Ch30,3613433.842547,3613433.837890625,1.4112764392194819
PB20.13.12_Comb26Ch31,3704910.282977,3704910.2783203125,1.8722391136353873
PB20.13.12_Comb26Ch32,3775177.00661,3775177.001953125,1.4105764354447312
PB20.13.12_Comb26Ch33,3921966.557391,3921966.552734375,1.974130801509445
PB20.13.12_Comb26Ch34,3997116.093524,3997116.0888671875,1.713158595252734
PB20.13.12_Comb26Ch35,4108200.077899,4108200.0732421875,1.4080348291203701
PB20.13.12_Comb26Ch36,4197769.169696,4197769.1650390625,1.7540609721890892
PB20.13.12_Comb26Ch37,4244689.946063,4244689.94140625,1.3549916082764653
PB20.13.12_Comb26Ch38,4342575.077899,4342575.0732421875,1.5125565859692467
PB20.13.13_Comb09Ch01,1637649.540789,1637649.5361328125,1.2209762211380744
PB20.13.13_Comb09Ch02,1683273.320086,1683273.3154296875,1.3422020037361528
PB20.13.13_Comb09Ch03,1731567.387469,1731567.3828125,1.276484113496872
PB20.13.13_Comb09Ch04,1783218.388446,1783218.3837890625,1.284281071639525
PB20.13.13_Comb09Ch05,1825561.528094,1825561.5234375,1.3059638862546563
PB20.13.13_Comb09Ch06,1888351.445086,1888351.4404296875,1.5602320755525847
PB20.13.13_Comb09Ch07,1945419.31618,1945419.3115234375,1.4574115858948404
PB20.13.13_Comb09Ch08,1996154.789813,1996154.78515625,1.498202961435152
PB20.13.13_Comb09Ch09,2055816.655047,2055816.650390625,1.5126233708691925
PB20.13.13_Comb09Ch10,2106094.365008,2106094.3603515625,1.0764616476387991
PB20.13.13_Comb09Ch11,2168121.342547,2168121.337890625,1.5326326076044028
PB20.13.13_Comb09Ch12,2223968.510516,2223968.505859375,1.676928135834489
PB20.13.13_Comb09Ch13,2299041.752703,2299041.748046875,1.487146634232897
PB20.13.13_Comb09Ch14,2349700.932391,2349700.927734375,1.5290974685038528
PB20.13.13_Comb09Ch15,2421569.828875,2421569.82421875,1.3579538140711596
PB20.13.13_Comb09Ch16,2493133.549578,2493133.544921875,1.5034566508046514
PB20.13.13_Comb09Ch17,2546310.429461,2546310.4248046875,1.3346400261871623
PB20.13.13_Comb09Ch18,2619781.498797,2619781.494140625,1.5714617180590191
PB20.13.13_Comb09Ch19,2702331.547625,2702331.54296875,1.4870812374751556
PB20.13.13_Comb09Ch20,2753067.021258,2753067.0166015625,1.0870228887547286
PB20.13.13_Comb09Ch21,2824783.329852,NaN,NaN
PB20.13.13_Comb09Ch22,2911376.957782,2911376.953125,1.5513194245307345
PB20.13.13_Comb09Ch23,2982788.090594,2982788.0859375,1.539923278069121
PB20.13.13_Comb09Ch24,3130722.050555,3130722.0458984375,1.279602544013678
PB20.13.13_Comb09Ch25,3206558.232196,3206558.2275390625,1.2829448284788347
PB20.13.13_Comb09Ch26,3293228.154071,3293228.1494140625,1.2435526195188435
PB20.13.13_Comb09Ch27,3379135.136493,3379135.1318359375,1.3146195588378342
PB20.13.13_Comb09Ch28,3444290.165789,3444290.1611328125,1.6125401079524395
PB20.13.13_Comb09Ch29,3528671.269305,3528671.2646484375,1.5311304258402334
PB20.13.13_Comb09Ch30,3634033.207782,3634033.203125,1.184716918903304
PB20.13.13_Comb09Ch31,3718490.605243,3718490.6005859375,1.6255217673951947
PB20.13.13_Comb09Ch32,3807754.521258,3807754.5166015625,1.4919704406510366
PB20.13.13_Comb09Ch33,3894653.324969,3894653.3203125,1.431221706481503
PB20.13.13_Comb09Ch34,3964614.872821,3964614.8681640625,1.2409460209841106
PB20.13.13_Comb09Ch35,4075775.151141,4075775.146484375,1.1986160526175973
PB20.13.13_Comb09Ch36,4178543.095477,4178543.0908203125,1.1271545154820117
PB20.13.13_Comb09Ch37,4267959.599383,4267959.5947265625,1.1280227162449574
PB20.13.13_Comb09Ch38,4346389.775164,4346389.7705078125,1.661983609159848
PB20.13.13_Comb09Ch39,4370117.192157,4370117.1875,1.4115775968405118
PB20.13.13_Comb01Ch01,1690216.06911,1690216.064453125,1.345337194693981
PB20.13.13_Comb01Ch02,1742630.009539,1742630.0048828125,1.2410800502230535
PB20.13.13_Comb01Ch03,1781692.509539,1781692.5048828125,1.3038421171116836
PB20.13.13_Comb01Ch04,1833496.098407,1833496.09375,1.3037135413750818
PB20.13.13_Comb01Ch05,1891632.084735,1891632.080078125,1.337983799012578
PB20.13.13_Comb01Ch06,1954956.059344,1954956.0546875,1.6221839879353601
PB20.13.13_Comb01Ch07,2003936.772235,2003936.767578125,1.6303495105509627
PB20.13.13_Comb01Ch08,2060699.467547,2060699.462890625,1.7758872063972098
PB20.13.13_Comb01Ch09,2177963.261493,2177963.2568359375,1.0264993253127925
PB20.13.13_Comb01Ch10,2235870.365985,2235870.361328125,1.6885812305034382
PB20.13.13_Comb01Ch11,2303237.919696,2303237.9150390625,1.5862815265222934
PB20.13.13_Comb01Ch12,2368545.536883,NaN,NaN
PB20.13.13_Comb01Ch13,2430877.690203,2430877.685546875,1.6194447859449514
PB20.13.13_Comb01Ch14,2488021.855243,2488021.8505859375,1.469812488078346
PB20.13.13_Comb01Ch15,2571029.667743,2571029.6630859375,1.6799698451394514
PB20.13.13_Comb01Ch16,2638778.69118,2638778.6865234375,1.3178260644069322
PB20.13.13_Comb01Ch17,2691726.689227,2691726.6845703125,1.6460600707208368
PB20.13.13_Comb01Ch18,2781829.838641,2781829.833984375,1.595648523276157
PB20.13.13_Comb01Ch19,2843017.582782,2843017.578125,1.0908657980967995
PB20.13.13_Comb01Ch20,2916870.121844,2916870.1171875,1.4472341990298137
PB20.13.13_Comb01Ch21,2996292.118914,2996292.1142578125,1.6547656512730762
PB20.13.13_Comb01Ch22,3136901.860125,3136901.85546875,1.360647107910955
PB20.13.13_Comb01Ch23,3224792.485125,3224792.48046875,1.4407149723648243
PB20.13.13_Comb01Ch24,3474121.098407,3474121.09375,1.32519849794235
PB20.13.13_Comb01Ch25,3559188.84743,3559188.8427734375,1.7093491328849595
PB20.13.13_Comb01Ch26,3613204.960711,3613204.9560546875,1.6900863038599596
PB20.13.13_Comb01Ch27,3828582.768328,3828582.763671875,1.5965519462437392
PB20.13.13_Comb01Ch28,3933334.355243,3933334.3505859375,1.5933784097204682
PB20.13.13_Comb01Ch29,4007873.539813,4007873.53515625,1.6118323912092636
PB20.13.13_Comb01Ch30,4098587.040789,4098587.0361328125,1.2675802950648452
PB20.13.13_Comb01Ch31,4172668.461688,4172668.45703125,1.2275197292623494
PB20.13.13_Comb01Ch32,4307098.393328,4307098.388671875,1.2063106177131762
PB20.13.13_Comb01Ch33,4387130.741961,4387130.7373046875,1.0712632333636793
PB20.13.13_Comb01Ch34,4483032.231219,4483032.2265625,1.7899277737175991
PB20.13.13_Comb01Ch35,4493637.089618,4493637.0849609375,1.4309823524182796
PB20.13.11_Comb25Ch01,1790618.901141,1790618.896484375,1.226175469754884
PB20.13.11_Comb25Ch02,1854400.639422,1854400.634765625,1.2052427210219367
PB20.13.11_Comb25Ch03,1917953.495868,1917953.4912109375,1.181222783969907
PB20.13.11_Comb25Ch04,1990966.801532,1990966.796875,1.4110751259765968
PB20.13.11_Comb25Ch05,2036285.405047,2036285.400390625,1.4441400945638951
PB20.13.11_Comb25Ch06,2094345.09743,2094345.0927734375,1.4415560504973806
PB20.13.11_Comb25Ch07,2187805.180438,2187805.17578125,1.0096668544185916
PB20.13.11_Comb25Ch08,2257690.434344,2257690.4296875,1.4604490218233632
PB20.13.11_Comb25Ch09,2327880.864032,2327880.859375,1.4387830147798053
PB20.13.11_Comb25Ch10,2421112.065203,2421112.060546875,1.4015304870731742
PB20.13.11_Comb25Ch11,2443084.721453,2443084.716796875,1.4730484860350226
PB20.13.11_Comb25Ch12,2513351.445086,2513351.4404296875,1.215557780612489
PB20.13.11_Comb25Ch13,2575225.834735,2575225.830078125,1.5078702069472758
PB20.13.11_Comb25Ch14,2697982.792743,NaN,NaN
PB20.13.11_Comb25Ch15,2701721.196063,NaN,NaN
PB20.13.11_Comb25Ch16,2771301.274188,NaN,NaN
PB20.13.11_Comb25Ch17,2872390.751727,2872390.7470703125,1.014685417469437
PB20.13.11_Comb25Ch18,3014526.371844,3014526.3671875,1.5413296999628852
PB20.13.11_Comb25Ch19,3117294.31618,3117294.3115234375,1.4048153629789615
PB20.13.11_Comb25Ch20,3190765.385516,3190765.380859375,1.2280457529092859
PB20.13.11_Comb25Ch21,3279342.656024,3279342.6513671875,1.1398609424239743
PB20.13.11_Comb25Ch22,3300323.490985,3300323.486328125,1.249128776629111
PB20.13.11_Comb25Ch23,3412017.826922,3412017.822265625,1.2352431627619647
PB20.13.11_Comb25Ch24,3485565.190203,3485565.185546875,1.2488226456387754
PB20.13.11_Comb25Ch25,3633804.325946,3633804.3212890625,1.5000677106275797
PB20.13.11_Comb25Ch26,3667984.013446,3667984.0087890625,1.4864902613141469
PB20.13.11_Comb25Ch27,3734970.09743,3734970.0927734375,1.264831027788088
PB20.13.11_Comb25Ch28,3858261.113055,3858261.1083984375,1.6315354469304686
PB20.13.11_Comb25Ch29,3992614.75075,3992614.74609375,1.3973546568465827
PB20.13.11_Comb25Ch30,4030990.605243,4030990.6005859375,1.4060350596266251
PB20.13.11_Comb25Ch31,4177551.274188,4177551.26953125,1.0570286767662496
PB20.13.11_Comb25Ch32,4198150.639422,4198150.634765625,1.138545896504255
PB20.13.11_Comb25Ch33,4357681.279071,4357681.2744140625,1.1163486569065109
PB20.13.11_Comb25Ch34,4562606.81618,4562606.8115234375,1.2963523454348553
PB20.13.13_Comb21Ch01,1707992.558368,1707992.5537109375,1.290421155184174
PB20.13.13_Comb21Ch02,1771698.002703,1771697.998046875,1.2295375972954998
PB20.13.13_Comb21Ch03,1791076.664813,1791076.66015625,1.2860151779313878
PB20.13.13_Comb21Ch04,1853103.642352,1853103.6376953125,1.2907361952715766
PB20.13.13_Comb21Ch05,1914596.562274,1914596.5576171875,1.2981540513695846
PB20.13.13_Comb21Ch06,1978149.418719,1978149.4140625,1.525172469346242
PB20.13.13_Comb21Ch07,2032470.707782,2032470.703125,1.7929802891187543
PB20.13.13_Comb21Ch08,2085418.705828,2085418.701171875,1.7603854720048961
PB20.13.13_Comb21Ch09,2192611.698993,2192611.6943359375,1.0079129145624826
PB20.13.13_Comb21Ch10,2246856.69411,2246856.689453125,1.6352079159517054
PB20.13.13_Comb21Ch11,2412414.555438,2412414.55078125,1.5656086380698588
PB20.13.13_Comb21Ch12,2446746.830828,2446746.826171875,1.5202855811840426
PB20.13.13_Comb21Ch13,2517852.78786,2517852.783203125,1.3814887073466273
PB20.13.13_Comb21Ch14,2572784.428485,2572784.423828125,1.6481208919379617
PB20.13.13_Comb21Ch15,2685317.997821,NaN,NaN
PB20.13.13_Comb21Ch16,2706451.420672,2706451.416015625,1.8920622129631028
PB20.13.13_Comb21Ch17,2773132.328875,2773132.32421875,1.5109409023940008
PB20.13.13_Comb21Ch18,2866592.411883,2866592.4072265625,1.0550311153336984
PB20.13.13_Comb21Ch19,2952957.157977,2952957.1533203125,1.3334797475034261
PB20.13.13_Comb21Ch20,3010330.204852,3010330.2001953125,1.6157248281503653
PB20.13.13_Comb21Ch21,3177642.826922,3177642.822265625,1.3632889207756984
PB20.13.13_Comb21Ch22,3274383.549578,3274383.544921875,1.3804597249474018
PB20.13.13_Comb21Ch23,3402023.320086,3402023.3154296875,1.3586904344962532
PB20.13.13_Comb21Ch24,3476181.03493,3476181.0302734375,1.2359012359333534
PB20.13.13_Comb21Ch25,3615493.779071,3615493.7744140625,1.7472935711732522
PB20.13.13_Comb21Ch26,3663101.200946,3663101.1962890625,1.7404630505532024
PB20.13.13_Comb21Ch27,3727645.87868,3727645.8740234375,1.317074874096961
PB20.13.13_Comb21Ch28,3850021.366961,3850021.3623046875,1.6220510520990354
PB20.13.13_Comb21Ch29,3972930.91286,3972930.908203125,1.5600434152318141
PB20.13.13_Comb21Ch30,4023208.622821,4023208.6181640625,1.7308828881072122
PB20.13.13_Comb21Ch31,4159164.433368,4159164.4287109375,1.3276167545018218
PB20.13.13_Comb21Ch32,4196319.584735,4196319.580078125,1.2103942620705777
PB20.13.13_Comb21Ch33,4343109.135516,4343109.130859375,1.2654996147245419
PB20.13.13_Comb21Ch34,4425201.420672,NaN,NaN
PB20.13.13_Comb21Ch35,4529113.774188,4529113.76953125,1.6305224435628827
PB20.13.13_Comb21Ch36,4536437.992938,4536437.98828125,1.3957770320500367
PB20.13.13_Comb25Ch01,1705551.152118,1705551.1474609375,1.4786360116585449
PB20.13.13_Comb25Ch02,1961669.926532,1961669.921875,1.5884797269288162
PB20.13.13_Comb25Ch03,2311172.490008,2311172.4853515625,1.6253895368442177
PB20.13.13_Comb25Ch04,2556076.054461,2556076.0498046875,1.6231628942306455
PB20.13.13_Comb25Ch05,2932357.792743,2932357.7880859375,1.6243262935894278
PB20.13.13_Comb25Ch06,3073196.415789,3073196.4111328125,1.663413890810892
PB20.13.13_Comb25Ch07,3391189.579852,3391189.5751953125,1.6916978229922524
PB20.13.13_Comb25Ch08,3925628.666766,3925628.662109375,1.5632785058374141
PB20.13.13_Comb25Ch09,4313507.084735,4313507.080078125,1.7014245621855395
PB20.13.28_Comb01Ch01,1697845.463641,1697845.458984375,1.483151202601767
PB20.13.28_Comb01Ch02,1778335.575946,1778335.5712890625,1.4689543702074617
PB20.13.28_Comb01Ch03,1789550.785907,1789550.78125,2.4725972002161667
PB20.13.28_Comb01Ch04,1857299.809344,1857299.8046875,1.3943386015651622
PB20.13.28_Comb01Ch05,1911926.274188,1911926.26953125,1.5093294886788926
PB20.13.28_Comb01Ch06,1979827.885516,1979827.880859375,1.8640522943974611
PB20.13.28_Comb01Ch07,2087554.936297,2087554.931640625,1.9067024736444724
PB20.13.28_Comb01Ch08,2123489.384539,2123489.3798828125,1.7073478142237657
PB20.13.28_Comb01Ch09,2183456.425555,2183456.4208984375,1.096007827978267
PB20.13.28_Comb01Ch10,2233047.490008,2233047.4853515625,1.8409353149401189
PB20.13.28_Comb01Ch11,2313690.190203,2313690.185546875,1.7241665634892347
PB20.13.28_Comb01Ch12,2438507.084735,2438507.080078125,1.6917227184308643
PB20.13.28_Comb01Ch13,2526855.473407,2526855.46875,1.5298994645688235
PB20.13.28_Comb01Ch14,2581100.468524,2581100.4638671875,1.8962427760788803
PB20.13.28_Comb01Ch15,2694091.801532,2694091.796875,1.688220335864152
PB20.13.28_Comb01Ch16,2707672.123797,2707672.119140625,2.0599960363080108
PB20.13.28_Comb01Ch17,2777252.201922,2777252.197265625,1.7827449817258745
PB20.13.28_Comb01Ch18,2868881.230243,2868881.2255859375,1.1344674864191813
PB20.13.28_Comb01Ch19,2942428.593524,2942428.5888671875,1.6937344264566445
PB20.13.28_Comb01Ch20,2997970.585711,2997970.5810546875,1.9992569862715837
PB20.13.28_Comb01Ch21,3112869.267352,3112869.2626953125,2.071259063825671
PB20.13.28_Comb01Ch22,3175354.008563,3175354.00390625,1.734304954587472
PB20.13.28_Comb01Ch23,3295211.796649,3295211.7919921875,1.2693414817301143
PB20.13.28_Comb01Ch24,3303680.424578,3303680.419921875,1.5603698071942416
PB20.13.28_Comb01Ch25,3396987.919696,3396987.9150390625,1.6473477582476939
PB20.13.28_Comb01Ch26,3484649.66286,3484649.658203125,1.4700652762108377
PB20.13.28_Comb01Ch27,3732376.103289,3732376.0986328125,1.4416952928954192
PB20.13.28_Comb01Ch28,3841705.326922,3841705.322265625,2.1145414763638914
PB20.13.28_Comb01Ch29,4001998.906024,4001998.9013671875,2.5106422469781315
PB20.13.28_Comb01Ch30,4042968.754657,4042968.75,2.0416418240778347
PB20.13.28_Comb01Ch31,4183578.495868,4183578.4912109375,1.8032420325006489
PB20.13.28_Comb01Ch32,4203643.803485,4203643.798828125,1.3769326222901745
PB20.13.28_Comb01Ch33,4339447.026141,4339447.021484375,1.8377918690147974
PB20.13.28_Comb01Ch34,4442825.322039,4442825.3173828125,1.6946857439469594
PB20.13.28_Comb01Ch35,4574890.141375,4574890.13671875,2.102002242419746
PB20.13.12_Comb20Ch01,1726379.399188,1726379.39453125,1.2921082941348812
PB20.13.12_Comb20Ch02,1780700.68825,1780700.68359375,1.8383211528162156
PB20.13.12_Comb20Ch03,1836547.856219,1836547.8515625,1.3221602104681218
PB20.13.12_Comb20Ch04,1879959.111102,1879959.1064453125,1.4836857603588294
PB20.13.12_Comb20Ch05,1937332.157977,1937332.1533203125,1.6232702967894321
PB20.13.12_Comb20Ch06,1993637.089618,1993637.0849609375,1.5815786349444625
PB20.13.12_Comb20Ch07,2053298.954852,2053298.9501953125,1.5724883119105446
PB20.13.12_Comb20Ch08,2104873.661883,2104873.6572265625,3.708918788171185
PB20.13.12_Comb20Ch09,2167129.521258,2167129.5166015625,1.0726865693715877
PB20.13.12_Comb20Ch10,2228469.853289,2228469.8486328125,1.9351056700857279
PB20.13.12_Comb20Ch11,2356109.623797,2356109.619140625,2.8997959461122553
PB20.13.12_Comb20Ch12,2415313.72536,2415313.720703125,1.5870084474593118
PB20.13.12_Comb20Ch13,2488021.855243,2488021.8505859375,1.5474032362468613
PB20.13.12_Comb20Ch14,2548751.835711,2548751.8310546875,1.6800054299537297
PB20.13.12_Comb20Ch15,2620239.262469,2620239.2578125,1.3514094508335708
PB20.13.12_Comb20Ch16,2705459.599383,2705459.5947265625,1.620479143691988
PB20.13.12_Comb20Ch17,2844238.285907,2844238.28125,1.1587073587303094
PB20.13.12_Comb20Ch18,3043975.834735,3043975.830078125,1.7135730552262292
PB20.13.12_Comb20Ch19,3215255.741961,3215255.7373046875,1.49349024709319
PB20.13.12_Comb20Ch20,3304443.364032,3304443.359375,1.3165798736245313
PB20.13.12_Comb20Ch21,3361053.471453,3361053.466796875,1.6720769413882477
PB20.13.12_Comb20Ch22,3458328.251727,3458328.2470703125,1.3506817807466105
PB20.13.12_Comb20Ch23,3538131.718524,3538131.7138671875,2.867604328960084
PB20.13.12_Comb20Ch24,3624801.640399,3624801.6357421875,1.7260153751515501
PB20.13.12_Comb20Ch25,3705291.752703,3705291.748046875,1.5523593651495744
PB20.13.12_Comb20Ch26,3793258.671649,3793258.6669921875,2.887367667748867
PB20.13.12_Comb20Ch27,3890151.982196,3890151.9775390625,1.724273416082037
PB20.13.12_Comb20Ch28,3991012.577899,3991012.5732421875,1.697942492255168
PB20.13.12_Comb20Ch29,4075317.387469,4075317.3828125,1.5407337845077318
PB20.13.12_Comb20Ch30,4187622.074969,4187622.0703125,1.4090038503857862
PB20.13.12_Comb20Ch31,4274978.642352,4274978.6376953125,1.4429827787068024
PB20.13.12_Comb20Ch32,4356994.633563,4356994.62890625,1.3809367967414314
PB20.13.12_Comb20Ch33,4488449.101336,4488449.0966796875,1.9762873136603751
