Name,Nominal Frequency,Actual Frequency,Resistance
PB20.13.28_Comb21Ch25,3085250.859149,3085250.8544921875,0.18589236769672965
PB20.13.28_Comb28Ch25,3257675.175555,3257675.1708984375,0.25144371175248487
PB20.13.11_Comb11Ch25,3185348.515399,3185348.5107421875,0.24306039766412058
PB20.13.11_Comb28Ch25,3976821.904071,3976821.8994140625,0.2544189811218298
PB20.13.15_Comb22Ch25,3226928.715594,3226928.7109375,0.37370950358234106
PB20.13.28_Comb05Ch25,3244476.323016,3244476.318359375,0.24562702023424907
PB20.13.12_Comb12Ch25,3144836.430438,3144836.42578125,0.3096095951056155
PB20.13.15_Comb24Ch25,4003829.960711,4003829.9560546875,0.1729456102976911
PB20.13.31_Comb08Ch25,3232498.173602,3232498.1689453125,0.3362368050956531
PB20.13.15_Comb30Ch25,3424835.209735,3424835.205078125,0.3873249338137592
PB20.13.12_Comb21Ch25,3541870.121844,3541870.1171875,0.5540085511794204
PB20.13.11_Comb15Ch25,3295745.854266,3295745.849609375,0.1967131924806825
PB20.13.15_Comb13Ch25,3280029.301532,3280029.296875,0.14012046697596273
PB20.13.13_Comb07Ch25,3473205.571063,3473205.56640625,0.40598376230335015
PB20.13.28_Comb17Ch25,3203277.592547,3203277.587890625,0.11854859961636019
PB20.13.28_Comb29Ch25,3983993.53493,3983993.5302734375,0.19765275959504122
PB20.13.12_Comb29Ch25,3131484.990008,3131484.9853515625,0.20214577964375985
PB20.13.31_Comb09Ch25,3304519.657977,3304519.6533203125,0.27521854442508636
PB20.13.13_Comb24Ch25,3288345.341571,3288345.3369140625,0.17029468011262705
PB20.13.31_Comb17Ch25,3270950.322039,3270950.3173828125,0.13774281677930506
PB20.13.13_Comb05Ch25,3146743.779071,3146743.7744140625,0.3330787305158052
PB20.13.10_Comb16Ch25,3567047.123797,3567047.119140625,0.5763537265142253
PB20.13.10_Comb24Ch25,3082504.277118,3082504.2724609375,0.5722793325748085
PB20.13.12_Comb23Ch25,3205108.647235,3205108.642578125,0.3696719465804442
PB20.13.11_Comb16Ch25,3208999.638446,3208999.6337890625,0.15578464996324937
PB20.13.10_Comb28Ch25,3130035.405047,3130035.400390625,0.18613579622854565
PB20.13.10_Comb26Ch25,3104324.345477,3104324.3408203125,0.3353308717027081
PB20.13.15_Comb21Ch25,3203048.710711,3203048.7060546875,0.33222966335031473
PB20.13.28_Comb23Ch25,3115158.085711,3115158.0810546875,0.4175739039143579
PB20.13.28_Comb04Ch25,3614425.663836,3614425.6591796875,0.5584985652924724
PB20.13.15_Comb26Ch25,3293304.448016,3293304.443359375,0.1977034187911227
PB20.13.15_Comb10Ch25,3127746.586688,3127746.58203125,0.2316617222087988
PB20.13.31_Comb15Ch25,3063278.202899,3063278.1982421875,0.4630425642676018
PB20.13.31_Comb12Ch25,3198165.898211,3198165.8935546875,0.27164405907338873
PB20.13.13_Comb03Ch25,3188629.155047,3188629.150390625,0.35556288432155475
PB20.13.10_Comb01Ch25,3126678.471453,3126678.466796875,0.3237370437435472
PB20.13.12_Comb09Ch25,3136062.626727,3136062.6220703125,0.2812359164501415
PB20.13.31_Comb21Ch25,3270721.440203,3270721.435546875,0.1695757356870066
PB20.13.11_Comb13Ch25,3161010.746844,3161010.7421875,0.19104010853056824
PB20.13.15_Comb04Ch25,3131256.108172,3131256.103515625,0.3110195430087936
PB20.13.28_Comb24Ch25,3179092.411883,3179092.4072265625,0.18527714329884987
PB20.13.31_Comb19Ch25,3412475.590594,3412475.5859375,0.34349183203763595
PB20.13.31_Comb03Ch25,3388290.40993,3388290.4052734375,0.2377878269665176
PB20.13.31_Comb06Ch25,3229370.121844,3229370.1171875,0.34662610666052274
PB20.13.31_Comb28Ch25,3214340.214618,3214340.2099609375,0.19223786015760927
PB20.13.12_Comb01Ch25,3822708.134539,3822708.1298828125,0.3372008826513479
PB20.13.11_Comb03Ch25,3235015.873797,3235015.869140625,0.33956220787208
PB20.13.10_Comb02Ch25,3210830.693133,3210830.6884765625,0.1381687646061087
PB20.13.10_Comb17Ch25,3381195.073016,3381195.068359375,0.2905234823140905
PB20.13.13_Comb02Ch25,3295669.560321,3295669.5556640625,0.26745900856986765
PB20.13.13_Comb19Ch25,3652954.106219,3652954.1015625,0.26183638349498817
PB20.13.13_Comb06Ch25,3188323.979266,3188323.974609375,0.3536364141661267
PB20.13.28_Comb26Ch25,3352508.549578,3352508.544921875,0.21420078044467727
PB20.13.12_Comb08Ch25,3134078.984149,3134078.9794921875,0.20901349889372428
PB20.13.11_Comb17Ch25,3279953.007586,3279953.0029296875,0.29327526687717737
PB20.13.15_Comb14Ch25,3348236.088641,3348236.083984375,0.27631332795577646
PB20.13.10_Comb19Ch25,3123550.419696,3123550.4150390625,0.2667048596773631
PB20.13.15_Comb23Ch25,3216018.681414,3216018.6767578125,0.5041659051595222
PB20.13.12_Comb02Ch25,3457641.606219,3457641.6015625,2.206325902044799
PB20.13.15_Comb11Ch25,3303222.660907,3303222.65625,0.4467933787108229
PB20.13.28_Comb06Ch25,3475189.213641,3475189.208984375,0.5823119029096143
PB20.13.12_Comb25Ch25,3295364.384539,3295364.3798828125,0.5098438764476324
PB20.13.13_Comb23Ch25,3382110.60036,3382110.595703125,0.354472296450797
PB20.13.11_Comb08Ch25,3507385.258563,3507385.25390625,0.5354301259015181
PB20.13.31_Comb29Ch25,3909225.468524,3909225.4638671875,0.5481846224742295
PB20.13.13_Comb30Ch25,3823776.249774,3823776.2451171875,0.3392363894700691
PB20.13.28_Comb18Ch25,3265533.451922,3265533.447265625,0.23509601745699585
PB20.13.31_Comb11Ch25,3992843.632586,3992843.6279296875,0.24843649461030953
PB20.13.12_Comb03Ch25,3147201.542743,3147201.5380859375,0.20331321855541615
PB20.13.12_Comb05Ch25,3491821.293719,3491821.2890625,0.4071723135587134
PB20.13.10_Comb07Ch25,3121337.895282,3121337.890625,0.21071403725048066
PB20.13.13_Comb29Ch25,3464965.824969,3464965.8203125,0.3287789933152016
PB20.13.13_Comb27Ch25,3241424.565203,3241424.560546875,0.29539723195969336
PB20.13.13_Comb17Ch25,3216934.208758,3216934.2041015625,0.14304851815838437
PB20.13.13_Comb26Ch25,3286209.111102,3286209.1064453125,0.2032407538523178
PB20.13.12_Comb28Ch25,3343048.10036,3343048.095703125,0.17539313640919665
PB20.13.28_Comb22Ch25,3314971.928485,3314971.923828125,0.3386105509181608
PB20.13.31_Comb13Ch25,3336486.821063,3336486.81640625,0.35073306478904975
PB20.13.13_Comb12Ch25,3292770.390399,3292770.3857421875,0.2141536754625274
PB20.13.11_Comb18Ch25,3174819.950946,3174819.9462890625,0.1792893483549887
PB20.13.12_Comb07Ch25,3506317.143328,3506317.138671875,0.5289994347493276
PB20.13.31_Comb20Ch25,3187332.157977,3187332.1533203125,0.286218683983123
PB20.13.11_Comb20Ch25,3485641.484149,3485641.4794921875,0.44887334807938956
PB20.13.31_Comb01Ch25,3904266.362078,3904266.357421875,0.2829184182153126
PB20.13.10_Comb25Ch25,3239822.392352,3239822.3876953125,0.09237475922754942
PB20.13.15_Comb25Ch25,3216094.97536,3216094.970703125,0.2892269302504212
PB20.13.28_Comb10Ch25,3394393.925555,3394393.9208984375,0.24019084171869265
PB20.13.15_Comb12Ch25,3122787.480243,3122787.4755859375,0.18894121219731008
PB20.13.12_Comb15Ch25,3083419.804461,3083419.7998046875,0.2549898740888764
PB20.13.28_Comb12Ch25,3470230.107196,3470230.1025390625,0.52537131295125
PB20.13.31_Comb18Ch25,3282852.177508,3282852.1728515625,0.3625353546862872
PB20.13.13_Comb28Ch25,3290863.041766,3290863.037109375,0.1792885722584629
PB20.13.15_Comb28Ch25,3190078.740008,3190078.7353515625,0.21696565048737868
PB20.13.12_Comb11Ch25,3535385.136493,3535385.1318359375,1.525472009183662
PB20.13.11_Comb23Ch25,3360900.883563,3360900.87890625,0.4039514478723203
PB20.13.28_Comb20Ch25,3612442.021258,3612442.0166015625,2.3396304981578933
PB20.13.15_Comb29Ch25,3163528.447039,3163528.4423828125,0.1542087964922815
PB20.13.12_Comb10Ch25,3258819.584735,3258819.580078125,0.28256069898713454
PB20.13.15_Comb05Ch25,3614044.19411,3614044.189453125,0.021171329125316943
PB20.13.15_Comb01Ch25,3268280.033953,3268280.029296875,0.5511059640692568
PB20.13.31_Comb22Ch25,3426589.970477,3426589.9658203125,1.2449212610768563
PB20.13.28_Comb07Ch25,3292694.096453,3292694.091796875,0.24007677039949643
PB20.13.28_Comb03Ch25,3216934.208758,3216934.2041015625,0.18951063647466973
PB20.13.12_Comb18Ch25,3219299.321063,3219299.31640625,0.1858840290094495
PB20.13.31_Comb05Ch25,3607330.326922,3607330.322265625,0.42796456659900345
PB20.13.12_Comb24Ch25,3215484.623797,3215484.619140625,0.2938872466366273
PB20.13.31_Comb25Ch25,3232727.055438,3232727.05078125,0.18954658506208996
PB20.13.12_Comb26Ch25,3230972.294696,3230972.2900390625,0.34175670541458275
PB20.13.11_Comb07Ch25,3112411.50368,3112411.4990234375,0.5614201862014149
PB20.13.11_Comb21Ch25,3104476.933368,3104476.9287109375,0.8830450115658449
PB20.13.12_Comb04Ch25,3118820.195086,3118820.1904296875,0.21135133927293417
PB20.13.31_Comb24Ch25,3150329.5945,3150329.58984375,0.21310396530902528
PB20.13.10_Comb14Ch25,3134384.15993,3134384.1552734375,0.24960898311539279
PB20.13.10_Comb09Ch25,3220214.848407,3220214.84375,0.4161873592319261
PB20.13.28_Comb14Ch25,3552627.568133,3552627.5634765625,0.5663088681825887
PB20.13.13_Comb09Ch25,3206558.232196,3206558.2275390625,0.21896648057217605
PB20.13.13_Comb01Ch25,3559188.84743,3559188.8427734375,0.3046534957239613
PB20.13.10_Comb05Ch25,3087844.853289,3087844.8486328125,0.2726932386391457
PB20.13.11_Comb02Ch25,3390045.170672,3390045.166015625,0.2177398424582918
PB20.13.11_Comb05Ch25,3911514.286883,3911514.2822265625,1.296750995859704
PB20.13.28_Comb25Ch25,3561096.196063,3561096.19140625,0.6720548252423079
PB20.13.10_Comb30Ch25,3416290.28786,3416290.283203125,0.5771375721042977
PB20.13.10_Comb06Ch25,3304214.482196,3304214.4775390625,0.15336574298634795
PB20.13.13_Comb08Ch25,3197250.370868,3197250.3662109375,0.15688893263541948
PB20.13.13_Comb13Ch25,3334579.47243,3334579.4677734375,0.810851423497583
PB20.13.10_Comb23Ch25,3136215.214618,3136215.2099609375,0.2091443404463638
PB20.13.11_Comb09Ch25,3374481.205828,3374481.201171875,0.4565704714110096
PB20.13.12_Comb16Ch25,3294219.97536,3294219.970703125,0.22258381069690597
PB20.13.15_Comb17Ch25,3145294.19411,3145294.189453125,0.2345712177418097
PB20.13.11_Comb25Ch25,3633804.325946,3633804.3212890625,0.2544041046059203
PB20.13.13_Comb18Ch25,3476715.092547,3476715.087890625,0.7684866063850049
PB20.13.13_Comb21Ch25,3615493.779071,3615493.7744140625,0.848021704926562
PB20.13.31_Comb10Ch25,3197326.664813,3197326.66015625,0.7977802962336925
PB20.13.13_Comb10Ch25,3913192.75368,3913192.7490234375,0.2642883970247541
PB20.13.12_Comb06Ch25,3282928.471453,3282928.466796875,0.20284763950799745
PB20.13.31_Comb30Ch25,4391250.615008,4391250.6103515625,0.5099836589694076
PB20.13.28_Comb11Ch25,3824157.7195,3824157.71484375,0.7356666568478963
PB20.13.10_Comb04Ch25,3277435.307391,3277435.302734375,0.33504125168347665
PB20.13.12_Comb17Ch25,3166961.674578,3166961.669921875,0.22893956316343278
PB20.13.28_Comb16Ch25,3353347.782977,3353347.7783203125,0.41475487923725074
PB20.13.31_Comb16Ch25,3844909.672625,3844909.66796875,0.3864524650130848
PB20.13.11_Comb14Ch25,3128051.762469,3128051.7578125,0.18761528432073007
PB20.13.11_Comb19Ch25,3283309.94118,3283309.9365234375,0.2664712176007863
PB20.13.28_Comb01Ch25,3396987.919696,3396987.9150390625,0.1560462806360134
PB20.13.10_Comb10Ch25,3519744.877703,3519744.873046875,0.4345201610004156
PB20.13.15_Comb18Ch25,3186569.218524,3186569.2138671875,0.22066577056383468
PB20.13.10_Comb27Ch25,3275604.252703,3275604.248046875,0.21758238817742603
PB20.13.15_Comb16Ch25,3364105.229266,3364105.224609375,23.119703360467796
PB20.13.10_Comb29Ch25,3145294.19411,3145294.189453125,0.1681505155964253
PB20.13.12_Comb20Ch25,3705291.752703,3705291.748046875,0.23765232330680175
