Name,Nominal Frequency,Actual Frequency,Resistance
PB20.13.28_Comb21Ch02,1660385.136493,1660385.1318359375,0.17535032285325003
PB20.13.28_Comb28Ch02,1720657.353289,1720657.3486328125,0.27285150261763685
PB20.13.15_Comb06Ch02,2143630.986102,2143630.9814453125,9.806239914170204
PB20.13.11_Comb11Ch02,1687316.899188,1687316.89453125,0.2802519752002848
PB20.13.11_Comb28Ch02,1723403.935321,1723403.9306640625,0.2824936796512068
PB20.13.15_Comb22Ch02,1693878.178485,1693878.173828125,0.32681728580280306
PB20.13.12_Comb12Ch02,1687622.074969,1687622.0703125,0.2599758819219166
PB20.13.15_Comb24Ch02,1723098.759539,1723098.7548828125,0.22803607531030434
PB20.13.31_Comb08Ch02,1703186.039813,1703186.03515625,0.264575880290396
PB20.13.15_Comb30Ch02,1711654.667743,1711654.6630859375,0.3387634279127456
PB20.13.12_Comb21Ch02,1767425.541766,1767425.537109375,0.3359272157596114
PB20.13.15_Comb08Ch02,1734390.263446,1734390.2587890625,0.1166823866780242
PB20.13.11_Comb15Ch02,1698455.815203,1698455.810546875,0.1306644285108995
PB20.13.13_Comb07Ch02,1690444.950946,1690444.9462890625,0.1402227583298937
PB20.13.28_Comb17Ch02,1683502.201922,1683502.197265625,0.1677643911308791
PB20.13.28_Comb29Ch02,1718368.53493,1718368.5302734375,0.25923467914089465
PB20.13.12_Comb29Ch02,1651992.802508,1651992.7978515625,0.17019681078661428
PB20.13.31_Comb09Ch02,1742019.657977,1742019.6533203125,0.20206458397115537
PB20.13.13_Comb24Ch02,1686630.25368,1686630.2490234375,0.17900218183718314
PB20.13.31_Comb17Ch02,1708297.734149,1708297.7294921875,0.1545521537524996
PB20.13.10_Comb16Ch02,1711883.549578,1711883.544921875,0.26628735882452564
PB20.13.10_Comb24Ch02,1657562.260516,1657562.255859375,0.6270107242171655
PB20.13.12_Comb23Ch02,1635437.016375,1635437.01171875,0.2317026353193709
PB20.13.11_Comb16Ch02,1674423.22243,1674423.2177734375,0.12432796128343061
PB20.13.10_Comb28Ch02,1671905.522235,1671905.517578125,0.17668170388495874
PB20.13.10_Comb26Ch02,1672286.991961,1672286.9873046875,0.26402947394058907
PB20.13.15_Comb21Ch02,1716766.362078,1716766.357421875,0.3066722433746625
PB20.13.28_Comb23Ch02,1683578.495868,1683578.4912109375,0.287286216995595
PB20.13.28_Comb04Ch02,1759872.44118,1759872.4365234375,0.18552300009151926
PB20.13.15_Comb26Ch02,1732711.796649,1732711.7919921875,0.19822936720942735
PB20.13.15_Comb10Ch02,1647872.929461,1647872.9248046875,0.2727817899020285
PB20.13.31_Comb15Ch02,1645126.34743,1645126.3427734375,0.5162646680839132
PB20.13.31_Comb12Ch02,1690139.775164,1690139.7705078125,0.16763490409826354
PB20.13.13_Comb03Ch02,1752243.046649,1752243.0419921875,0.32813795818666575
PB20.13.10_Comb01Ch02,1680831.913836,1680831.9091796875,0.27097205096794047
PB20.13.12_Comb09Ch02,1688766.484149,1688766.4794921875,0.2075656420638099
PB20.13.31_Comb21Ch02,1675720.2195,1675720.21484375,0.12638755533205556
PB20.13.11_Comb13Ch02,1699523.930438,1699523.92578125,0.15564955681399886
PB20.13.15_Comb04Ch02,1641540.532,1641540.52734375,0.2827319574987431
PB20.13.28_Comb24Ch02,1673812.870868,1673812.8662109375,0.1736619697717121
PB20.13.12_Comb27Ch02,1693649.296649,1693649.2919921875,0.19338064096770527
PB20.13.31_Comb19Ch02,1656112.675555,1656112.6708984375,0.2307030845410961
PB20.13.31_Comb03Ch02,1747970.585711,1747970.5810546875,0.16418044968696185
PB20.13.31_Comb06Ch02,1728973.393328,1728973.388671875,0.2779344102129738
PB20.13.31_Comb28Ch02,1711883.549578,1711883.544921875,0.1708635316394388
PB20.13.12_Comb01Ch02,1785278.324969,1785278.3203125,0.13578296861704234
PB20.13.11_Comb03Ch02,1656646.733172,1656646.728515625,0.3863904147331309
PB20.13.11_Comb06Ch02,1775436.406024,1775436.4013671875,0.21143971232271982
PB20.13.10_Comb02Ch02,1731948.857196,1731948.8525390625,0.16279742621245705
PB20.13.10_Comb17Ch02,1751098.637469,1751098.6328125,0.21828914981782258
PB20.13.13_Comb02Ch02,1683349.614032,1683349.609375,0.37522446170134627
PB20.13.13_Comb19Ch02,1747741.703875,1747741.69921875,0.14194878890555968
PB20.13.13_Comb06Ch02,1715087.895282,1715087.890625,0.3284261859655033
PB20.13.28_Comb26Ch02,1676330.571063,1676330.56640625,0.174928791666386
PB20.13.12_Comb08Ch02,1682052.616961,1682052.6123046875,0.14438460869204456
PB20.13.11_Comb17Ch02,1682434.086688,1682434.08203125,0.21692698476835576
PB20.13.15_Comb14Ch02,1728820.805438,1728820.80078125,0.22373187715432838
PB20.13.10_Comb19Ch02,1676712.040789,1676712.0361328125,0.2983188699251227
PB20.13.15_Comb23Ch02,1679534.916766,1679534.912109375,0.6715985119241625
PB20.13.12_Comb02Ch02,1682510.380633,1682510.3759765625,0.7197743485124366
PB20.13.15_Comb11Ch02,1747512.822039,1747512.8173828125,0.37396532262292853
PB20.13.28_Comb06Ch02,1696243.290789,1696243.2861328125,0.27434814352263936
PB20.13.12_Comb25Ch02,1641769.413836,1641769.4091796875,0.45231223400347587
PB20.13.15_Comb07Ch02,1686248.783953,1686248.779296875,0.2138032538012637
PB20.13.13_Comb23Ch02,1752395.634539,1752395.6298828125,0.2411884849222037
PB20.13.11_Comb08Ch02,1716613.774188,1716613.76953125,0.23351665589975557
PB20.13.31_Comb29Ch02,1754760.746844,1754760.7421875,0.39674818933939904
PB20.13.13_Comb30Ch02,1694488.530047,1694488.525390625,0.19358211657874003
PB20.13.28_Comb18Ch02,1739196.782,1739196.77734375,0.21107013605256258
PB20.13.31_Comb11Ch02,1691665.654071,1691665.6494140625,0.2603652055676362
PB20.13.12_Comb03Ch02,1689682.011493,1689682.0068359375,0.14962680943815018
PB20.13.12_Comb05Ch02,1662750.248797,1662750.244140625,0.17312948248481913
PB20.13.10_Comb07Ch02,1687164.311297,1687164.306640625,0.1896393653751385
PB20.13.13_Comb29Ch02,1733016.97243,1733016.9677734375,0.32487855106976576
PB20.13.11_Comb29Ch02,2252731.327899,2252731.3232421875,63.79850535596503
PB20.13.13_Comb27Ch02,1658706.669696,1658706.6650390625,0.35382820402976534
PB20.13.13_Comb17Ch02,1735534.672625,1735534.66796875,0.11477474454463363
PB20.13.13_Comb26Ch02,1689529.423602,1689529.4189453125,0.18787696676263935
PB20.13.12_Comb28Ch02,1635818.486102,1635818.4814453125,0.19336690211519852
PB20.13.28_Comb22Ch02,1748123.173602,1748123.1689453125,0.2047215598890954
PB20.13.31_Comb13Ch02,1715698.246844,1715698.2421875,0.3009039219588561
PB20.13.13_Comb12Ch02,1685867.314227,1685867.3095703125,0.14638691106474516
PB20.13.11_Comb18Ch02,1704635.624774,1704635.6201171875,0.1462749785714867
PB20.13.12_Comb07Ch02,1692657.47536,1692657.470703125,0.27421100658998715
PB20.13.31_Comb20Ch02,1674575.810321,1674575.8056640625,0.31556871548499976
PB20.13.11_Comb20Ch02,1726379.399188,1726379.39453125,0.26088973765397416
PB20.13.31_Comb01Ch02,1690368.657,1690368.65234375,0.1738563130974168
PB20.13.10_Comb25Ch02,1691436.772235,1691436.767578125,0.034728348897639066
PB20.13.15_Comb25Ch02,1698226.933368,1698226.9287109375,0.24475869557036434
PB20.13.13_Comb22Ch02,1684570.317157,1684570.3125,0.2044847523192513
PB20.13.28_Comb10Ch02,1760635.380633,1760635.3759765625,0.18060783892432325
PB20.13.15_Comb12Ch02,1678543.095477,1678543.0908203125,0.18930758565780256
PB20.13.12_Comb15Ch02,1657562.260516,1657562.255859375,0.22582045197464104
PB20.13.28_Comb12Ch02,1691818.241961,1691818.2373046875,0.21074534525909946
PB20.13.31_Comb18Ch02,1718750.004657,1718750.0,0.4650587762190597
PB20.13.13_Comb28Ch02,1683044.43825,1683044.43359375,0.20224769580683627
PB20.13.31_Comb02Ch02,1790390.019305,1790390.0146484375,0.155187321159721
PB20.13.15_Comb28Ch02,1713638.310321,1713638.3056640625,0.19961677347757606
PB20.13.12_Comb11Ch02,1727294.926532,1727294.921875,0.5852208017714609
PB20.13.11_Comb23Ch02,1749954.228289,1749954.2236328125,0.3474767320384414
PB20.13.28_Comb20Ch02,1729736.332782,1729736.328125,0.28958715412263875
PB20.13.15_Comb29Ch02,1705245.976336,1705245.9716796875,0.14603373579008685
PB20.13.12_Comb10Ch02,1715316.777118,1715316.7724609375,0.2908124466089997
PB20.13.15_Comb01Ch02,1675567.63161,1675567.626953125,0.2891521494335628
PB20.13.31_Comb22Ch02,1761398.320086,1761398.3154296875,0.4330738255301497
PB20.13.28_Comb07Ch02,1753463.749774,1753463.7451171875,0.16201326185647014
PB20.13.28_Comb03Ch02,1731643.681414,1731643.6767578125,0.13146054256191836
PB20.13.12_Comb18Ch02,1724014.286883,1724014.2822265625,0.17084875463443522
PB20.13.31_Comb05Ch02,1755752.568133,1755752.5634765625,0.15523067963232864
PB20.13.12_Comb24Ch02,1654281.620868,1654281.6162109375,0.30023245852362956
PB20.13.12_Comb26Ch02,1656951.908953,1656951.904296875,0.3790769935412805
PB20.13.11_Comb07Ch02,1673278.81325,1673278.80859375,0.412675134185875
PB20.13.11_Comb21Ch02,1667251.591571,1667251.5869140625,0.8151775962838522
PB20.13.12_Comb04Ch02,1674652.104266,1674652.099609375,0.13525990476295408
PB20.13.31_Comb24Ch02,1692123.417743,1692123.4130859375,0.20629890926287786
PB20.13.10_Comb14Ch02,1680755.619891,1680755.615234375,0.4221468089407118
PB20.13.31_Comb04Ch02,1951141.362078,1951141.357421875,0.24212893937888028
PB20.13.10_Comb09Ch02,1693878.178485,1693878.173828125,0.3912120323853253
PB20.13.28_Comb14Ch02,1732101.445086,1732101.4404296875,0.22972735159253743
PB20.13.10_Comb12Ch02,1819534.306414,1819534.3017578125,0.26521078036673146
PB20.13.13_Comb09Ch02,1683273.320086,1683273.3154296875,0.2533183799523264
PB20.13.13_Comb01Ch02,1742630.009539,1742630.0048828125,0.1660040198633265
PB20.13.10_Comb05Ch02,1657104.496844,1657104.4921875,0.20892321496583782
PB20.13.11_Comb02Ch02,1707458.50075,1707458.49609375,0.22042843186978972
PB20.13.11_Comb05Ch02,1718902.592547,1718902.587890625,0.3770551652981372
PB20.13.28_Comb25Ch02,1702194.218524,1702194.2138671875,0.5598343330732355
PB20.13.10_Comb30Ch02,1669921.879657,1669921.875,0.23104954522571097
PB20.13.10_Comb06Ch02,1688232.426532,1688232.421875,0.12130688302589714
PB20.13.13_Comb08Ch02,1718292.240985,1718292.236328125,0.1932982262799982
PB20.13.13_Comb13Ch02,1723403.935321,1723403.9306640625,0.5492830173476646
PB20.13.10_Comb23Ch02,1686782.841571,1686782.8369140625,0.21010395587509073
PB20.13.11_Comb09Ch02,1737747.197039,1737747.1923828125,0.4615212073348052
PB20.13.12_Comb16Ch02,1685867.314227,1685867.3095703125,0.14544049631872855
PB20.13.15_Comb17Ch02,1688232.426532,1688232.421875,0.19719410928563427
PB20.13.11_Comb25Ch02,1854400.639422,1854400.634765625,0.16018112642472873
PB20.13.11_Comb27Ch02,1933135.990985,1933135.986328125,0.8512699504795601
PB20.13.13_Comb18Ch02,1789627.079852,1789627.0751953125,0.4330077237250017
PB20.13.13_Comb21Ch02,1771698.002703,1771697.998046875,0.29254871080819783
PB20.13.31_Comb10Ch02,1685485.8445,1685485.83984375,0.4525388102685473
PB20.13.13_Comb10Ch02,1736831.669696,1736831.6650390625,0.20449727866767028
PB20.13.12_Comb06Ch02,1680831.913836,1680831.9091796875,0.14459299517395774
PB20.13.31_Comb30Ch02,1689834.599383,1689834.5947265625,0.2504323726823425
PB20.13.13_Comb25Ch02,1961669.926532,1961669.921875,0.11773786148113449
PB20.13.28_Comb11Ch02,1747817.997821,1747817.9931640625,0.17056439315367714
PB20.13.10_Comb04Ch02,1746597.294696,1746597.2900390625,0.27966612589693784
PB20.13.12_Comb17Ch02,1655197.148211,1655197.1435546875,0.16298501092136847
PB20.13.28_Comb16Ch02,1739044.19411,1739044.189453125,0.3367034214013847
PB20.13.31_Comb16Ch02,1706771.855243,1706771.8505859375,0.42969986833923407
PB20.13.11_Comb14Ch02,1681671.147235,1681671.142578125,0.15182380460693273
PB20.13.11_Comb19Ch02,1681518.559344,1681518.5546875,0.21075961008815444
PB20.13.10_Comb10Ch02,1680984.501727,1680984.4970703125,0.17675538040015365
PB20.13.15_Comb18Ch02,1707839.970477,1707839.9658203125,0.2205618147291716
PB20.13.10_Comb27Ch02,1678771.977313,1678771.97265625,0.1744363399610823
PB20.13.15_Comb16Ch02,1760787.968524,1760787.9638671875,12.268328702151097
PB20.13.10_Comb29Ch02,1692047.123797,1692047.119140625,0.13885023619482814
PB20.13.12_Comb20Ch02,1780700.68825,1780700.68359375,0.31114305206169396
