Name,Nominal Frequency,Actual Frequency,Resistance
PB20.13.28_Comb21Ch28,3313446.049578,3313446.044921875,0.18896310346376216
PB20.13.28_Comb28Ch28,3525009.15993,3525009.1552734375,0.4297436046228793
PB20.13.11_Comb11Ch28,3526306.157,3526306.15234375,0.4889987283291785
PB20.13.11_Comb28Ch28,4366912.846453,4366912.841796875,0.3609561769269322
PB20.13.15_Comb22Ch28,3457870.488055,3457870.4833984375,0.5769423283386759
PB20.13.28_Comb05Ch28,3462753.300555,3462753.2958984375,0.21392029588713943
PB20.13.12_Comb12Ch28,3389511.113055,3389511.1083984375,0.2945207856142316
PB20.13.15_Comb24Ch28,4395599.369891,4395599.365234375,0.30485350568053
PB20.13.15_Comb30Ch28,3686981.205828,3686981.201171875,0.4504516020036261
PB20.13.12_Comb21Ch28,3908233.647235,3908233.642578125,0.5880556248545382
PB20.13.11_Comb15Ch28,3542251.591571,3542251.5869140625,0.41840034267393006
PB20.13.15_Comb13Ch28,3536453.251727,3536453.2470703125,0.248544193775795
PB20.13.13_Comb07Ch28,3895568.852313,3895568.84765625,0.4318952842568375
PB20.13.28_Comb17Ch28,3463287.358172,3463287.353515625,0.19457087123611125
PB20.13.28_Comb29Ch28,4261856.083758,4261856.0791015625,0.19253544785088772
PB20.13.12_Comb29Ch28,3377609.257586,3377609.2529296875,0.17677089845269225
PB20.13.13_Comb24Ch28,3538360.60036,3538360.595703125,0.24235682694242
PB20.13.31_Comb17Ch28,3506240.849383,3506240.8447265625,0.22976120605739284
PB20.13.13_Comb05Ch28,3380355.839618,3380355.8349609375,0.22900581951462767
PB20.13.10_Comb16Ch28,3861236.576922,3861236.572265625,0.7640781638403072
PB20.13.10_Comb24Ch28,3320770.268328,3320770.263671875,0.6924042298903023
PB20.13.12_Comb23Ch28,3405456.547625,3405456.54296875,0.36081404541903894
PB20.13.11_Comb16Ch28,3432235.72243,3432235.7177734375,0.28661754013477014
PB20.13.10_Comb28Ch28,3479690.556414,3479690.5517578125,0.3078120047270736
PB20.13.10_Comb26Ch28,3334121.708758,3334121.7041015625,0.34579072063023153
PB20.13.15_Comb21Ch28,3633270.268328,3633270.263671875,0.30876326188405734
PB20.13.28_Comb23Ch28,3349227.90993,3349227.9052734375,0.4055427352725952
PB20.13.28_Comb04Ch28,3950729.374774,3950729.3701171875,0.6012290496598911
PB20.13.15_Comb26Ch28,3548278.81325,3548278.80859375,0.329854144406668
PB20.13.15_Comb10Ch28,3644485.478289,3644485.4736328125,0.6058866926943518
PB20.13.31_Comb15Ch28,3288497.929461,3288497.9248046875,0.5047123162951866
PB20.13.31_Comb12Ch28,3467559.81911,3467559.814453125,0.45221956274836506
PB20.13.13_Comb03Ch28,3417816.166766,3417816.162109375,0.4240902050143185
PB20.13.10_Comb01Ch28,3363800.053485,3363800.048828125,0.2899677931031255
PB20.13.12_Comb09Ch28,3371505.741961,3371505.7373046875,0.28498653873561053
PB20.13.28_Comb30Ch28,4660873.417743,4660873.4130859375,242.61241923575798
PB20.13.31_Comb21Ch28,3522644.047625,3522644.04296875,0.31355826567332723
PB20.13.11_Comb13Ch28,3407211.308368,3407211.3037109375,0.16389602278860352
PB20.13.15_Comb04Ch28,3379440.312274,3379440.3076171875,0.5916497174338083
PB20.13.28_Comb24Ch28,3438797.001727,3438796.9970703125,0.28832475269767976
PB20.13.31_Comb19Ch28,3744659.428485,3744659.423828125,0.34749805768461434
PB20.13.31_Comb28Ch28,3494796.757586,3494796.7529296875,0.2930514140065186
PB20.13.12_Comb01Ch28,4117431.645282,4117431.640625,0.15070502984023357
PB20.13.11_Comb03Ch28,3477554.325946,3477554.3212890625,0.5283560578787488
PB20.13.11_Comb06Ch28,4696350.102313,4696350.09765625,42.35258445552032
PB20.13.10_Comb02Ch28,3430557.255633,3430557.2509765625,0.14689040931627606
PB20.13.10_Comb17Ch28,3645935.06325,3645935.05859375,0.4849468345486545
PB20.13.13_Comb02Ch28,3534393.315203,3534393.310546875,0.36743819001695893
PB20.13.13_Comb19Ch28,4120407.109149,4120407.1044921875,0.11063428693610314
PB20.13.13_Comb06Ch28,3528823.857196,3528823.8525390625,0.5487531288557794
PB20.13.28_Comb26Ch28,3865509.03786,3865509.033203125,0.3363741846319573
PB20.13.12_Comb08Ch28,3373565.678485,3373565.673828125,0.22123025155603535
PB20.13.11_Comb17Ch28,3531036.38161,3531036.376953125,0.8616691198550193
PB20.13.15_Comb14Ch28,3620300.297625,3620300.29296875,0.6451205241130616
PB20.13.10_Comb19Ch28,3447341.923602,3447341.9189453125,0.3875022139184843
PB20.13.15_Comb23Ch28,3533706.669696,3533706.6650390625,0.8356238367785311
PB20.13.12_Comb02Ch28,3716049.198993,3716049.1943359375,2.5090237262260273
PB20.13.15_Comb11Ch28,3564147.953875,3564147.94921875,0.7065494648435215
PB20.13.28_Comb06Ch28,3828887.94411,3828887.939453125,0.5976828135628542
PB20.13.12_Comb25Ch28,3537826.542743,3537826.5380859375,0.5115272750524411
PB20.13.13_Comb23Ch28,3648681.645282,3648681.640625,0.5955127837663973
PB20.13.11_Comb08Ch28,3749542.240985,3749542.236328125,0.5788190450291779
PB20.13.31_Comb29Ch28,4295501.713641,4295501.708984375,0.8913936884717871
PB20.13.13_Comb30Ch28,4195480.351336,4195480.3466796875,0.17705416864600082
PB20.13.28_Comb18Ch28,3549346.928485,3549346.923828125,0.3447340980971085
PB20.13.12_Comb03Ch28,3392486.576922,3392486.572265625,0.21082241012439906
PB20.13.12_Comb05Ch28,3754882.817157,3754882.8125,0.5696358603681602
PB20.13.10_Comb07Ch28,3498992.924578,3498992.919921875,0.41240074536681315
PB20.13.13_Comb29Ch28,3727111.821063,3727111.81640625,0.35857637930539443
PB20.13.11_Comb29Ch28,4804077.153094,4804077.1484375,82.47890646420048
PB20.13.13_Comb27Ch28,3483581.547625,3483581.54296875,0.4493431716420249
PB20.13.13_Comb17Ch28,3469009.404071,3469009.3994140625,0.13800575797057402
PB20.13.13_Comb26Ch28,3549880.986102,3549880.9814453125,0.38064937227256596
PB20.13.15_Comb20Ch28,4404449.467547,4404449.462890625,29.086815062980637
PB20.13.12_Comb28Ch28,3583831.791766,3583831.787109375,0.1828841214791421
PB20.13.28_Comb22Ch28,3557815.556414,3557815.5517578125,0.5579477455308658
PB20.13.31_Comb13Ch28,3577117.924578,3577117.919921875,0.28655900907627024
PB20.13.10_Comb15Ch28,4109954.838641,4109954.833984375,0.014021332333478607
PB20.13.13_Comb12Ch28,3527069.096453,3527069.091796875,0.31912691108329166
PB20.13.11_Comb18Ch28,3387451.176532,3387451.171875,0.18287455962066965
PB20.13.12_Comb07Ch28,4353103.642352,4353103.6376953125,0.6188752058492992
PB20.13.31_Comb20Ch28,3441390.995868,3441390.9912109375,0.42573553862007085
PB20.13.11_Comb20Ch28,3843002.323993,3843002.3193359375,0.4651713582446501
PB20.13.31_Comb01Ch28,4285507.206805,4285507.2021484375,0.4617912669055264
PB20.13.10_Comb25Ch28,3465805.058368,3465805.0537109375,0.33658515350150053
PB20.13.15_Comb25Ch28,3471908.573993,3471908.5693359375,0.5724751990437261
PB20.13.28_Comb10Ch28,3671646.122821,3671646.1181640625,0.5631344443355532
PB20.13.15_Comb12Ch28,3352890.019305,3352890.0146484375,0.1975271585907576
PB20.13.12_Comb15Ch28,3306503.300555,3306503.2958984375,0.23862989244194355
PB20.13.28_Comb12Ch28,3817138.676532,3817138.671875,0.4996684476885565
PB20.13.31_Comb18Ch28,3511505.13161,3511505.126953125,2.1199326191021144
PB20.13.13_Comb28Ch28,3524627.690203,3524627.685546875,0.30939096577444736
PB20.13.15_Comb28Ch28,3614196.782,3614196.77734375,0.23494802306177853
PB20.13.12_Comb11Ch28,3890380.864032,3890380.859375,1.2853983312949069
PB20.13.11_Comb23Ch28,3630447.392352,3630447.3876953125,0.5632073039579936
PB20.13.28_Comb20Ch28,3891983.036883,3891983.0322265625,1.9973390697209579
PB20.13.15_Comb29Ch28,3487701.420672,3487701.416015625,0.30514766915015495
PB20.13.12_Comb10Ch28,3523788.456805,3523788.4521484375,2.4699924796741763
PB20.13.15_Comb05Ch28,3971939.091571,3971939.0869140625,0.0060970622929313175
PB20.13.15_Comb01Ch28,3513946.53786,3513946.533203125,0.9238708772012383
PB20.13.31_Comb22Ch28,3786468.510516,3786468.505859375,2.2764014873302454
PB20.13.28_Comb07Ch28,3581542.973407,3581542.96875,0.5340304706248363
PB20.13.28_Comb03Ch28,3451004.032977,3451004.0283203125,0.19506124684474999
PB20.13.12_Comb18Ch28,3538894.657977,3538894.6533203125,0.2902137190492883
PB20.13.12_Comb24Ch28,3535385.136493,3535385.1318359375,0.2960441622525506
PB20.13.31_Comb25Ch28,3559112.553485,3559112.548828125,0.20005287144878214
PB20.13.12_Comb26Ch28,3439865.116961,3439865.1123046875,0.3109557569725333
PB20.13.11_Comb07Ch28,3340072.636493,3340072.6318359375,0.5578503660413033
PB20.13.11_Comb21Ch28,3428955.082782,3428955.078125,1.6838776937367839
PB20.13.12_Comb04Ch28,3329772.953875,3329772.94921875,0.21316758985453926
PB20.13.31_Comb24Ch28,3383255.009539,3383255.0048828125,0.23969893011607235
PB20.13.10_Comb14Ch28,3373031.620868,3373031.6162109375,0.26617190199836316
PB20.13.10_Comb09Ch28,3544769.291766,3544769.287109375,0.46385969796785426
PB20.13.28_Comb14Ch28,3963394.169696,3963394.1650390625,0.8291387034068335
PB20.13.13_Comb09Ch28,3444290.165789,3444290.1611328125,0.3639604028524204
PB20.13.13_Comb01Ch28,3933258.061297,3933258.056640625,0.282665916391909
PB20.13.10_Comb05Ch28,3406448.368914,3406448.3642578125,0.6206229154472402
PB20.13.11_Comb02Ch28,3850860.60036,3850860.595703125,0.38334205368815094
PB20.13.28_Comb25Ch28,3828964.238055,3828964.2333984375,2.398587098093557
PB20.13.10_Comb30Ch28,3776016.240008,3776016.2353515625,0.7254203875940136
PB20.13.10_Comb06Ch28,3523941.044696,3523941.0400390625,0.323277294630305
PB20.13.13_Comb08Ch28,3531723.027118,3531723.0224609375,0.32435144039579267
PB20.13.13_Comb13Ch28,3594207.768328,3594207.763671875,3.212707548648491
PB20.13.10_Comb23Ch28,3358917.240985,3358917.236328125,0.19280339253266748
PB20.13.11_Comb09Ch28,3624801.640399,3624801.6357421875,0.4148142569237095
PB20.13.12_Comb16Ch28,3528442.387469,3528442.3828125,0.3799264218845195
PB20.13.15_Comb17Ch28,3364639.286883,3364639.2822265625,0.23151166003253745
PB20.13.11_Comb25Ch28,3992614.75075,3992614.74609375,0.22458357394879597
PB20.13.13_Comb18Ch28,3724136.357196,3724136.3525390625,0.8393636368312882
PB20.13.13_Comb21Ch28,3972930.91286,3972930.908203125,0.7640500138257632
PB20.13.13_Comb10Ch28,4151153.56911,4151153.564453125,0.12764125374058577
PB20.13.12_Comb06Ch28,3529663.090594,3529663.0859375,0.3684398954311585
PB20.13.28_Comb11Ch28,4131240.849383,4131240.8447265625,0.22277798107167518
PB20.13.10_Comb04Ch28,3556900.029071,3556900.0244140625,0.722430839829535
PB20.13.12_Comb17Ch28,3402938.84743,3402938.8427734375,0.38967136011424575
PB20.13.28_Comb16Ch28,3599166.874774,3599166.8701171875,0.5379379345179267
PB20.13.11_Comb14Ch28,3356094.365008,3356094.3603515625,0.20624851711971554
PB20.13.11_Comb19Ch28,3617935.185321,3617935.1806640625,0.24659322087112506
PB20.13.28_Comb01Ch28,4183578.495868,4183578.4912109375,0.17783115816403264
PB20.13.10_Comb10Ch28,3976821.904071,3976821.8994140625,0.16534449898877457
PB20.13.15_Comb18Ch28,3418121.342547,3418121.337890625,0.24216003907450379
PB20.13.10_Comb27Ch28,3523559.574969,3523559.5703125,0.3259131688529383
PB20.13.15_Comb16Ch28,4171752.934344,4171752.9296875,0.2753217306644555
PB20.13.10_Comb29Ch28,3399353.032,3399353.02734375,0.16207481858428688
