Name,Nominal Frequency,Actual Frequency,Resistance
PB20.13.28_Comb21Ch07,1914138.798602,1914138.7939453125,0.3188707057248715
PB20.13.28_Comb28Ch07,2039031.987078,2039031.982421875,0.3719160664876364
PB20.13.15_Comb06Ch07,3439178.471453,3439178.466796875,0.07386494156328655
PB20.13.11_Comb11Ch07,1947555.546649,1947555.5419921875,0.51953177614423
PB20.13.11_Comb28Ch07,2003021.244891,2003021.240234375,0.3495332574111648
PB20.13.15_Comb22Ch07,1962203.984149,1962203.9794921875,0.4757819313502337
PB20.13.28_Comb05Ch07,2012786.869891,2012786.865234375,0.38669812620331157
PB20.13.12_Comb12Ch07,1950836.186297,1950836.181640625,0.3757698791944174
PB20.13.15_Comb24Ch07,2122116.093524,2122116.0888671875,18.997538967995567
PB20.13.15_Comb30Ch07,1970825.199969,1970825.1953125,0.5785690356654585
PB20.13.12_Comb21Ch07,2046890.263446,2046890.2587890625,0.453338127598538
PB20.13.15_Comb08Ch07,2284469.609149,2284469.6044921875,0.32655653003094415
PB20.13.11_Comb15Ch07,2071914.677508,2071914.6728515625,0.29229284740306793
PB20.13.15_Comb13Ch07,1944732.670672,1944732.666015625,0.23083270120273772
PB20.13.13_Comb07Ch07,1951370.243914,1951370.2392578125,0.29014076112466186
PB20.13.28_Comb17Ch07,1944198.613055,1944198.6083984375,0.19610846714629576
PB20.13.28_Comb29Ch07,2043609.623797,2043609.619140625,0.3551721182906935
PB20.13.12_Comb29Ch07,1962814.335711,1962814.3310546875,0.1871003412421807
PB20.13.13_Comb24Ch07,1948013.310321,1948013.3056640625,0.25103750949275005
PB20.13.31_Comb17Ch07,2040023.808368,2040023.8037109375,0.20324367164441712
PB20.13.13_Comb05Ch07,1956481.93825,1956481.93359375,0.4465023363255866
PB20.13.10_Comb16Ch07,2146072.392352,2146072.3876953125,0.8641499094352848
PB20.13.10_Comb24Ch07,1964797.978289,1964797.9736328125,2.0983249266780124
PB20.13.12_Comb23Ch07,1884613.041766,1884613.037109375,0.26606724845738267
PB20.13.11_Comb16Ch07,1936798.10036,1936798.095703125,0.21291746464259556
PB20.13.10_Comb28Ch07,1925430.302508,1925430.2978515625,0.3118698965315843
PB20.13.10_Comb26Ch07,1927185.06325,1927185.05859375,0.4959902225720386
PB20.13.15_Comb21Ch07,2021102.90993,2021102.9052734375,0.4362491730166704
PB20.13.28_Comb23Ch07,1937408.451922,1937408.447265625,0.5249292531647701
PB20.13.28_Comb04Ch07,2097244.267352,2097244.2626953125,0.34439477526742507
PB20.13.15_Comb26Ch07,2008056.645282,2008056.640625,0.3104359398020893
PB20.13.15_Comb10Ch07,1903228.764422,1903228.759765625,0.24971283584577125
PB20.13.31_Comb15Ch07,1898345.951922,1898345.947265625,0.6532698715410445
PB20.13.31_Comb12Ch07,1953582.768328,1953582.763671875,0.31633742905126466
PB20.13.13_Comb03Ch07,1982345.585711,1982345.5810546875,0.49406191016275913
PB20.13.10_Comb01Ch07,1939926.152118,1939926.1474609375,0.4963082918719075
PB20.13.12_Comb09Ch07,1946563.72536,1946563.720703125,0.4258934608879408
PB20.13.28_Comb30Ch07,3981628.422625,3981628.41796875,104.28163210374908
PB20.13.31_Comb21Ch07,1937484.745868,1937484.7412109375,0.2389076715002185
PB20.13.11_Comb13Ch07,1965255.741961,1965255.7373046875,0.2865755210294497
PB20.13.15_Comb04Ch07,1955490.116961,1955490.1123046875,0.42934375488554005
PB20.13.28_Comb24Ch07,1931610.112078,1931610.107421875,0.27533434868771045
PB20.13.12_Comb27Ch07,2066116.337664,2066116.3330078125,0.6951264729966591
PB20.13.31_Comb19Ch07,1910476.689227,1910476.6845703125,0.34322123594716736
PB20.13.31_Comb28Ch07,1977767.948993,1977767.9443359375,0.2932039242365603
PB20.13.12_Comb01Ch07,2072601.323016,2072601.318359375,0.24835271630094283
PB20.13.11_Comb03Ch07,2030181.889422,2030181.884765625,0.4806899405658982
PB20.13.11_Comb24Ch07,4143981.93825,4143981.93359375,36.9224628387678
PB20.13.11_Comb06Ch07,2337265.019305,2337265.0146484375,0.2770507207615917
PB20.13.10_Comb02Ch07,1991119.389422,1991119.384765625,0.2676572231559331
PB20.13.10_Comb17Ch07,2068481.449969,2068481.4453125,0.3792832306872679
PB20.13.13_Comb02Ch07,1945266.728289,1945266.7236328125,0.41924198809272767
PB20.13.13_Comb19Ch07,2013931.279071,2013931.2744140625,0.2775303254644007
PB20.13.13_Comb06Ch07,1976394.657977,1976394.6533203125,0.5248349834310735
PB20.13.28_Comb26Ch07,1994018.559344,1994018.5546875,0.25576916803243516
PB20.13.12_Comb08Ch07,1945037.846453,1945037.841796875,0.25629678493885666
PB20.13.11_Comb17Ch07,2006759.648211,2006759.6435546875,0.37348950431611144
PB20.13.15_Comb14Ch07,1988525.395282,1988525.390625,0.40195729488641235
PB20.13.10_Comb19Ch07,1933288.578875,1933288.57421875,0.44242179398191145
PB20.13.15_Comb23Ch07,1943893.437274,1943893.4326171875,0.8512884595862037
PB20.13.12_Comb02Ch07,2062683.110125,2062683.10546875,1.2167381681557068
PB20.13.15_Comb11Ch07,2014312.748797,2014312.744140625,0.565761710304902
PB20.13.28_Comb06Ch07,1961822.514422,1961822.509765625,0.42123084185120396
PB20.13.12_Comb25Ch07,1888427.739032,1888427.734375,0.47875869744580385
PB20.13.15_Comb07Ch07,2233657.841571,2233657.8369140625,0.40944502776442626
PB20.13.13_Comb23Ch07,2015380.864032,2015380.859375,0.50326089154992
PB20.13.11_Comb08Ch07,2073822.026141,2073822.021484375,0.40839510308977145
PB20.13.31_Comb29Ch07,2136764.531024,2136764.5263671875,0.6516847849552322
PB20.13.13_Comb30Ch07,1957626.34743,1957626.3427734375,0.337716480776181
PB20.13.28_Comb18Ch07,2001876.835711,2001876.8310546875,0.347457744813626
PB20.13.31_Comb11Ch07,1965255.741961,1965255.7373046875,0.14247288912690234
PB20.13.12_Comb03Ch07,1954116.825946,1954116.8212890625,0.27514095602137983
PB20.13.12_Comb05Ch07,2028350.834735,2028350.830078125,0.45602897210658844
PB20.13.10_Comb07Ch07,1978836.064227,1978836.0595703125,0.32178237100586565
PB20.13.13_Comb29Ch07,2057037.358172,2057037.353515625,0.6222026249796214
PB20.13.11_Comb29Ch07,2432479.863055,2432479.8583984375,84.72197426198555
PB20.13.13_Comb27Ch07,1916732.792743,1916732.7880859375,0.4972857184494703
PB20.13.13_Comb17Ch07,2001647.953875,2001647.94921875,0.2254593985119241
PB20.13.13_Comb26Ch07,1956405.644305,1956405.6396484375,0.2854294527456697
PB20.13.12_Comb28Ch07,1947937.016375,1947937.01171875,0.18354778221103338
PB20.13.28_Comb22Ch07,2012100.224383,2012100.2197265625,0.3729705858504885
PB20.13.31_Comb13Ch07,1991195.683368,1991195.6787109375,0.43100987517530814
PB20.13.10_Comb15Ch07,2599029.545672,2599029.541015625,68.37914323981742
PB20.13.13_Comb12Ch07,1944427.494891,1944427.490234375,0.23825840820321315
PB20.13.11_Comb18Ch07,1970367.436297,1970367.431640625,0.27199640333270986
PB20.13.12_Comb07Ch07,2038345.341571,2038345.3369140625,0.6572843463384626
PB20.13.31_Comb20Ch07,1992645.268328,1992645.263671875,0.44025913649545906
PB20.13.11_Comb20Ch07,2063674.931414,2063674.9267578125,0.3741983451899197
PB20.13.31_Comb01Ch07,2020950.322039,2020950.3173828125,0.31478812413164575
PB20.13.10_Comb25Ch07,2010726.933368,2010726.9287109375,0.3466451717857831
PB20.13.15_Comb25Ch07,1964950.56618,1964950.5615234375,0.35603071498610384
PB20.13.13_Comb22Ch07,2302398.686297,2302398.681640625,0.27201564631095554
PB20.13.28_Comb10Ch07,2031707.768328,2031707.763671875,0.3222525585202606
PB20.13.15_Comb12Ch07,1938400.273211,1938400.2685546875,0.3059736502209514
PB20.13.12_Comb15Ch07,1912155.156024,1912155.1513671875,0.3611559906239882
PB20.13.28_Comb12Ch07,1958312.992938,1958312.98828125,0.38007297161941184
PB20.13.31_Comb18Ch07,1993865.971453,1993865.966796875,0.5969396676603017
PB20.13.13_Comb28Ch07,1943893.437274,1943893.4326171875,0.31988578658489125
PB20.13.31_Comb02Ch07,2607269.291766,2607269.287109375,0.2771948634554043
PB20.13.15_Comb28Ch07,1976470.951922,1976470.947265625,0.38226606343131736
PB20.13.12_Comb11Ch07,1988296.513446,1988296.5087890625,0.8435634075686748
PB20.13.11_Comb23Ch07,2107543.949969,2107543.9453125,0.5416780838931505
PB20.13.28_Comb20Ch07,2047271.733172,2047271.728515625,0.5000863433865022
PB20.13.15_Comb29Ch07,1967544.560321,1967544.5556640625,0.28918781268772914
PB20.13.12_Comb10Ch07,1977233.891375,1977233.88671875,0.57028079966345
PB20.13.15_Comb01Ch07,1930694.584735,1930694.580078125,0.49648889050517814
PB20.13.31_Comb22Ch07,2047805.790789,2047805.7861328125,0.6605589971555313
PB20.13.28_Comb07Ch07,2014923.10036,2014923.095703125,0.38992262979512776
PB20.13.28_Comb03Ch07,1994781.498797,1994781.494140625,0.28373670354185065
PB20.13.12_Comb18Ch07,1981964.115985,1981964.111328125,0.29208493335443736
PB20.13.12_Comb24Ch07,1898193.364032,1898193.359375,0.2852279145329486
PB20.13.31_Comb25Ch07,1971664.433368,1971664.4287109375,0.2631495771753094
PB20.13.12_Comb26Ch07,1961059.574969,1961059.5703125,0.35015014410021306
PB20.13.11_Comb07Ch07,1930465.702899,1930465.6982421875,0.5873367679282738
PB20.13.11_Comb21Ch07,1923904.423602,1923904.4189453125,1.3100823961053971
PB20.13.12_Comb04Ch07,1933135.990985,1933135.986328125,0.2602951883148426
PB20.13.31_Comb24Ch07,1955566.410907,1955566.40625,0.3256564104601627
PB20.13.10_Comb14Ch07,1943435.673602,1943435.6689453125,0.445379368839046
PB20.13.10_Comb09Ch07,1961669.926532,1961669.921875,0.6374545509063282
PB20.13.28_Comb14Ch07,1993026.738055,1993026.7333984375,0.4312004998703451
PB20.13.10_Comb12Ch07,2463150.029071,2463150.0244140625,0.40576236124331333
PB20.13.13_Comb09Ch07,1945419.31618,1945419.3115234375,0.423177448147538
PB20.13.13_Comb01Ch07,2003860.478289,2003860.4736328125,0.298551722823986
PB20.13.10_Comb05Ch07,1913146.977313,1913146.97265625,0.4238657218726904
PB20.13.11_Comb02Ch07,2064132.695086,2064132.6904296875,0.36393324367060026
PB20.13.11_Comb05Ch07,2025604.252703,2025604.248046875,0.6281032310421636
PB20.13.28_Comb25Ch07,2085647.587664,2085647.5830078125,9.022872016878459
PB20.13.10_Comb30Ch07,1973342.900164,1973342.8955078125,0.4185451710651559
PB20.13.31_Comb26Ch07,4364471.440203,4364471.435546875,155.37219729875588
PB20.13.10_Comb06Ch07,1945571.904071,1945571.8994140625,0.22814459019784764
PB20.13.13_Comb08Ch07,2050552.372821,2050552.3681640625,0.310952968511575
PB20.13.13_Comb13Ch07,1983718.876727,1983718.8720703125,0.8834938664564851
PB20.13.10_Comb23Ch07,1946411.137469,1946411.1328125,0.3583240549227547
PB20.13.11_Comb09Ch07,1999893.193133,1999893.1884765625,0.5277465282636226
PB20.13.12_Comb16Ch07,1944046.025164,1944046.0205078125,0.27138320965118895
PB20.13.15_Comb17Ch07,1949844.365008,1949844.3603515625,0.40054550795146
PB20.13.11_Comb25Ch07,2187805.180438,2187805.17578125,0.7466497564797823
PB20.13.11_Comb27Ch07,2353897.099383,2353897.0947265625,1.0057281730352647
PB20.13.13_Comb18Ch07,2135849.00368,2135848.9990234375,1.5075432665449517
PB20.13.13_Comb21Ch07,2085418.705828,2085418.701171875,0.5657570776060863
PB20.13.13_Comb10Ch07,2004623.417743,2004623.4130859375,0.2979124857261395
PB20.13.12_Comb06Ch07,1943817.143328,1943817.138671875,0.26318155928712206
PB20.13.31_Comb30Ch07,2121734.623797,2121734.619140625,0.8228689234433526
PB20.13.13_Comb25Ch07,3391189.579852,3391189.5751953125,0.008706646109713856
PB20.13.12_Comb30Ch07,3642730.717547,3642730.712890625,243.26411299772886
PB20.13.28_Comb11Ch07,2231063.84743,2231063.8427734375,0.3435549454682947
PB20.13.10_Comb04Ch07,2010116.581805,2010116.5771484375,0.5051072951919289
PB20.13.12_Comb17Ch07,1972122.197039,1972122.1923828125,0.2677839430596861
PB20.13.28_Comb16Ch07,2047882.084735,2047882.080078125,0.39751930621228143
PB20.13.11_Comb14Ch07,1941146.855243,1941146.8505859375,0.2618381830923169
PB20.13.11_Comb19Ch07,2001342.778094,2001342.7734375,0.3523543369303687
PB20.13.28_Comb01Ch07,2123489.384539,2123489.3798828125,0.29520831743489695
PB20.13.10_Comb10Ch07,1940765.385516,1940765.380859375,0.31581741792684187
PB20.13.15_Comb18Ch07,1971206.669696,1971206.6650390625,0.37264533912259673
PB20.13.10_Comb27Ch07,1938552.861102,1938552.8564453125,0.26929526477950616
PB20.13.15_Comb16Ch07,2170639.042743,2170639.0380859375,1.61941817973699
PB20.13.10_Comb29Ch07,1955108.647235,1955108.642578125,0.2652255412493796
PB20.13.12_Comb20Ch07,2053375.248797,2053375.244140625,0.3228997199526855
