Name,Nominal Frequency,Actual Frequency,Resistance
PB20.13.28_Comb21Ch02,1643066.410907,1643066.40625,151.2230523242958
PB20.13.11_Comb11Ch02,1662750.248797,1662750.244140625,113.57476745853194
PB20.13.28_Comb05Ch02,1741867.070086,1741867.0654296875,8.759821361741128
PB20.13.12_Comb12Ch02,1647262.577899,1647262.5732421875,37.66887446557354
PB20.13.15_Comb24Ch02,1679458.622821,1679458.6181640625,113.49925590482586
PB20.13.10_Comb22Ch02,2605667.118914,2605667.1142578125,0.980653099023445
PB20.13.15_Comb08Ch02,1697998.051532,1697998.046875,110.26794037317259
PB20.13.11_Comb15Ch02,1663436.894305,1663436.8896484375,19.751593465677328
PB20.13.15_Comb13Ch02,1668548.588641,1668548.583984375,2.097218095614047
PB20.13.13_Comb07Ch02,1679306.03493,1679306.0302734375,41.103208822482465
PB20.13.28_Comb17Ch02,1676101.689227,1676101.6845703125,6.677318819762372
PB20.13.28_Comb29Ch02,1688232.426532,1688232.421875,0.0890230203625245
PB20.13.12_Comb29Ch02,1657714.848407,1657714.84375,11.953497758484161
PB20.13.10_Comb13Ch02,1547622.685321,1547622.6806640625,30.095332464426466
PB20.13.31_Comb09Ch02,1736373.906024,1736373.9013671875,9.096895069325043
PB20.13.31_Comb17Ch02,1698074.345477,1698074.3408203125,16.237320913523178
PB20.13.13_Comb05Ch02,1672744.755633,1672744.7509765625,151.37278339184937
PB20.13.10_Comb16Ch02,1751556.401141,1751556.396484375,10.848647926245064
PB20.13.10_Comb24Ch02,1628036.50368,1628036.4990234375,50.43789201864064
PB20.13.12_Comb19Ch02,1731948.857196,1731948.8525390625,50.24808375361372
PB20.13.12_Comb23Ch02,1634750.370868,1634750.3662109375,0.5672744255601936
PB20.13.10_Comb28Ch02,1637954.716571,1637954.7119140625,37.81346517933697
PB20.13.10_Comb26Ch02,1659774.78493,1659774.7802734375,90.8705795610056
PB20.13.28_Comb23Ch02,1676330.571063,1676330.56640625,18.1621417458972
PB20.13.28_Comb04Ch02,1754989.62868,1754989.6240234375,22.750631089149273
PB20.13.15_Comb26Ch02,1675643.925555,1675643.9208984375,9.457655116311798
PB20.13.10_Comb18Ch02,1552658.085711,1552658.0810546875,113.08520462739331
PB20.13.15_Comb10Ch02,1623840.336688,1623840.33203125,143.57277971034722
PB20.13.31_Comb12Ch02,1664810.185321,1664810.1806640625,908.5236227562732
PB20.13.10_Comb01Ch02,1677322.392352,1677322.3876953125,6.135056353221636
PB20.13.12_Comb09Ch02,1677169.804461,1677169.7998046875,23.896756764647563
PB20.13.28_Comb30Ch02,1689605.717547,1689605.712890625,13.77543944745704
PB20.13.31_Comb21Ch02,1664581.303485,1664581.298828125,26.709976264363274
PB20.13.11_Comb13Ch02,1642227.177508,1642227.1728515625,18.90351369064365
PB20.13.15_Comb04Ch02,1617050.175555,1617050.1708984375,31.24578050861197
PB20.13.28_Comb24Ch02,1633529.667743,1633529.6630859375,41.25832944820306
PB20.13.12_Comb27Ch02,1694717.411883,1694717.4072265625,0.6263140126284468
PB20.13.31_Comb03Ch02,1727218.632586,1727218.6279296875,41.202938177674724
PB20.13.31_Comb06Ch02,1714477.543719,1714477.5390625,455.33193440081834
PB20.13.12_Comb01Ch02,1779785.160907,1779785.15625,15.162651346811415
PB20.13.11_Comb06Ch02,1623687.748797,1623687.744140625,64.85996525762704
PB20.13.10_Comb02Ch02,1685104.374774,1685104.3701171875,151.62654351159068
PB20.13.10_Comb17Ch02,1736602.78786,1736602.783203125,4.4592563324295025
PB20.13.13_Comb02Ch02,1681442.265399,1681442.2607421875,0.04218040135359778
PB20.13.13_Comb19Ch02,1724777.226336,1724777.2216796875,30.27582853471465
PB20.13.28_Comb26Ch02,1646347.050555,1646347.0458984375,1.0193422085517556
PB20.13.12_Comb08Ch02,1647262.577899,1647262.5732421875,90.71866291077156
PB20.13.11_Comb17Ch02,1644210.820086,1644210.8154296875,32.40346215046247
PB20.13.10_Comb19Ch02,1631851.200946,1631851.1962890625,7.431542541337451
PB20.13.28_Comb06Ch02,1660079.960711,1660079.9560546875,203.1903238185208
PB20.13.12_Comb25Ch02,1641693.119891,1641693.115234375,0.5214873376748425
PB20.13.15_Comb07Ch02,1682891.85036,1682891.845703125,8.122270778700722
PB20.13.13_Comb23Ch02,1747741.703875,1747741.69921875,15.714217666954143
PB20.13.13_Comb30Ch02,1684570.317157,1684570.3125,1.7427141818157725
PB20.13.12_Comb03Ch02,1648101.811297,1648101.806640625,56.259445346896655
PB20.13.10_Comb07Ch02,1664047.245868,1664047.2412109375,75.71260168953765
PB20.13.13_Comb29Ch02,1732788.090594,1732788.0859375,0.10740021865633388
PB20.13.13_Comb27Ch02,1618423.466571,1618423.4619140625,0.7816083093312101
PB20.13.13_Comb17Ch02,1733474.736102,1733474.7314453125,1.0618130940694486
PB20.13.13_Comb26Ch02,1685104.374774,1685104.3701171875,15.154237667551245
PB20.13.15_Comb20Ch02,1682052.616961,1682052.6123046875,151.64495670773232
PB20.13.12_Comb28Ch02,1633377.079852,1633377.0751953125,13.746550038131916
PB20.13.28_Comb22Ch02,1707153.324969,1707153.3203125,203.25001364950924
PB20.13.10_Comb15Ch02,1855087.28493,1855087.2802734375,67.15515795720036
PB20.13.13_Comb12Ch02,1685485.8445,1685485.83984375,0.29214684172471855
PB20.13.11_Comb18Ch02,1653442.387469,1653442.3828125,37.872291302874366
PB20.13.10_Comb03Ch02,3615036.015399,3615036.0107421875,65.49188054467118
PB20.13.11_Comb22Ch02,1635284.428485,1635284.423828125,90.76197592879161
PB20.13.31_Comb01Ch02,1674804.692157,1674804.6875,50.45345765358043
PB20.13.10_Comb25Ch02,1655197.148211,1655197.1435546875,14.433806341737492
PB20.13.13_Comb22Ch02,1675338.749774,1675338.7451171875,25.18735319631609
PB20.13.28_Comb10Ch02,1753692.63161,1753692.626953125,15.18681739649459
PB20.13.12_Comb15Ch02,1585388.18825,1585388.18359375,56.7157457132985
PB20.13.28_Comb12Ch02,1671066.288836,1671066.2841796875,321.1316189581255
PB20.13.13_Comb28Ch02,1673049.931414,1673049.9267578125,1.6391295024188353
PB20.13.15_Comb28Ch02,1673049.931414,1673049.9267578125,28.32678031121538
PB20.13.15_Comb29Ch02,1680221.562274,1680221.5576171875,9.650484402736227
PB20.13.15_Comb05Ch02,1676025.395282,1676025.390625,2.1365356067206993
PB20.13.28_Comb07Ch02,1740722.660907,1740722.65625,41.35064289303729
PB20.13.28_Comb03Ch02,1721115.116961,1721115.1123046875,16.85969549403695
PB20.13.12_Comb18Ch02,1695022.587664,1695022.5830078125,2.1023689906354526
PB20.13.10_Comb08Ch02,2742614.75075,2742614.74609375,57.14895472873963
PB20.13.31_Comb05Ch02,1743850.712664,1743850.7080078125,28.369676645601654
PB20.13.12_Comb24Ch02,1653137.211688,1653137.20703125,1.2054987263847874
PB20.13.12_Comb26Ch02,1655426.030047,1655426.025390625,0.0681654395925555
PB20.13.11_Comb21Ch02,1608276.371844,1608276.3671875,151.10379996583694
PB20.13.12_Comb04Ch02,1624908.451922,1624908.447265625,0.47789220171176394
PB20.13.10_Comb14Ch02,1640396.122821,1640396.1181640625,75.61957231615072
PB20.13.31_Comb04Ch02,1950454.716571,1950454.7119140625,0.8065566231265003
PB20.13.10_Comb09Ch02,1677551.274188,1677551.26953125,74.64231643516533
PB20.13.13_Comb09Ch02,1681976.323016,1681976.318359375,0.030339228512013525
PB20.13.13_Comb01Ch02,1737213.139422,1737213.134765625,7.220960883670457
PB20.13.11_Comb01Ch02,1578216.557391,1578216.552734375,143.20920181727243
PB20.13.10_Comb05Ch02,1645507.817157,1645507.8125,45.36250273273958
PB20.13.11_Comb02Ch02,1649856.572039,1649856.5673828125,6.58673458089996
PB20.13.10_Comb30Ch02,1625289.921649,1625289.9169921875,0.33162196896240514
PB20.13.10_Comb06Ch02,1643066.410907,1643066.40625,110.0309325461255
PB20.13.10_Comb23Ch02,1661911.015399,1661911.0107421875,151.4380836186469
PB20.13.12_Comb16Ch02,1636199.955828,1636199.951171875,113.44832982008697
PB20.13.15_Comb17Ch02,1677474.980243,1677474.9755859375,32.34850216897337
PB20.13.11_Comb04Ch02,1653823.857196,1653823.8525390625,89.12705459222768
PB20.13.11_Comb25Ch02,1844863.896258,1844863.8916015625,18.996336803343222
PB20.13.13_Comb18Ch02,1753158.573993,1753158.5693359375,455.6141943374767
PB20.13.13_Comb21Ch02,1761016.85036,1761016.845703125,74.87911768996639
PB20.13.13_Comb10Ch02,1705322.270282,1705322.265625,22.72569716880861
PB20.13.10_Comb11Ch02,3535614.018328,3535614.013671875,457.2402618462459
PB20.13.12_Comb06Ch02,1641006.474383,1641006.4697265625,84.25116305297385
PB20.13.28_Comb11Ch02,1721572.880633,1721572.8759765625,89.27274980491882
PB20.13.12_Comb17Ch02,1633758.549578,1633758.544921875,74.61042262331043
PB20.13.11_Comb14Ch02,1680984.501727,1680984.4970703125,0.5625396001398912
PB20.13.11_Comb19Ch02,1643981.93825,1643981.93359375,6.373688266502993
PB20.13.28_Comb01Ch02,1762313.84743,1762313.8427734375,2.1282403552473603
PB20.13.10_Comb10Ch02,1633071.904071,1633071.8994140625,64.18406921028455
PB20.13.13_Comb14Ch02,1708068.852313,1708068.84765625,9.274781633892616
PB20.13.10_Comb27Ch02,1640625.004657,1640625.0,8.249332644682957
PB20.13.10_Comb29Ch02,1659545.903094,1659545.8984375,50.17534119098152
PB20.13.12_Comb20Ch02,1781463.627703,1781463.623046875,0.40867209292879714
