Name,Nominal Frequency,Actual Frequency,Resistance
PB20.13.28_Comb05Ch01,1694564.823993,1694564.8193359375,1.653096715199084
PB20.13.28_Comb05Ch02,1748046.879657,1748046.875,1.493507468199276
PB20.13.28_Comb05Ch03,1784591.679461,1784591.6748046875,2.249596252325845
PB20.13.28_Comb05Ch04,1846771.244891,1846771.240234375,1.3773817521324514
PB20.13.28_Comb05Ch05,1901016.240008,1901016.2353515625,1.5617042131943342
PB20.13.28_Comb05Ch06,1958465.580828,1958465.576171875,1.7400240271449208
PB20.13.28_Comb05Ch07,2012786.869891,2012786.865234375,1.7308062452570037
PB20.13.28_Comb05Ch08,2073669.43825,2073669.43359375,1.6298867974652875
PB20.13.28_Comb05Ch09,2120437.626727,2120437.6220703125,2.9761316320903486
PB20.13.28_Comb05Ch10,2189559.94118,2189559.9365234375,1.0620136623809247
PB20.13.28_Comb05Ch11,2234573.368914,2234573.3642578125,1.7598367410815392
PB20.13.28_Comb05Ch12,2304229.740985,NaN,NaN
PB20.13.28_Comb05Ch13,2381668.095477,2381668.0908203125,2.4075149073419286
PB20.13.28_Comb05Ch14,2439346.318133,2439346.3134765625,1.6162343996800106
PB20.13.28_Comb05Ch15,2500686.650164,2500686.6455078125,1.6363669947790247
PB20.13.28_Comb05Ch16,2557678.227313,2557678.22265625,1.752613986013251
PB20.13.28_Comb05Ch17,2650299.076922,2650299.072265625,1.534455331225733
PB20.13.28_Comb05Ch18,2697677.616961,2697677.6123046875,1.7154715987340794
PB20.13.28_Comb05Ch19,2757339.482196,2757339.4775390625,2.4677949152064547
PB20.13.28_Comb05Ch20,2859268.193133,2859268.1884765625,1.154058876753148
PB20.13.28_Comb05Ch21,2918624.882586,2918624.8779296875,1.8254688021851855
PB20.13.28_Comb05Ch22,2985229.496844,2985229.4921875,2.4623060760286317
PB20.13.28_Comb05Ch23,3073120.121844,3073120.1171875,1.7743145636376085
PB20.13.28_Comb05Ch24,3147811.894305,3147811.8896484375,1.488394110391422
PB20.13.28_Comb05Ch25,3244476.323016,3244476.318359375,1.7657387384000187
PB20.13.28_Comb05Ch26,3291931.157,3291931.15234375,1.358573907319452
PB20.13.28_Comb05Ch27,3375778.202899,3375778.1982421875,1.4881826157785663
PB20.13.28_Comb05Ch28,3462829.5945,3462829.58984375,1.3899667156448638
PB20.13.28_Comb05Ch29,3577575.68825,3577575.68359375,2.4638051794062927
PB20.13.28_Comb05Ch30,3642959.599383,3642959.5947265625,1.8963609316689953
PB20.13.28_Comb05Ch31,3715209.965594,3715209.9609375,1.3771050958005215
PB20.13.28_Comb05Ch32,3814086.918719,3814086.9140625,2.9260445564230015
PB20.13.28_Comb05Ch33,3921966.557391,3921966.552734375,1.9817486898854988
PB20.13.28_Comb05Ch34,3998870.854266,3998870.849609375,1.6820785139525087
PB20.13.28_Comb05Ch35,4118499.760516,4118499.755859375,1.8121283530121841
PB20.13.28_Comb05Ch36,4185333.25661,4185333.251953125,1.4133747270619983
PB20.13.28_Comb05Ch37,4296340.947039,4296340.9423828125,1.6166164633774518
PB20.13.28_Comb05Ch38,4392547.612078,4392547.607421875,1.4300391219978796
PB20.13.28_Comb05Ch39,4507675.175555,4507675.1708984375,1.9856328784025448
PB20.13.11_Comb15Ch01,1666412.358172,1666412.353515625,1.8770221020306617
PB20.13.11_Comb15Ch02,1698455.815203,1698455.810546875,1.3542247885864345
PB20.13.11_Comb15Ch03,1729812.626727,1729812.6220703125,2.5054210155954273
PB20.13.11_Comb15Ch04,1856307.988055,1856307.9833984375,1.347452734471384
PB20.13.11_Comb15Ch05,1912765.507586,1912765.5029296875,5.849937388096092
PB20.13.11_Comb15Ch06,1954269.413836,1954269.4091796875,1.589104353147331
PB20.13.11_Comb15Ch07,2071914.677508,2071914.6728515625,1.9212759910555268
PB20.13.11_Comb15Ch08,2126388.554461,2126388.5498046875,1.0386799181676685
PB20.13.11_Comb15Ch09,2196044.926532,2196044.921875,2.0365882059127474
PB20.13.11_Comb15Ch10,2258682.255633,2258682.2509765625,1.9911040244116531
PB20.13.11_Comb15Ch11,2316589.360125,2316589.35546875,1.8825267448194507
PB20.13.11_Comb15Ch12,2368545.536883,2368545.5322265625,1.823833014478165
PB20.13.11_Comb15Ch13,2428665.165789,2428665.1611328125,1.7262943279926224
PB20.13.11_Comb15Ch14,2484970.09743,2484970.0927734375,2.7263204219807595
PB20.13.11_Comb15Ch15,2584228.520282,2584228.515625,1.4555081531988956
PB20.13.11_Comb15Ch16,2610321.049578,2610321.044921875,3.200091231623144
PB20.13.11_Comb15Ch17,2683944.706805,2683944.7021484375,2.76054283666466
PB20.13.11_Comb15Ch18,2769012.455828,2769012.451171875,1.1057200258991826
PB20.13.11_Comb15Ch19,2855682.377703,2855682.373046875,1.5448041289714112
PB20.13.11_Comb15Ch20,2914123.539813,2914123.53515625,2.7930533549535848
PB20.13.11_Comb15Ch21,2996521.00075,2996520.99609375,1.858059442075684
PB20.13.11_Comb15Ch22,3089904.789813,3089904.78515625,1.3237037071474842
PB20.13.11_Comb15Ch23,3152008.061297,3152008.056640625,1.8190011311267282
PB20.13.11_Comb15Ch24,3193435.673602,3193435.6689453125,3.0032532300461896
PB20.13.11_Comb15Ch25,3295745.854266,3295745.849609375,2.447989269604996
PB20.13.11_Comb15Ch26,3367233.281024,3367233.2763671875,2.2657515399837034
PB20.13.11_Comb15Ch27,3487701.420672,3487701.416015625,2.039787212835311
PB20.13.11_Comb15Ch28,3542251.591571,3542251.5869140625,1.9353687924832312
PB20.13.11_Comb15Ch29,3618469.242938,3618469.23828125,2.999580645439486
PB20.13.11_Comb15Ch30,3732604.985125,3732604.98046875,2.5754115305282697
PB20.13.11_Comb15Ch31,3832778.935321,3832778.9306640625,1.701741456414159
PB20.13.11_Comb15Ch32,3890533.451922,3890533.447265625,2.2361033805577515
PB20.13.11_Comb15Ch33,4011840.824969,4011840.8203125,2.3841780906296166
PB20.13.11_Comb15Ch34,4070816.044696,4070816.0400390625,1.4519518336704826
PB20.13.11_Comb15Ch35,4202575.68825,4202575.68359375,1.2837425892013279
PB20.13.11_Comb15Ch36,4281387.333758,4281387.3291015625,1.1449946627145893
PB20.13.11_Comb15Ch37,4392318.730243,4392318.7255859375,1.9565557519042323
PB20.13.11_Comb15Ch38,4407730.107196,4407730.1025390625,1.5812636796429784
PB20.13.15_Comb13Ch01,1633148.198016,1633148.193359375,1.4469253860069013
PB20.13.15_Comb13Ch02,1679611.210711,1679611.2060546875,1.4908306995597735
PB20.13.15_Comb13Ch03,1735687.260516,1735687.255859375,1.4969607108363931
PB20.13.15_Comb13Ch04,1785507.206805,1785507.2021484375,1.5061719817232637
PB20.13.15_Comb13Ch05,1824874.882586,1824874.8779296875,1.4665061963929253
PB20.13.15_Comb13Ch06,1881713.871844,1881713.8671875,1.8308539270515398
PB20.13.15_Comb13Ch07,1944732.670672,1944732.666015625,1.7706573415318438
PB20.13.15_Comb13Ch08,1996765.141375,1996765.13671875,1.7471140370270835
PB20.13.15_Comb13Ch09,2045516.97243,2045516.9677734375,1.7616351638983048
PB20.13.15_Comb13Ch10,2106399.540789,2106399.5361328125,1.0396981142845585
PB20.13.15_Comb13Ch11,2160949.711688,2160949.70703125,1.771499131293147
PB20.13.15_Comb13Ch12,2221450.810321,2221450.8056640625,1.758516249223737
PB20.13.15_Comb13Ch13,2297210.698016,2297210.693359375,1.7800213223922117
PB20.13.15_Comb13Ch14,2345733.647235,2345733.642578125,1.8123893102875526
PB20.13.15_Comb13Ch15,2426605.229266,2426605.224609375,1.4909020108136752
PB20.13.15_Comb13Ch16,2484054.570086,2484054.5654296875,1.8228440686449079
PB20.13.15_Comb13Ch17,2542800.907977,2542800.9033203125,1.5621305633391067
PB20.13.15_Comb13Ch18,2625732.426532,2625732.421875,1.7685902879352209
PB20.13.15_Comb13Ch19,2757644.657977,2757644.6533203125,1.03278510759394
PB20.13.15_Comb13Ch20,2813949.589618,2813949.5849609375,1.494470879296216
PB20.13.15_Comb13Ch21,2972869.877703,2972869.873046875,1.776763538444279
PB20.13.15_Comb13Ch22,3030090.336688,3030090.33203125,1.5010944016595433
PB20.13.15_Comb13Ch23,3134231.572039,3134231.5673828125,1.4360003621737194
PB20.13.15_Comb13Ch24,3210525.517352,3210525.5126953125,1.5490358574716274
PB20.13.15_Comb13Ch25,3280029.301532,3280029.296875,1.4379031544382
PB20.13.15_Comb13Ch26,3374252.323993,3374252.3193359375,1.407099608940353
PB20.13.15_Comb13Ch27,3440780.644305,3440780.6396484375,1.8676597187737847
PB20.13.15_Comb13Ch28,3536529.545672,3536529.541015625,1.8471664030068031
PB20.13.15_Comb13Ch29,3614883.427508,3614883.4228515625,1.3960719080442872
PB20.13.15_Comb13Ch30,3698425.297625,3698425.29296875,1.9258838101506528
PB20.13.15_Comb13Ch31,3791046.147235,3791046.142578125,1.8476788100088672
PB20.13.15_Comb13Ch32,3896484.379657,3896484.375,1.7359843210951986
PB20.13.15_Comb13Ch33,3964920.048602,3964920.0439453125,1.3860435241699185
PB20.13.15_Comb13Ch34,4079284.672625,4079284.66796875,1.444604938526258
PB20.13.15_Comb13Ch35,4161148.075946,4161148.0712890625,1.3558552233515015
PB20.13.15_Comb13Ch36,4263916.020282,4263916.015625,1.2848522050795013
PB20.13.15_Comb13Ch37,4338378.910907,4338378.90625,2.0432087136174077
PB20.13.15_Comb13Ch38,4376983.647235,4376983.642578125,1.867363482145069
PB20.13.13_Comb07Ch01,1651687.626727,1651687.6220703125,1.226134310063137
PB20.13.13_Comb07Ch02,1690444.950946,1690444.9462890625,1.2280613690699422
PB20.13.13_Comb07Ch03,1735229.496844,1735229.4921875,1.3366938596929596
PB20.13.13_Comb07Ch04,1789779.667743,1789779.6630859375,1.2681062916939032
PB20.13.13_Comb07Ch05,1840286.259539,1840286.2548828125,1.3218885151165722
PB20.13.13_Comb07Ch06,1902771.00075,1902770.99609375,1.501707986008321
PB20.13.13_Comb07Ch07,1951370.243914,1951370.2392578125,1.5341251822208588
PB20.13.13_Comb07Ch08,2010955.815203,2010955.810546875,1.5507169572915571
PB20.13.13_Comb07Ch09,2115173.3445,2115173.33984375,1.001499375624242
PB20.13.13_Comb07Ch10,2244644.169696,2244644.1650390625,1.4379284395646932
PB20.13.13_Comb07Ch11,2307128.910907,2307128.90625,1.5016647485538464
PB20.13.13_Comb07Ch12,2363128.666766,2363128.662109375,1.5100976696487307
PB20.13.13_Comb07Ch13,2427978.520282,2427978.515625,1.3284989527154665
PB20.13.13_Comb07Ch14,2488098.149188,2488098.14453125,1.5809590713497395
PB20.13.13_Comb07Ch15,2568817.143328,2568817.138671875,1.24754101495989
PB20.13.13_Comb07Ch16,2619781.498797,2619781.494140625,1.7496863994918004
PB20.13.13_Comb07Ch17,2693634.03786,2693634.033203125,1.4767998197252747
PB20.13.13_Comb07Ch18,2771224.980243,2771224.9755859375,1.0091120526941433
PB20.13.13_Comb07Ch19,2916946.415789,2916946.4111328125,1.488152747443968
PB20.13.13_Comb07Ch20,2989959.721453,2989959.716796875,1.5184467334103127
PB20.13.13_Comb07Ch21,3060226.445086,3060226.4404296875,1.240689675357484
PB20.13.13_Comb07Ch22,3144912.724383,3144912.7197265625,1.3007626927374278
PB20.13.13_Comb07Ch23,3210678.105243,3210678.1005859375,1.3347568454445216
PB20.13.13_Comb07Ch24,3375625.615008,NaN,NaN
PB20.13.13_Comb07Ch25,3473205.571063,3473205.56640625,1.630675585298042
PB20.13.13_Comb07Ch26,3540878.300555,3540878.2958984375,1.7490193665199043
PB20.13.13_Comb07Ch27,3818283.085711,3818283.0810546875,1.6548379966377627
PB20.13.13_Comb07Ch28,3895492.558368,3895492.5537109375,1.72568362621806
PB20.13.13_Comb07Ch29,3997802.739032,3997802.734375,1.2252074030672269
PB20.13.13_Comb07Ch30,4080734.257586,4080734.2529296875,1.2363440696490966
PB20.13.13_Comb07Ch31,4274444.584735,4274444.580078125,1.095410732350039
PB20.13.13_Comb07Ch32,4389266.97243,4389266.9677734375,1.4271760257256318
PB20.13.13_Comb07Ch33,4382705.693133,4382705.6884765625,1.732459736936024
PB20.13.28_Comb17Ch01,1645278.935321,1645278.9306640625,1.6000717286316397
PB20.13.28_Comb17Ch02,1683502.201922,1683502.197265625,1.3205553644708543
PB20.13.28_Comb17Ch03,1732711.796649,1732711.7919921875,2.6772092299657553
PB20.13.28_Comb17Ch04,1790618.901141,1790618.896484375,1.369839792892567
PB20.13.28_Comb17Ch05,1838836.674578,1838836.669921875,1.5488064838705011
PB20.13.28_Comb17Ch06,1897430.424578,1897430.419921875,1.6502959092505443
PB20.13.28_Comb17Ch07,1944046.025164,1944046.0205078125,2.0815796024727486
PB20.13.28_Comb17Ch08,2009429.936297,2009429.931640625,2.0493079940282417
PB20.13.28_Comb17Ch09,2064666.752703,2064666.748046875,1.5922325530859547
PB20.13.28_Comb17Ch10,2122802.739032,2122802.734375,1.0283189890320081
PB20.13.28_Comb17Ch11,2180099.491961,2180099.4873046875,2.089581826891665
PB20.13.28_Comb17Ch12,2240295.414813,2240295.41015625,1.5633341308870272
PB20.13.28_Comb17Ch13,2299728.398211,2299728.3935546875,4.463776684591078
PB20.13.28_Comb17Ch14,2365417.485125,2365417.48046875,1.6822107027706954
PB20.13.28_Comb17Ch15,2422409.062274,2422409.0576171875,1.7861359518146596
PB20.13.28_Comb17Ch16,2477416.996844,2477416.9921875,1.849858420610342
PB20.13.28_Comb17Ch17,2560272.221453,2560272.216796875,2.018883511971882
PB20.13.28_Comb17Ch18,2614593.510516,2614593.505859375,2.48645223915873
PB20.13.28_Comb17Ch19,2685470.585711,2685470.5810546875,1.6569673693502436
PB20.13.28_Comb17Ch20,2772903.447039,2772903.4423828125,1.059529317797467
PB20.13.28_Comb17Ch21,2836380.009539,2836380.0048828125,1.7552745788696604
PB20.13.28_Comb17Ch22,2975158.696063,2975158.69140625,1.7829654027445503
PB20.13.28_Comb17Ch23,3050079.35036,3050079.345703125,2.4321198811857996
PB20.13.28_Comb17Ch24,3134994.511493,3134994.5068359375,1.8907426500579034
PB20.13.28_Comb17Ch25,3203277.592547,3203277.587890625,1.6961435744376956
PB20.13.28_Comb17Ch26,3282241.825946,3282241.8212890625,1.7766939402359843
PB20.13.28_Comb17Ch27,3363494.877703,3363494.873046875,1.3931095667867421
PB20.13.28_Comb17Ch28,3463287.358172,NaN,NaN
PB20.13.28_Comb17Ch29,3533630.37575,3533630.37109375,2.8859275418288646
PB20.13.28_Comb17Ch30,3617935.185321,3617935.1806640625,1.8326598798219877
PB20.13.28_Comb17Ch31,3799972.538836,3799972.5341796875,1.7892074396274988
PB20.13.28_Comb17Ch32,3883209.233172,3883209.228515625,2.24252096692391
PB20.13.28_Comb17Ch33,3987274.174578,3987274.169921875,1.5893320579607466
PB20.13.28_Comb17Ch34,4073333.744891,4073333.740234375,1.4011617230637763
PB20.13.28_Comb17Ch35,4175491.337664,4175491.3330078125,1.5094509371694675
PB20.13.28_Comb17Ch36,4253387.455828,4253387.451171875,1.1976648507103558
PB20.13.28_Comb17Ch37,4370651.249774,4370651.2451171875,3.5696772639832224
PB20.13.28_Comb17Ch38,4379959.111102,4379959.1064453125,1.9366492620741
PB20.13.12_Comb29Ch01,1593475.346453,1593475.341796875,1.3119258899832913
PB20.13.12_Comb29Ch02,1651992.802508,1651992.7978515625,1.6393066226748714
PB20.13.12_Comb29Ch03,1693725.590594,1693725.5859375,1.3717107363351504
PB20.13.12_Comb29Ch04,1804351.811297,1804351.806640625,1.5101482701205755
PB20.13.12_Comb29Ch05,1849899.296649,1849899.2919921875,2.0261024603406153
PB20.13.12_Comb29Ch06,1902084.355243,1902084.3505859375,1.5369144585628376
PB20.13.12_Comb29Ch07,1962814.335711,1962814.3310546875,1.2394991714695183
PB20.13.12_Comb29Ch08,1999359.135516,1999359.130859375,1.2672942063558623
PB20.13.12_Comb29Ch09,2077560.429461,2077560.4248046875,0.9852162220146499
PB20.13.12_Comb29Ch10,2110366.825946,2110366.8212890625,1.2400639822170965
PB20.13.12_Comb29Ch11,2181320.195086,2181320.1904296875,1.3999936217207267
PB20.13.12_Comb29Ch12,2254714.970477,2254714.9658203125,1.4364839992205087
PB20.13.12_Comb29Ch13,2301788.334735,2301788.330078125,1.9820795295382005
PB20.13.12_Comb29Ch14,2376251.22536,2376251.220703125,1.6891258623079444
PB20.13.12_Comb29Ch15,2416687.016375,2416687.01171875,2.046642278886536
PB20.13.12_Comb29Ch16,2512130.741961,2512130.7373046875,1.5290625030542961
PB20.13.12_Comb29Ch17,2549133.305438,2549133.30078125,1.2839313252481712
PB20.13.12_Comb29Ch18,2607803.349383,2607803.3447265625,1.246332379292915
PB20.13.12_Comb29Ch19,2715911.869891,2715911.865234375,0.9376594878743745
PB20.13.12_Comb29Ch20,2771530.156024,2771530.1513671875,1.2996723949307978
PB20.13.12_Comb29Ch21,2817459.111102,2817459.1064453125,1.2162630068130722
PB20.13.12_Comb29Ch22,2894210.820086,2894210.8154296875,1.8101973344052398
PB20.13.12_Comb29Ch23,2999649.052508,2999649.0478515625,1.247064256484752
PB20.13.12_Comb29Ch24,3087921.147235,3087921.142578125,1.5198435168223754
PB20.13.12_Comb29Ch25,3131484.990008,3131484.9853515625,1.6508060224090375
PB20.13.12_Comb29Ch26,3214035.038836,3214035.0341796875,1.16827607427276
PB20.13.12_Comb29Ch27,3302688.603289,3302688.5986328125,1.3163675491716567
PB20.13.12_Comb29Ch28,3377609.257586,3377609.2529296875,1.2350059976027474
PB20.13.12_Comb29Ch29,3445968.632586,3445968.6279296875,1.16293885547761
PB20.13.12_Comb29Ch30,3538589.482196,3538589.4775390625,1.005933198950762
PB20.13.12_Comb29Ch31,3593521.122821,3593521.1181640625,1.0943397679984046
PB20.13.12_Comb29Ch32,3695144.657977,3695144.6533203125,1.6456843096337246
PB20.13.12_Comb29Ch33,3770751.957782,3770751.953125,1.269868691546989
PB20.13.12_Comb29Ch34,3927993.779071,3927993.7744140625,1.1192628396819242
PB20.13.12_Comb29Ch35,3993682.865985,3993682.861328125,1.2562900984746255
PB20.13.12_Comb29Ch36,4084396.366961,4084396.3623046875,1.0858664509247922
PB20.13.12_Comb29Ch37,4189300.541766,4189300.537109375,1.3404116368827812
PB20.13.12_Comb29Ch38,4234237.675555,4234237.6708984375,0.9247460765575888
PB20.13.12_Comb29Ch39,4354629.521258,NaN,NaN
PB20.13.13_Comb24Ch01,1647644.047625,1647644.04296875,1.2370746904238223
PB20.13.13_Comb24Ch02,1686630.25368,1686630.2490234375,1.2439960889724075
PB20.13.13_Comb24Ch03,1732559.208758,1732559.2041015625,1.313477839633076
PB20.13.13_Comb24Ch04,1791000.370868,1791000.3662109375,1.2433953400101323
PB20.13.13_Comb24Ch05,1841506.962664,1841506.9580078125,1.3227856552763018
PB20.13.13_Comb24Ch06,1899719.242938,1899719.23828125,1.5077092753771129
PB20.13.13_Comb24Ch07,1948013.310321,1948013.3056640625,1.5593669040100828
PB20.13.13_Comb24Ch08,2010955.815203,2010955.810546875,1.5357952833243196
PB20.13.13_Comb24Ch09,2123565.678485,2123565.673828125,1.0361830089998163
PB20.13.13_Comb24Ch10,2180099.491961,2180099.4873046875,1.4654172292861913
PB20.13.13_Comb24Ch11,2241287.236102,2241287.2314453125,1.4760278267096496
PB20.13.13_Comb24Ch12,2304382.328875,2304382.32421875,1.4915408537220813
PB20.13.13_Comb24Ch13,2367782.59743,2367782.5927734375,1.4559874652458562
PB20.13.13_Comb24Ch14,2424240.116961,2424240.1123046875,1.4138673384267229
PB20.13.13_Comb24Ch15,2479858.403094,2479858.3984375,1.5359259670593481
PB20.13.13_Comb24Ch16,2565460.209735,2565460.205078125,1.2915449317316239
PB20.13.13_Comb24Ch17,2616500.859149,2616500.8544921875,1.5213897392654143
PB20.13.13_Comb24Ch18,2690429.692157,2690429.6875,1.4494408777517676
PB20.13.13_Comb24Ch19,2775344.853289,2775344.8486328125,1.1122321625811609
PB20.13.13_Comb24Ch20,2841415.40993,2841415.4052734375,1.289958546549779
PB20.13.13_Comb24Ch21,2914123.539813,2914123.53515625,1.537526555935072
PB20.13.13_Comb24Ch22,2982025.151141,2982025.146484375,1.5357144043182953
PB20.13.13_Comb24Ch23,3055114.75075,3055114.74609375,1.3577490378653492
PB20.13.13_Comb24Ch24,3137741.093524,3137741.0888671875,1.4156268093893596
PB20.13.13_Comb24Ch25,3288345.341571,3288345.3369140625,1.267689953007156
PB20.13.13_Comb24Ch26,3364791.874774,3364791.8701171875,1.2115529631220106
PB20.13.13_Comb24Ch27,3470001.22536,3470001.220703125,1.6208860068500566
PB20.13.13_Comb24Ch28,3538208.012469,3538208.0078125,1.541787151670845
PB20.13.13_Comb24Ch29,3615417.485125,3615417.48046875,1.238320684725217
PB20.13.13_Comb24Ch30,3726348.88161,3726348.876953125,1.5519769062532536
PB20.13.13_Comb24Ch31,3810501.103289,3810501.0986328125,1.5915694802399474
PB20.13.13_Comb24Ch32,3885116.581805,3885116.5771484375,1.4546226020093813
PB20.13.13_Comb24Ch33,3993682.865985,3993682.861328125,1.3175919415197195
PB20.13.13_Comb24Ch34,4078369.145282,4078369.140625,1.2020498121170171
PB20.13.13_Comb24Ch35,4186172.490008,4186172.4853515625,1.1780369622908506
PB20.13.13_Comb24Ch36,4262847.905047,4262847.900390625,1.1256984414914786
PB20.13.13_Comb24Ch37,4378051.762469,4378051.7578125,1.6093047066293182
PB20.13.13_Comb24Ch38,4385604.863055,4385604.8583984375,1.6261717641147355
PB20.13.31_Comb17Ch01,1667022.709735,1667022.705078125,1.1279396023242538
PB20.13.31_Comb17Ch02,1708297.734149,1708297.7294921875,1.181266024134147
PB20.13.31_Comb17Ch03,1768493.657,1768493.65234375,1.208680515460642
PB20.13.31_Comb17Ch04,1820678.715594,1820678.7109375,1.2178586092118648
PB20.13.31_Comb17Ch05,1863479.618914,1863479.6142578125,1.2194937328335091
PB20.13.31_Comb17Ch06,1974563.603289,1974563.5986328125,1.3934955318843723
PB20.13.31_Comb17Ch07,2040023.808368,2040023.8037109375,1.3965143224666785
PB20.13.31_Comb17Ch08,2091522.221453,2091522.216796875,1.3900600457915244
PB20.13.31_Comb17Ch09,2156448.368914,2156448.3642578125,1.0081052864008373
PB20.13.31_Comb17Ch10,2206115.727313,2206115.72265625,1.4782006106944725
PB20.13.31_Comb17Ch11,2265090.947039,2265090.9423828125,1.4565347301336362
PB20.13.31_Comb17Ch12,2331695.561297,2331695.556640625,1.4537344690545186
PB20.13.31_Comb17Ch13,2398452.763446,2398452.7587890625,1.416093607882607
PB20.13.31_Comb17Ch14,2463302.616961,2463302.6123046875,1.296388177726477
PB20.13.31_Comb17Ch15,2522125.248797,2522125.244140625,1.4934518811809012
PB20.13.31_Comb17Ch16,2591705.326922,2591705.322265625,1.251366800794183
PB20.13.31_Comb17Ch17,2665328.984149,2665328.9794921875,1.5899743251131346
PB20.13.31_Comb17Ch18,2730636.601336,2730636.5966796875,1.5098815086622666
PB20.13.31_Comb17Ch19,2816085.820086,2816085.8154296875,1.0640141433884431
PB20.13.31_Comb17Ch20,2869949.345477,2869949.3408203125,1.284938776398755
PB20.13.31_Comb17Ch21,2951507.573016,2951507.568359375,1.5607512776459074
PB20.13.31_Comb17Ch22,3020095.829852,3020095.8251953125,1.481372819309374
PB20.13.31_Comb17Ch23,3086547.856219,3086547.8515625,1.3728916439861905
PB20.13.31_Comb17Ch24,3181228.642352,3181228.6376953125,1.3245381409605552
PB20.13.31_Comb17Ch25,3270950.322039,3270950.3173828125,1.4981354050527005
PB20.13.31_Comb17Ch26,3330917.363055,3330917.3583984375,1.3130330630512306
PB20.13.31_Comb17Ch27,3423995.976336,3423995.9716796875,1.2406654257065315
PB20.13.31_Comb17Ch28,3506546.025164,3506546.0205078125,1.815963880357039
PB20.13.31_Comb17Ch29,3590927.12868,3590927.1240234375,1.6910150724806814
PB20.13.31_Comb17Ch30,3675918.583758,3675918.5791015625,1.4467362337931877
PB20.13.31_Comb17Ch31,3766555.790789,3766555.7861328125,1.8169703612323578
PB20.13.31_Comb17Ch32,3846511.845477,3846511.8408203125,1.6941139710620905
PB20.13.31_Comb17Ch33,3948364.262469,3948364.2578125,1.6654248227353907
PB20.13.31_Comb17Ch34,4036865.239032,4036865.234375,1.4192612687457729
PB20.13.31_Comb17Ch35,4148101.811297,4148101.806640625,1.4639262722179789
PB20.13.31_Comb17Ch36,4229125.981219,4229125.9765625,1.3301135035324079
PB20.13.31_Comb17Ch37,4440460.209735,4440460.205078125,1.871649966317219
PB20.13.12_Comb23Ch01,1588668.827899,1588668.8232421875,1.584382327894749
PB20.13.12_Comb23Ch02,1635437.016375,1635437.01171875,1.4508282140041515
PB20.13.12_Comb23Ch03,1684188.84743,1684188.8427734375,1.381033935880872
PB20.13.12_Comb23Ch04,1731414.799578,1731414.794921875,1.4677393355956052
PB20.13.12_Comb23Ch05,1784744.267352,1784744.2626953125,1.7182913404370665
PB20.13.12_Comb23Ch06,1836242.680438,1836242.67578125,1.3653613456613845
PB20.13.12_Comb23Ch07,1884613.041766,1884613.037109375,1.4019165836573673
PB20.13.12_Comb23Ch08,1937561.039813,1937561.03515625,1.47214073405588
PB20.13.12_Comb23Ch09,1998748.783953,1998748.779296875,1.4440601732352392
PB20.13.12_Comb23Ch10,2112350.468524,2112350.4638671875,1.9184605909443064
PB20.13.12_Comb23Ch11,2169418.339618,2169418.3349609375,1.4941381944429142
PB20.13.12_Comb23Ch12,2223434.452899,2223434.4482421875,1.412877956777727
PB20.13.12_Comb23Ch13,2282791.142352,2282791.1376953125,1.3666938017546482
PB20.13.12_Comb23Ch14,2353057.865985,2353057.861328125,1.9493615312596322
PB20.13.12_Comb23Ch15,2409667.973407,2409667.96875,1.4119507875710406
PB20.13.12_Comb23Ch16,2483291.630633,2483291.6259765625,1.411697934434644
PB20.13.12_Comb23Ch17,2529983.525164,2529983.5205078125,1.4898674242233925
PB20.13.12_Comb23Ch18,2679977.421649,2679977.4169921875,1.0970372296978197
PB20.13.12_Comb23Ch19,2761077.885516,2761077.880859375,1.707192933518023
PB20.13.12_Comb23Ch20,2813339.238055,2813339.2333984375,1.4620923167269673
PB20.13.12_Comb23Ch21,2881851.200946,2881851.1962890625,1.4128834641219352
PB20.13.12_Comb23Ch22,2973175.053485,2973175.048828125,1.4403334221311115
PB20.13.12_Comb23Ch23,3043441.777118,3043441.7724609375,1.7150502525872355
PB20.13.12_Comb23Ch24,3120956.425555,3120956.4208984375,1.4108254589591467
PB20.13.12_Comb23Ch25,3205108.647235,3205108.642578125,2.3703911505143576
PB20.13.12_Comb23Ch26,3281707.768328,3281707.763671875,1.516364356863676
PB20.13.12_Comb23Ch27,3333282.47536,3333282.470703125,1.4528834483882114
PB20.13.12_Comb23Ch28,3405532.841571,3405532.8369140625,1.4338233727826422
PB20.13.12_Comb23Ch29,3535003.666766,3535003.662109375,1.8228554685130296
PB20.13.12_Comb23Ch30,3586044.31618,3586044.3115234375,1.3909637167771884
PB20.13.12_Comb23Ch31,3672256.474383,NaN,NaN
PB20.13.12_Comb23Ch32,3751602.177508,3751602.1728515625,1.3461357601351402
PB20.13.12_Comb23Ch33,3872909.550555,3872909.5458984375,1.4826416167053453
PB20.13.12_Comb23Ch34,3958511.357196,3958511.3525390625,1.2960869388061635
PB20.13.12_Comb23Ch35,4070281.987078,4070281.982421875,1.464743834650127
PB20.13.12_Comb23Ch36,4160690.312274,4160690.3076171875,1.3468434257284834
PB20.13.12_Comb23Ch37,4198455.815203,4198455.810546875,1.236028546184994
PB20.13.12_Comb23Ch38,4296569.828875,4296569.82421875,1.2610697176255192
PB20.13.28_Comb23Ch01,1637191.777118,1637191.7724609375,2.189861310386428
PB20.13.28_Comb23Ch02,1683578.495868,1683578.4912109375,1.8549110002559757
PB20.13.28_Comb23Ch03,1714019.780047,1714019.775390625,1.4405067889919545
PB20.13.28_Comb23Ch04,1766433.720477,1766433.7158203125,1.4369981418897622
PB20.13.28_Comb23Ch05,1820907.59743,1820907.5927734375,2.5806938885934794
PB20.13.28_Comb23Ch06,1891098.027118,1891098.0224609375,1.678901011302702
PB20.13.28_Comb23Ch07,1937408.451922,1937408.447265625,1.7160652722993268
PB20.13.28_Comb23Ch08,1984786.991961,1984786.9873046875,1.8426189878365584
PB20.13.28_Comb23Ch09,2054290.776141,2054290.771484375,1.7603746088472492
PB20.13.28_Comb23Ch10,2092132.573016,2092132.568359375,1.1431654296600027
PB20.13.28_Comb23Ch11,2159194.950946,2159194.9462890625,2.8594275570876957
PB20.13.28_Comb23Ch12,2220077.519305,2220077.5146484375,2.3976184407983965
PB20.13.28_Comb23Ch13,2292861.943133,2292861.9384765625,1.877473613987474
PB20.13.28_Comb23Ch14,2332534.794696,2332534.7900390625,1.741193451840915
PB20.13.28_Comb23Ch15,2403945.927508,2403945.9228515625,3.0175620861212415
PB20.13.28_Comb23Ch16,2480163.578875,2480163.57421875,1.737808861322852
PB20.13.28_Comb23Ch17,2554626.4695,2554626.46484375,1.5080705775788805
PB20.13.28_Comb23Ch18,2592315.678485,2592315.673828125,2.3061998684585343
PB20.13.28_Comb23Ch19,2687377.934344,2687377.9296875,1.976413651600711
PB20.13.28_Comb23Ch20,2735290.532,2735290.52734375,1.220332874542579
PB20.13.28_Comb23Ch21,2837982.182391,2837982.177734375,2.357041473650846
PB20.13.28_Comb23Ch22,2913055.424578,2913055.419921875,1.9918861534055987
PB20.13.28_Comb23Ch23,2981948.857196,2981948.8525390625,1.8441707974344461
PB20.13.28_Comb23Ch24,3032989.50661,3032989.501953125,1.5100943442795265
PB20.13.28_Comb23Ch25,3115158.085711,3115158.0810546875,2.5116701460294775
PB20.13.28_Comb23Ch26,3167266.85036,3167266.845703125,1.7421811952573192
PB20.13.28_Comb23Ch27,3294982.914813,3294982.91015625,2.576999223490582
PB20.13.28_Comb23Ch28,3349227.90993,3349227.9052734375,2.1556301043111046
PB20.13.28_Comb23Ch29,3439407.353289,3439407.3486328125,2.0551176856994706
PB20.13.28_Comb23Ch30,3500595.09743,3500595.0927734375,2.2744538280047952
PB20.13.28_Comb23Ch31,3611373.906024,3611373.9013671875,2.521854190824731
PB20.13.28_Comb23Ch32,3725128.178485,3725128.173828125,2.036732616975615
PB20.13.28_Comb23Ch33,3816452.031024,3816452.0263671875,2.1520209683254796
PB20.13.28_Comb23Ch34,3865280.156024,3865280.1513671875,1.9196843983268048
PB20.13.28_Comb23Ch35,3960800.175555,3960800.1708984375,2.4956963823924285
PB20.13.28_Comb23Ch36,4031524.66286,4031524.658203125,1.6022679353240898
PB20.13.28_Comb23Ch37,4195098.88161,4195098.876953125,2.1803298602183157
PB20.13.28_Comb23Ch38,4257354.740985,4257354.736328125,2.0070379918614374
PB20.13.28_Comb23Ch39,4330902.104266,4330902.099609375,1.898360218159935
PB20.13.28_Comb23Ch40,4342346.196063,4342346.19140625,1.736922935065963
PB20.13.28_Comb04Ch01,1708068.852313,1708068.84765625,1.3560910548685183
PB20.13.28_Comb04Ch02,1759872.44118,1759872.4365234375,1.945659149496389
PB20.13.28_Comb04Ch03,1812133.793719,1812133.7890625,1.394174317609365
PB20.13.28_Comb04Ch04,1865158.085711,1865158.0810546875,2.117177778407267
PB20.13.28_Comb04Ch05,1977157.59743,1977157.5927734375,1.7568680528963396
PB20.13.28_Comb04Ch06,2032775.883563,2032775.87890625,1.6132857534337093
PB20.13.28_Comb04Ch07,2097244.267352,2097244.2626953125,1.6570207739337899
PB20.13.28_Comb04Ch08,2212677.00661,2212677.001953125,1.0004370229261992
PB20.13.28_Comb04Ch09,2253570.561297,2253570.556640625,1.6154803012790657
PB20.13.28_Comb04Ch10,2324066.166766,2324066.162109375,1.9630218579095997
PB20.13.28_Comb04Ch11,2397537.236102,2397537.2314453125,1.6122237944043232
PB20.13.28_Comb04Ch12,2466278.080828,2466278.076171875,1.9769132338902056
PB20.13.28_Comb04Ch13,2524185.185321,2524185.1806640625,1.4272190021719435
PB20.13.28_Comb04Ch14,2591552.739032,NaN,NaN
PB20.13.28_Comb04Ch15,2723922.734149,2723922.7294921875,1.634203615108084
PB20.13.28_Comb04Ch16,2799911.50368,2799911.4990234375,1.6520938848986426
PB20.13.28_Comb04Ch17,2889328.007586,2889328.0029296875,1.0789539845719094
PB20.13.28_Comb04Ch18,2945861.821063,2945861.81640625,1.5401512988255777
PB20.13.28_Comb04Ch19,3104476.933368,3104476.9287109375,1.6911713632656535
PB20.13.28_Comb04Ch20,3171539.311297,3171539.306640625,1.4676364344326223
PB20.13.28_Comb04Ch21,3266906.742938,3266906.73828125,1.389394271248405
PB20.13.28_Comb04Ch22,3336868.290789,3336868.2861328125,1.5357516435704328
PB20.13.28_Comb04Ch23,3413314.823993,3413314.8193359375,1.330783275520523
PB20.13.28_Comb04Ch24,3521118.168719,3521118.1640625,1.5980725543182002
PB20.13.28_Comb04Ch25,3614425.663836,3614425.6591796875,1.8334685199154066
PB20.13.28_Comb04Ch26,3677597.050555,3677597.0458984375,1.766901146160052
PB20.13.28_Comb04Ch27,3777313.237078,3777313.232421875,1.3364339770318374
PB20.13.28_Comb04Ch28,3950576.786883,3950576.7822265625,1.9066100479049521
PB20.13.28_Comb04Ch29,4150619.511493,4150619.5068359375,1.393050839335296
PB20.13.28_Comb04Ch30,4234542.851336,4234542.8466796875,1.5678707471330955
PB20.13.28_Comb04Ch31,4334030.156024,4334030.1513671875,1.4288407084951424
PB20.13.28_Comb04Ch32,4426651.005633,4426651.0009765625,1.92379892903725
PB20.13.28_Comb04Ch33,4542388.920672,4542388.916015625,1.9596369461549974
PB20.13.10_Comb01Ch01,1646041.874774,1646041.8701171875,1.3456760683702176
PB20.13.10_Comb01Ch02,1680831.913836,1680831.9091796875,1.3735958433150939
PB20.13.10_Comb01Ch03,1728973.393328,1728973.388671875,1.5112139089411527
PB20.13.10_Comb01Ch04,1782379.155047,1782379.150390625,1.405034342409989
PB20.13.10_Comb01Ch05,1832199.101336,1832199.0966796875,1.3973367406288353
PB20.13.10_Comb01Ch06,1895065.312274,1895065.3076171875,1.6171119964120766
PB20.13.10_Comb01Ch07,1939926.152118,1939926.1474609375,1.6606988195685606
PB20.13.10_Comb01Ch08,2001571.65993,2001571.6552734375,1.6558701501922144
PB20.13.10_Comb01Ch09,2064895.634539,2064895.6298828125,1.6170829345660431
PB20.13.10_Comb01Ch10,2109222.416766,2109222.412109375,1.0538888022502182
PB20.13.10_Comb01Ch11,2183227.543719,2183227.5390625,1.677181161261693
PB20.13.10_Comb01Ch12,2237777.714618,2237777.7099609375,1.635870020755549
PB20.13.10_Comb01Ch13,2293014.531024,2293014.5263671875,1.7000772147560161
PB20.13.10_Comb01Ch14,2354354.863055,2354354.8583984375,1.6551165988116106
PB20.13.10_Comb01Ch15,2415390.019305,2415390.0146484375,1.4567920556124105
PB20.13.10_Comb01Ch16,2478866.581805,2478866.5771484375,1.675322731951685
PB20.13.10_Comb01Ch17,2556915.28786,2556915.283203125,1.4249148030512888
PB20.13.10_Comb01Ch18,2610549.931414,2610549.9267578125,1.7443434599144336
PB20.13.10_Comb01Ch19,2685012.822039,2685012.8173828125,1.578131366995807
PB20.13.10_Comb01Ch20,2758178.715594,2758178.7109375,1.0411025127436784
PB20.13.10_Comb01Ch21,2834014.897235,2834014.892578125,1.4034823804550602
PB20.13.10_Comb01Ch22,2906494.145282,2906494.140625,1.7159204855351777
PB20.13.10_Comb01Ch23,2975387.577899,2975387.5732421875,1.6341841886473563
PB20.13.10_Comb01Ch24,3046340.947039,3046340.9423828125,1.4363003715821712
PB20.13.10_Comb01Ch25,3126678.471453,3126678.466796875,1.3823457223405815
PB20.13.10_Comb01Ch26,3202209.477313,3202209.47265625,1.3888640700485115
PB20.13.10_Comb01Ch27,3283004.765399,3283004.7607421875,1.3754831259228448
PB20.13.10_Comb01Ch28,3363723.759539,3363723.7548828125,1.313510977878837
PB20.13.10_Comb01Ch29,3456802.372821,3456802.3681640625,1.846488572982035
PB20.13.10_Comb01Ch30,3525924.687274,3525924.6826171875,1.7489676732507695
PB20.13.10_Comb01Ch31,3622055.058368,3622055.0537109375,1.3265920665946427
PB20.13.10_Comb01Ch32,3718719.487078,3718719.482421875,1.7703140880063102
PB20.13.10_Comb01Ch33,3799667.363055,3799667.3583984375,1.6275077477422002
PB20.13.10_Comb01Ch34,3878326.420672,3878326.416015625,1.6113131289882976
PB20.13.10_Comb01Ch35,3974914.555438,3974914.55078125,1.3116913827080554
PB20.13.10_Comb01Ch36,4064559.94118,4064559.9365234375,1.286686790687854
PB20.13.10_Comb01Ch37,4173202.519305,4173202.5146484375,1.246580185924876
PB20.13.10_Comb01Ch38,4252471.928485,4252471.923828125,1.1805641457693243
PB20.13.10_Comb01Ch39,4368286.137469,4368286.1328125,1.0484092161678937
PB20.13.12_Comb09Ch01,1651611.332782,1651611.328125,1.3110054345700721
PB20.13.12_Comb09Ch02,1688766.484149,1688766.4794921875,1.4896437740949071
PB20.13.12_Comb09Ch03,1731796.269305,1731796.2646484375,1.4136028378963577
PB20.13.12_Comb09Ch04,1784133.915789,1784133.9111328125,1.9560566326673692
PB20.13.12_Comb09Ch05,1835250.859149,NaN,NaN
PB20.13.12_Comb09Ch06,1903839.115985,1903839.111328125,2.277454614156031
PB20.13.12_Comb09Ch07,1946563.72536,1946563.720703125,1.6905053236329648
PB20.13.12_Comb09Ch08,2005310.06325,2005310.05859375,1.5867564731178319
PB20.13.12_Comb09Ch09,2070541.386493,2070541.3818359375,1.5632647469395353
PB20.13.12_Comb09Ch10,2109451.298602,2109451.2939453125,1.0664685610054425
PB20.13.12_Comb09Ch11,2184371.952899,2184371.9482421875,1.655594295242726
PB20.13.12_Comb09Ch12,2246322.636493,2246322.6318359375,1.8060972452473032
PB20.13.12_Comb09Ch13,2302474.980243,2302474.9755859375,1.6425535809034468
PB20.13.12_Comb09Ch14,2357482.914813,2357482.91015625,2.163836846804469
PB20.13.12_Comb09Ch15,2422409.062274,2422409.0576171875,1.596018558268184
PB20.13.12_Comb09Ch16,2485427.861102,2485427.8564453125,2.004668289631411
PB20.13.12_Comb09Ch17,2566757.206805,2566757.2021484375,1.3967560060354185
PB20.13.12_Comb09Ch18,2614135.746844,2614135.7421875,1.6370359598787252
PB20.13.12_Comb09Ch19,2689285.282977,2689285.2783203125,1.6059076364053666
PB20.13.12_Comb09Ch20,2762451.176532,2762451.171875,1.0423604700238487
PB20.13.12_Comb09Ch21,2847213.749774,2847213.7451171875,1.3733642339840493
PB20.13.12_Comb09Ch22,2913513.18825,2913513.18359375,1.6224762682918459
PB20.13.12_Comb09Ch23,2986907.963641,2986907.958984375,2.1168177208447307
PB20.13.12_Comb09Ch24,3057708.744891,3057708.740234375,1.4215988935047226
PB20.13.12_Comb09Ch25,3136062.626727,3136062.6220703125,1.5509326893922417
PB20.13.12_Comb09Ch26,3201065.068133,3201065.0634765625,2.0738885999659153
PB20.13.12_Comb09Ch27,3294448.857196,3294448.8525390625,1.3261088848476763
PB20.13.12_Comb09Ch28,3371505.741961,3371505.7373046875,1.3935886319570907
PB20.13.12_Comb09Ch29,3467941.288836,3467941.2841796875,1.8558649924846558
PB20.13.12_Comb09Ch30,3532562.260516,3532562.255859375,1.7769537459684779
PB20.13.12_Comb09Ch31,3626861.576922,3626861.572265625,1.3024383581668704
PB20.13.12_Comb09Ch32,3729553.227313,3729553.22265625,1.7685258207609142
PB20.13.12_Comb09Ch33,3816452.031024,3816452.0263671875,2.3390418844416723
PB20.13.12_Comb09Ch34,3887405.400164,3887405.3955078125,1.6977409486456765
PB20.13.12_Comb09Ch35,3986434.94118,3986434.9365234375,1.5348503845503594
PB20.13.12_Comb09Ch36,4066848.759539,4066848.7548828125,2.0066526738793535
PB20.13.12_Comb09Ch37,4189910.893328,4189910.888671875,1.2235774288998535
PB20.13.12_Comb09Ch38,4268264.775164,4268264.7705078125,1.3031713692163216
PB20.13.12_Comb09Ch39,4377136.235125,4377136.23046875,0.9557330160195562
PB20.13.31_Comb21Ch01,1630935.673602,1630935.6689453125,1.136060536389929
PB20.13.31_Comb21Ch02,1675720.2195,1675720.21484375,1.2938915541406604
PB20.13.31_Comb21Ch03,1730346.684344,1730346.6796875,1.2551694901286434
PB20.13.31_Comb21Ch04,1779785.160907,1779785.15625,1.2282871597638823
PB20.13.31_Comb21Ch05,1819305.424578,1819305.419921875,1.2182215869528328
PB20.13.31_Comb21Ch06,1878814.701922,1878814.697265625,1.4803108829664853
PB20.13.31_Comb21Ch07,1937561.039813,1937561.03515625,1.4441983397129816
PB20.13.31_Comb21Ch08,1990127.568133,1990127.5634765625,1.3059914619161774
PB20.13.31_Comb21Ch09,2044143.681414,2044143.6767578125,1.4116969719708035
PB20.13.31_Comb21Ch10,2099914.555438,2099914.55078125,1.093696635786992
PB20.13.31_Comb21Ch11,2158889.775164,2158889.7705078125,1.413557861354262
PB20.13.31_Comb21Ch12,2217483.525164,2217483.5205078125,1.4482085220518779
PB20.13.31_Comb21Ch13,2291259.770282,2291259.765625,1.4121673177674687
PB20.13.31_Comb21Ch14,2419052.12868,2419052.1240234375,1.2538940982185574
PB20.13.31_Comb21Ch15,2476272.587664,2476272.5830078125,1.8227991696793084
PB20.13.31_Comb21Ch16,2537994.389422,2537994.384765625,1.187528069949969
PB20.13.31_Comb21Ch17,2615737.919696,2615737.9150390625,1.5025619550829268
PB20.13.31_Comb21Ch18,2671356.205828,2671356.201171875,1.5226126645343667
PB20.13.31_Comb21Ch19,2748718.266375,2748718.26171875,1.0807430411150243
PB20.13.31_Comb21Ch20,2809448.246844,2809448.2421875,1.2663060216205426
PB20.13.31_Comb21Ch21,2964096.073993,2964096.0693359375,1.8830530207686564
PB20.13.31_Comb21Ch22,3022460.942157,3022460.9375,1.2015207956827518
PB20.13.31_Comb21Ch23,3125686.650164,3125686.6455078125,1.2046174433806245
PB20.13.31_Comb21Ch24,3201904.301532,3201904.296875,1.2485963308452306
PB20.13.31_Comb21Ch25,3270721.440203,3270721.435546875,1.2313118966124232
PB20.13.31_Comb21Ch26,3363723.759539,3363723.7548828125,1.5231786763718713
PB20.13.31_Comb21Ch27,3431930.546649,3431930.5419921875,1.5082958266970963
PB20.13.31_Comb21Ch28,3522720.341571,3522720.3369140625,1.5062737224619411
PB20.13.31_Comb21Ch29,3605346.684344,3605346.6796875,1.5531737270537873
PB20.13.31_Comb21Ch30,3783645.634539,3783645.6298828125,1.5570828839333724
PB20.13.31_Comb21Ch31,3882141.117938,3882141.11328125,1.6407211028836288
PB20.13.31_Comb21Ch32,3954620.365985,3954620.361328125,1.1406280752664517
PB20.13.31_Comb21Ch33,4067153.935321,4067153.9306640625,1.1905097054851084
PB20.13.31_Comb21Ch34,4153594.97536,4153594.970703125,1.1029131691136835
PB20.13.31_Comb21Ch35,4249649.052508,4249649.0478515625,1.837708565736076
PB20.13.31_Comb21Ch36,4329452.519305,4329452.5146484375,1.5433801786212358
PB20.13.31_Comb21Ch37,4363327.031024,4363327.0263671875,1.4507477315182955
PB20.13.12_Comb01Ch01,1744155.888446,1744155.8837890625,1.3395274387156937
PB20.13.12_Comb01Ch02,1785278.324969,1785278.3203125,1.7862097615962773
PB20.13.12_Comb01Ch03,1846923.832782,1846923.828125,1.3948844734620711
PB20.13.12_Comb01Ch04,1896972.660907,1896972.65625,1.4228042256451876
PB20.13.12_Comb01Ch05,1960906.987078,1960906.982421875,1.7235712234975915
PB20.13.12_Comb01Ch06,2013626.103289,2013626.0986328125,1.7739607160087179
PB20.13.12_Comb01Ch07,2072601.323016,2072601.318359375,1.7774242007343783
PB20.13.12_Comb01Ch08,2127151.493914,2127151.4892578125,1.6663615298673902
PB20.13.12_Comb01Ch09,2178115.849383,2178115.8447265625,1.071780120177909
PB20.13.12_Comb01Ch10,2247314.457782,2247314.453125,1.8305014094825798
PB20.13.12_Comb01Ch11,2379684.452899,2379684.4482421875,1.9357402522517355
PB20.13.12_Comb01Ch12,2428283.696063,2428283.69140625,1.6689618460773692
PB20.13.12_Comb01Ch13,2498397.831805,2498397.8271484375,1.5531058662176933
PB20.13.12_Comb01Ch14,2697982.792743,2697982.7880859375,1.754332552959798
PB20.13.12_Comb01Ch15,2856140.141375,2856140.13671875,1.0419088908871788
PB20.13.12_Comb01Ch16,2923812.870868,2923812.8662109375,1.526416865283043
PB20.13.12_Comb01Ch17,3149719.242938,3149719.23828125,1.4736093252976463
PB20.13.12_Comb01Ch18,3241729.740985,3241729.736328125,1.4819704601673922
PB20.13.12_Comb01Ch19,3295593.266375,3295593.26171875,1.4081914387262313
PB20.13.12_Comb01Ch20,3377838.139422,3377838.134765625,1.3501740776494593
PB20.13.12_Comb01Ch21,3468017.582782,3468017.578125,1.3057357370923481
PB20.13.12_Comb01Ch22,3574829.106219,3574829.1015625,1.9485427127502783
PB20.13.12_Comb01Ch23,3648986.821063,3648986.81640625,1.8754124572106023
PB20.13.12_Comb01Ch24,3714599.614032,3714599.609375,1.4068054109990784
PB20.13.12_Comb01Ch25,3822708.134539,3822708.1298828125,1.8797111774265312
PB20.13.12_Comb01Ch26,3929367.070086,3929367.0654296875,1.6799369543093008
PB20.13.12_Comb01Ch27,4009323.124774,4009323.1201171875,1.7680020438921729
PB20.13.12_Comb01Ch28,4117431.645282,4117431.640625,1.4548502646054267
PB20.13.12_Comb01Ch29,4190826.420672,4190826.416015625,1.291350846167573
PB20.13.12_Comb01Ch30,4297332.768328,4297332.763671875,1.3046015812796512
PB20.13.12_Comb01Ch31,4387283.329852,4387283.3251953125,1.5493536721986712
PB20.13.12_Comb01Ch32,4519195.561297,4519195.556640625,1.9679511958819202
PB20.13.13_Comb02Ch01,1640930.180438,1640930.17578125,1.2073243472363804
PB20.13.13_Comb02Ch02,1683349.614032,1683349.609375,1.3369808571843513
PB20.13.13_Comb02Ch03,1730728.154071,1730728.1494140625,1.2820124727468494
PB20.13.13_Comb02Ch04,1787414.555438,1787414.55078125,1.2633301529816734
PB20.13.13_Comb02Ch05,1830291.752703,1830291.748046875,1.331499022931643
PB20.13.13_Comb02Ch06,1891326.908953,1891326.904296875,1.487367841081132
PB20.13.13_Comb02Ch07,1945190.434344,1945190.4296875,1.5758312649242814
PB20.13.13_Comb02Ch08,1999740.605243,1999740.6005859375,1.4551469405833821
PB20.13.13_Comb02Ch09,2112426.762469,2112426.7578125,1.0330879427106294
PB20.13.13_Comb02Ch10,2169418.339618,NaN,NaN
PB20.13.13_Comb02Ch11,2228012.089618,2228012.0849609375,1.627282627717474
PB20.13.13_Comb02Ch12,2300338.749774,2300338.7451171875,1.5303706849205352
PB20.13.13_Comb02Ch13,2351150.517352,2351150.5126953125,1.5068980492030501
PB20.13.13_Comb02Ch14,2423019.413836,2423019.4091796875,1.3370853783894292
PB20.13.13_Comb02Ch15,2489242.558368,2489242.5537109375,1.5024952494706594
PB20.13.13_Comb02Ch16,2550582.890399,2550582.8857421875,1.3805123831842647
PB20.13.13_Comb02Ch17,2619934.086688,2619934.08203125,1.5017745493860708
PB20.13.13_Comb02Ch18,2702255.25368,2702255.2490234375,1.496822120687805
PB20.13.13_Comb02Ch19,2762527.470477,2762527.4658203125,1.0841862427826405
PB20.13.13_Comb02Ch20,2832183.842547,2832183.837890625,1.3096650076659373
PB20.13.13_Comb02Ch21,2920150.761493,2920150.7568359375,1.574662277358877
PB20.13.13_Comb02Ch22,2983856.205828,2983856.201171875,1.4725200156626288
PB20.13.13_Comb02Ch23,3040161.137469,3040161.1328125,1.4345627859824994
PB20.13.13_Comb02Ch24,3133926.396258,3133926.3916015625,1.356744852168075
PB20.13.13_Comb02Ch25,3295669.560321,3295669.5556640625,1.2592451230329829
PB20.13.13_Comb02Ch26,3372268.681414,3372268.6767578125,1.3156817979805941
PB20.13.13_Comb02Ch27,3446273.808368,3446273.8037109375,1.6287926291391392
PB20.13.13_Comb02Ch28,3534393.315203,3534393.310546875,1.581162906790342
PB20.13.13_Comb02Ch29,3629760.746844,3629760.7421875,1.1570334362870676
PB20.13.13_Comb02Ch30,3730468.754657,3730468.75,1.7100215163225596
PB20.13.13_Comb02Ch31,3810424.809344,3810424.8046875,1.4856401832554609
PB20.13.13_Comb02Ch32,3893203.740008,3893203.7353515625,1.4562678409394731
PB20.13.13_Comb02Ch33,3973617.558368,3973617.5537109375,1.2829105552558622
PB20.13.13_Comb02Ch34,4081573.490985,4081573.486328125,1.159774184006512
PB20.13.13_Comb02Ch35,4186630.25368,4186630.2490234375,1.182605243707493
PB20.13.13_Comb02Ch36,4266967.778094,4266967.7734375,1.1135446174434493
PB20.13.13_Comb02Ch37,4346694.950946,4346694.9462890625,1.5558937076744133
PB20.13.13_Comb02Ch38,4379348.759539,4379348.7548828125,1.5028537392779577
PB20.13.12_Comb25Ch01,1591720.585711,1591720.5810546875,1.6144575167799586
PB20.13.12_Comb25Ch02,1641769.413836,1641769.4091796875,1.3710370033400405
PB20.13.12_Comb25Ch03,1688385.014422,1688385.009765625,1.7556000880484437
PB20.13.12_Comb25Ch04,1736068.730243,1736068.7255859375,1.3275512327202417
PB20.13.12_Comb25Ch05,1789245.610125,1789245.60546875,1.544732910194116
PB20.13.12_Comb25Ch06,1840209.965594,1840209.9609375,1.4611736936685333
PB20.13.12_Comb25Ch07,1888504.032977,1888504.0283203125,1.4577753226891141
PB20.13.12_Comb25Ch08,2006683.354266,2006683.349609375,2.126848601512178
PB20.13.12_Comb25Ch09,2065811.161883,2065811.1572265625,1.0229594969039861
PB20.13.12_Comb25Ch10,2120895.390399,2120895.3857421875,1.7367715380950641
PB20.13.12_Comb25Ch11,2174453.740008,2174453.7353515625,1.4352767101696922
PB20.13.12_Comb25Ch12,2290725.712664,2290725.7080078125,1.2809173704490593
PB20.13.12_Comb25Ch13,2362594.609149,2362594.6044921875,1.5326623491149896
PB20.13.12_Comb25Ch14,2416229.252703,2416229.248046875,1.4561910102916622
PB20.13.12_Comb25Ch15,2493438.72536,2493438.720703125,1.3469877152412995
PB20.13.12_Comb25Ch16,2538757.328875,2538757.32421875,1.3620661448836902
PB20.13.12_Comb25Ch17,2692565.922625,2692565.91796875,1.0045377210218316
PB20.13.12_Comb25Ch18,2766876.22536,2766876.220703125,1.6921653326030783
PB20.13.12_Comb25Ch19,2815551.762469,2815551.7578125,2.067013659619195
PB20.13.12_Comb25Ch20,2889099.12575,2889099.12109375,1.412025765792524
PB20.13.12_Comb25Ch21,2983856.205828,2983856.201171875,1.4148885698149978
PB20.13.12_Comb25Ch22,3053970.341571,3053970.3369140625,1.4867854306889696
PB20.13.12_Comb25Ch23,3124771.122821,3124771.1181640625,1.3201304090282235
PB20.13.12_Comb25Ch24,3213195.805438,3213195.80078125,1.6512732541255186
PB20.13.12_Comb25Ch25,3295364.384539,3295364.3798828125,1.3655744846688207
PB20.13.12_Comb25Ch26,3347702.031024,3347702.0263671875,1.8070512729717798
PB20.13.12_Comb25Ch27,3416824.345477,3416824.3408203125,1.343345735269593
PB20.13.12_Comb25Ch28,3537826.542743,3537826.5380859375,1.6247855586443283
PB20.13.12_Comb25Ch29,3676452.641375,3676452.63671875,1.2955105816608492
PB20.13.12_Comb25Ch30,3760757.450946,3760757.4462890625,1.2437760729545204
PB20.13.12_Comb25Ch31,3880920.414813,3880920.41015625,1.3214193637980824
PB20.13.12_Comb25Ch32,3964920.048602,3964920.0439453125,1.191711309744757
PB20.13.12_Comb25Ch33,4079742.436297,4079742.431640625,1.3281576393406163
PB20.13.12_Comb25Ch34,4170532.231219,4170532.2265625,1.2315422195075052
PB20.13.12_Comb25Ch35,4212951.664813,4212951.66015625,1.4281343813264014
PB20.13.12_Comb25Ch36,4304275.517352,4304275.5126953125,1.1253170231660392
PB20.13.15_Comb07Ch01,1643524.174578,1643524.169921875,1.5032484621876396
PB20.13.15_Comb07Ch02,1686248.783953,1686248.779296875,1.5603230373038879
PB20.13.15_Comb07Ch03,1893386.845477,1893386.8408203125,1.695390797435178
PB20.13.15_Comb07Ch04,1950454.716571,1950454.7119140625,1.6819487188702789
PB20.13.15_Comb07Ch05,2056961.064227,2056961.0595703125,1.7393706301082
PB20.13.15_Comb07Ch06,2171249.394305,2171249.3896484375,1.6699841693748443
PB20.13.15_Comb07Ch07,2233657.841571,2233657.8369140625,1.7213679497693863
PB20.13.15_Comb07Ch08,2487945.561297,2487945.556640625,1.716113643555415
PB20.13.15_Comb07Ch09,2558364.872821,2558364.8681640625,1.5028382427179383
PB20.13.15_Comb07Ch10,2689361.576922,2689361.572265625,1.7657253326880837
PB20.13.15_Comb07Ch11,2830963.139422,2830963.134765625,1.4776419834011814
PB20.13.15_Comb07Ch12,2903289.799578,2903289.794921875,1.8201839022402944
PB20.13.15_Comb07Ch13,2981109.623797,2981109.619140625,1.6938208405507007
PB20.13.15_Comb07Ch14,3046875.004657,3046875.0,1.5377017798580215
PB20.13.15_Comb07Ch15,3288040.165789,3288040.1611328125,1.5058455408619718
PB20.13.15_Comb07Ch16,3375320.439227,3375320.4345703125,1.536180676225178
PB20.13.15_Comb07Ch17,3623504.643328,3623504.638671875,1.4749055243170404
PB20.13.15_Comb07Ch18,3716354.374774,3716354.3701171875,1.8275297062104938
PB20.13.15_Comb07Ch19,3808593.754657,3808593.75,1.6668057140776475
PB20.13.15_Comb07Ch20,3898696.904071,3898696.8994140625,1.5437469771527261
PB20.13.15_Comb07Ch21,4179840.092547,4179840.087890625,1.5080758487733164
PB20.13.15_Comb07Ch22,4268875.126727,4268875.1220703125,1.4621338040282978
PB20.13.13_Comb23Ch01,1703109.745868,1703109.7412109375,1.2797319939569638
PB20.13.13_Comb23Ch02,1752395.634539,1752395.6298828125,1.315224070064695
PB20.13.13_Comb23Ch03,1788177.494891,1788177.490234375,1.311523031093154
PB20.13.13_Comb23Ch04,1847381.596453,1847381.591796875,1.2522522530861846
PB20.13.13_Comb23Ch05,1901626.591571,1901626.5869140625,1.2756006204001338
PB20.13.13_Comb23Ch06,1962585.453875,1962585.44921875,1.5626777801809915
PB20.13.13_Comb23Ch07,2015380.864032,2015380.859375,1.5312130879131924
PB20.13.13_Comb23Ch08,2071838.383563,2071838.37890625,1.6844008483730633
PB20.13.13_Comb23Ch09,2175521.855243,2175521.8505859375,1.0449507400094618
PB20.13.13_Comb23Ch10,2240371.708758,2240371.7041015625,1.596180084344363
PB20.13.13_Comb23Ch11,2313995.365985,2313995.361328125,1.5801268879237216
PB20.13.13_Comb23Ch12,2391586.308368,2391586.3037109375,1.7131317355238163
PB20.13.13_Comb23Ch13,2433547.978289,2433547.9736328125,1.4920535128154055
PB20.13.13_Comb23Ch14,2508392.338641,2508392.333984375,1.3475747163492486
PB20.13.13_Comb23Ch15,2565612.797625,2565612.79296875,1.5435133633030766
PB20.13.13_Comb23Ch16,2662963.871844,2662963.8671875,1.372580920019679
PB20.13.13_Comb23Ch17,2709198.002703,2709197.998046875,1.7947788300073595
PB20.13.13_Comb23Ch18,2761535.649188,2761535.64453125,1.7292900926772292
PB20.13.13_Comb23Ch19,2852783.207782,2852783.203125,1.1091296926538599
PB20.13.13_Comb23Ch20,2935485.8445,2935485.83984375,1.379002409866351
PB20.13.13_Comb23Ch21,2979812.626727,2979812.6220703125,1.8226786338035923
PB20.13.13_Comb23Ch22,3074569.706805,3074569.7021484375,1.5893806302936808
PB20.13.13_Comb23Ch23,3162689.213641,3162689.208984375,1.418516767358909
PB20.13.13_Comb23Ch24,3259048.466571,3259048.4619140625,1.3420703946652435
PB20.13.13_Comb23Ch25,3382110.60036,3382110.595703125,1.2815026286211562
PB20.13.13_Comb23Ch26,3474197.392352,3474197.3876953125,1.3103117090792802
PB20.13.13_Comb23Ch27,3586120.610125,3586120.60546875,2.1725635564338526
PB20.13.13_Comb23Ch28,3648757.939227,3648757.9345703125,1.7940540878249458
PB20.13.13_Comb23Ch29,3719177.25075,3719177.24609375,1.2338868977045283
PB20.13.13_Comb23Ch30,3817672.734149,3817672.7294921875,1.8196484299121733
PB20.13.13_Comb23Ch31,3939666.752703,3939666.748046875,1.708916049423392
PB20.13.13_Comb23Ch32,4016876.22536,4016876.220703125,1.5726136324969229
PB20.13.13_Comb23Ch33,4129028.324969,4129028.3203125,1.3715293978721472
PB20.13.13_Comb23Ch34,4195327.763446,4195327.7587890625,1.2609388971049404
PB20.13.13_Comb23Ch35,4314575.199969,4314575.1953125,1.2814809486111716
PB20.13.13_Comb23Ch36,4399642.948993,4399642.9443359375,1.2593139796413333
PB20.13.13_Comb23Ch37,4508209.233172,4508209.228515625,2.042990365595714
PB20.13.13_Comb23Ch38,4524841.31325,4524841.30859375,1.5836628427318875
PB20.13.13_Comb30Ch01,1653747.56325,1653747.55859375,1.3419583967542634
PB20.13.13_Comb30Ch02,1694488.530047,1694488.525390625,1.3032530230100512
PB20.13.13_Comb30Ch03,1736068.730243,1736068.7255859375,1.3165946635357715
PB20.13.13_Comb30Ch04,1797943.119891,1797943.115234375,1.4843938821455636
PB20.13.13_Comb30Ch05,1843566.899188,1843566.89453125,1.4052966648433856
PB20.13.13_Comb30Ch06,1906127.934344,NaN,NaN
PB20.13.13_Comb30Ch07,1957626.34743,NaN,NaN
PB20.13.13_Comb30Ch08,2017822.270282,NaN,NaN
PB20.13.13_Comb30Ch09,2119293.217547,NaN,NaN
PB20.13.13_Comb30Ch10,2247314.457782,NaN,NaN
PB20.13.13_Comb30Ch11,2317581.181414,NaN,NaN
PB20.13.13_Comb30Ch12,2364273.075946,NaN,NaN
PB20.13.13_Comb30Ch13,2437210.087664,NaN,NaN
PB20.13.13_Comb30Ch14,2488403.324969,NaN,NaN
PB20.13.13_Comb30Ch15,2574310.307391,NaN,NaN
PB20.13.13_Comb30Ch16,2626495.365985,NaN,NaN
PB20.13.13_Comb30Ch17,2782058.720477,NaN,NaN
PB20.13.13_Comb30Ch18,2848892.216571,NaN,NaN
PB20.13.13_Comb30Ch19,2993087.773211,NaN,NaN
PB20.13.13_Comb30Ch20,3063583.37868,NaN,NaN
PB20.13.13_Comb30Ch21,3375320.439227,NaN,NaN
PB20.13.13_Comb30Ch22,3484191.899188,NaN,NaN
PB20.13.13_Comb30Ch23,3558731.083758,NaN,NaN
PB20.13.13_Comb30Ch24,3628082.280047,NaN,NaN
PB20.13.13_Comb30Ch25,3823776.249774,NaN,NaN
PB20.13.13_Comb30Ch26,3897323.613055,NaN,NaN
PB20.13.13_Comb30Ch27,4014053.349383,NaN,NaN
PB20.13.13_Comb30Ch28,4195556.645282,NaN,NaN
PB20.13.13_Comb30Ch29,4279251.103289,NaN,NaN
PB20.13.13_Comb30Ch30,4385986.332782,NaN,NaN
PB20.13.13_Comb30Ch31,4413299.565203,NaN,NaN
PB20.13.13_Comb29Ch01,1685791.020282,1685791.015625,1.3279605270168933
PB20.13.13_Comb29Ch02,1733016.97243,1733016.9677734375,1.3779377769426802
PB20.13.13_Comb29Ch03,1777954.106219,1777954.1015625,1.3166428947993423
PB20.13.13_Comb29Ch04,1836090.092547,1836090.087890625,1.397290025972899
PB20.13.13_Comb29Ch05,1886978.154071,1886978.1494140625,1.3428850269789714
PB20.13.13_Comb29Ch06,1995010.380633,1995010.3759765625,1.5738559124354234
PB20.13.13_Comb29Ch07,2057037.358172,2057037.353515625,1.5258433600390322
PB20.13.13_Comb29Ch08,2178955.082782,2178955.078125,1.0197106599784973
PB20.13.13_Comb29Ch09,2231140.141375,2231140.13671875,1.488809836786906
PB20.13.13_Comb29Ch10,2296905.522235,2296905.517578125,1.713403559694531
PB20.13.13_Comb29Ch11,2358856.205828,2358856.201171875,1.5455382758651934
PB20.13.13_Comb29Ch12,2426528.935321,2426528.9306640625,1.520572196150697
PB20.13.13_Comb29Ch13,2480392.460711,2480392.4560546875,1.367285896446452
PB20.13.13_Comb29Ch14,2562026.982196,2562026.9775390625,1.519245221297987
PB20.13.13_Comb29Ch15,2625198.368914,2625198.3642578125,1.3636710438090334
PB20.13.13_Comb29Ch16,2689361.576922,2689361.572265625,1.5583193695325919
PB20.13.13_Comb29Ch17,2776870.732196,2776870.7275390625,1.5585928009354701
PB20.13.13_Comb29Ch18,2843399.052508,2843399.0478515625,1.1732787692365207
PB20.13.13_Comb29Ch19,2904357.914813,2904357.91015625,1.2803139871294755
PB20.13.13_Comb29Ch20,2987747.197039,2987747.1923828125,1.5054989278478914
PB20.13.13_Comb29Ch21,3059768.681414,3059768.6767578125,1.5006775365402842
PB20.13.13_Comb29Ch22,3126144.413836,3126144.4091796875,1.3441986219793514
PB20.13.13_Comb29Ch23,3215789.799578,3215789.794921875,1.4108442299341322
PB20.13.13_Comb29Ch24,3378372.197039,3378372.1923828125,1.1965756565336616
PB20.13.13_Comb29Ch25,3464965.824969,3464965.8203125,1.2598380098509787
PB20.13.13_Comb29Ch26,3548812.870868,3548812.8662109375,1.5935450775935682
PB20.13.13_Comb29Ch27,3610305.790789,3610305.7861328125,1.630671276793004
PB20.13.13_Comb29Ch28,3726959.233172,3726959.228515625,1.1311188429327468
PB20.13.13_Comb29Ch29,3818130.497821,3818130.4931640625,1.5876581076917518
PB20.13.13_Comb29Ch30,3915710.453875,3915710.44921875,1.470273662181148
PB20.13.13_Comb29Ch31,3995742.802508,3995742.7978515625,1.4712783146936825
PB20.13.13_Comb29Ch32,4086151.127703,4086151.123046875,1.3351625301371748
PB20.13.13_Comb29Ch33,4175872.807391,4175872.802734375,1.3008662380320979
PB20.13.13_Comb29Ch34,4288177.494891,4288177.490234375,1.0940598377494135
PB20.13.13_Comb29Ch35,4369125.370868,4369125.3662109375,1.1779508542157517
PB20.13.13_Comb29Ch36,4481124.882586,4481124.8779296875,1.6358554748262084
PB20.13.13_Comb29Ch37,4475097.660907,4475097.65625,1.6850568228957747
PB20.13.13_Comb26Ch01,1636657.7195,1636657.71484375,1.2922628824195446
PB20.13.13_Comb26Ch02,1689529.423602,1689529.4189453125,1.2994018633328885
PB20.13.13_Comb26Ch03,1735916.142352,1735916.1376953125,1.3547056894274032
PB20.13.13_Comb26Ch04,1789398.198016,1789398.193359375,1.2825281319051216
PB20.13.13_Comb26Ch05,1829681.401141,1829681.396484375,1.3827278453802823
PB20.13.13_Comb26Ch06,1887969.97536,NaN,NaN
PB20.13.13_Comb26Ch07,1956405.644305,NaN,NaN
PB20.13.13_Comb26Ch08,2001113.896258,NaN,NaN
PB20.13.13_Comb26Ch09,2103576.664813,NaN,NaN
PB20.13.13_Comb26Ch10,2162475.590594,NaN,NaN
PB20.13.13_Comb26Ch11,2225875.859149,NaN,NaN
PB20.13.13_Comb26Ch12,2312545.781024,NaN,NaN
PB20.13.13_Comb26Ch13,2344589.238055,NaN,NaN
PB20.13.13_Comb26Ch14,2436981.205828,NaN,NaN
PB20.13.13_Comb26Ch15,2486572.270282,NaN,NaN
PB20.13.13_Comb26Ch16,2557067.87575,NaN,NaN
PB20.13.13_Comb26Ch17,2629241.948016,NaN,NaN
PB20.13.13_Comb26Ch18,2679595.951922,NaN,NaN
PB20.13.13_Comb26Ch19,2758941.655047,NaN,NaN
PB20.13.13_Comb26Ch20,2821044.926532,NaN,NaN
PB20.13.13_Comb26Ch21,2893981.93825,NaN,NaN
PB20.13.13_Comb26Ch22,2983322.148211,NaN,NaN
PB20.13.13_Comb26Ch23,3041458.134539,NaN,NaN
PB20.13.13_Comb26Ch24,3153762.822039,NaN,NaN
PB20.13.13_Comb26Ch25,3286209.111102,NaN,NaN
PB20.13.13_Comb26Ch26,3373870.854266,NaN,NaN
PB20.13.13_Comb26Ch27,3457260.136493,NaN,NaN
PB20.13.13_Comb26Ch28,3550033.573993,NaN,NaN
PB20.13.13_Comb26Ch29,3701553.349383,NaN,NaN
PB20.13.13_Comb26Ch30,3804931.645282,NaN,NaN
PB20.13.13_Comb26Ch31,3903427.12868,NaN,NaN
PB20.13.13_Comb26Ch32,3987426.762469,NaN,NaN
PB20.13.13_Comb26Ch33,4085922.245868,NaN,NaN
PB20.13.13_Comb26Ch34,4173278.81325,NaN,NaN
PB20.13.13_Comb26Ch35,4279174.809344,NaN,NaN
PB20.13.13_Comb26Ch36,4349823.002703,4349822.998046875,2.073124355839405
PB20.13.13_Comb26Ch37,4394836.430438,4394836.42578125,1.7833216578700053
PB20.13.12_Comb28Ch01,1590728.764422,1590728.759765625,1.8778611403149053
PB20.13.12_Comb28Ch02,1635818.486102,1635818.4814453125,1.639490937880097
PB20.13.12_Comb28Ch03,1740570.073016,1740570.068359375,1.3280576453893649
PB20.13.12_Comb28Ch04,1795730.595477,1795730.5908203125,1.8899441929620815
PB20.13.12_Comb28Ch05,1836471.562274,1836471.5576171875,1.4716477312101308
PB20.13.12_Comb28Ch06,1882934.574969,1882934.5703125,1.4675579169233444
PB20.13.12_Comb28Ch07,1947937.016375,1947937.01171875,1.5332450256647403
PB20.13.12_Comb28Ch08,2070541.386493,2070541.3818359375,1.0623941930401446
PB20.13.12_Comb28Ch09,2116775.517352,2116775.5126953125,2.0885643616703655
PB20.13.12_Comb28Ch10,2172088.627703,2172088.623046875,1.6855383421721193
PB20.13.12_Comb28Ch11,2227249.150164,2227249.1455078125,1.5602423245812684
PB20.13.12_Comb28Ch12,2293777.470477,2293777.4658203125,1.3706518542233297
PB20.13.12_Comb28Ch13,2405242.924578,2405242.919921875,1.4625669998532687
PB20.13.12_Comb28Ch14,2486114.50661,2486114.501953125,1.4921541745510483
PB20.13.12_Comb28Ch15,2539367.680438,2539367.67578125,1.5243531270170683
PB20.13.12_Comb28Ch16,2598648.075946,2598648.0712890625,1.535355645577811
PB20.13.12_Comb28Ch17,2699661.259539,2699661.2548828125,1.0770174424435839
PB20.13.12_Comb28Ch18,2758331.303485,2758331.298828125,2.0788452322505018
PB20.13.12_Comb28Ch19,2803955.082782,2803955.078125,1.686547971316959
PB20.13.12_Comb28Ch20,2876510.624774,2876510.6201171875,1.5997983035123533
PB20.13.12_Comb28Ch21,2984085.087664,2984085.0830078125,1.6305793142399403
PB20.13.12_Comb28Ch22,3129730.229266,3129730.224609375,1.353734373006137
PB20.13.12_Comb28Ch23,3207092.289813,3207092.28515625,2.006104952286793
PB20.13.12_Comb28Ch24,3283233.647235,3283233.642578125,1.6967602625750378
PB20.13.12_Comb28Ch25,3343048.10036,3343048.095703125,1.5222745275593996
PB20.13.12_Comb28Ch26,3420410.160907,3420410.15625,1.6019150406611706
PB20.13.12_Comb28Ch27,3535232.548602,3535232.5439453125,1.8782610050049786
PB20.13.12_Comb28Ch28,3583755.497821,3583755.4931640625,1.7140547895503855
PB20.13.12_Comb28Ch29,3667907.7195,3667907.71484375,1.5460501740487442
PB20.13.12_Comb28Ch30,3741531.376727,3741531.3720703125,1.4495820228438534
PB20.13.12_Comb28Ch31,3891372.685321,3891372.6806640625,1.676006023131849
PB20.13.12_Comb28Ch32,3976058.964618,3976058.9599609375,1.3514893872794633
PB20.13.12_Comb28Ch33,4072189.335711,4072189.3310546875,1.8397940854497217
PB20.13.12_Comb28Ch34,4159851.078875,4159851.07421875,1.6355961105720815
PB20.13.12_Comb28Ch35,4316558.842547,4316558.837890625,1.4580612908638522
PB20.13.13_Comb12Ch01,1649856.572039,1649856.5673828125,1.4678968278153472
PB20.13.13_Comb12Ch02,1685867.314227,1685867.3095703125,1.3874112736802329
PB20.13.13_Comb12Ch03,1732254.032977,1732254.0283203125,1.2538569751367337
PB20.13.13_Comb12Ch04,1781692.509539,1781692.5048828125,1.3219991453907756
PB20.13.13_Comb12Ch05,1834945.683368,1834945.6787109375,1.5015595036630027
PB20.13.13_Comb12Ch06,1902847.294696,1902847.2900390625,1.921810374110652
PB20.13.13_Comb12Ch07,1944427.494891,1944427.490234375,1.5096580986622956
PB20.13.13_Comb12Ch08,2002716.06911,2002716.064453125,1.583465735168944
PB20.13.13_Comb12Ch09,2106094.365008,2106094.3603515625,1.0580523803220727
PB20.13.13_Comb12Ch10,2181854.252703,2181854.248046875,1.616179247469662
PB20.13.13_Comb12Ch11,2244415.28786,2244415.283203125,1.8360974571936213
PB20.13.13_Comb12Ch12,2298736.576922,2298736.572265625,1.6469068014190391
PB20.13.13_Comb12Ch13,2355957.035907,2355957.03125,1.6080091058280503
PB20.13.13_Comb12Ch14,2420730.595477,2420730.5908203125,1.3706897594240188
PB20.13.13_Comb12Ch15,2486419.682391,2486419.677734375,1.5767010625507396
PB20.13.13_Comb12Ch16,2564620.976336,2564620.9716796875,1.8550334926742926
PB20.13.13_Comb12Ch17,2613296.513446,2613296.5087890625,1.5747445489752379
PB20.13.13_Comb12Ch18,2690048.22243,2690048.2177734375,1.635784221910771
PB20.13.13_Comb12Ch19,2757110.60036,2757110.595703125,1.1293039870769874
PB20.13.13_Comb12Ch20,2842483.525164,2842483.5205078125,1.908824002866064
PB20.13.13_Comb12Ch21,2911529.545672,2911529.541015625,1.8403564549925646
PB20.13.13_Comb12Ch22,2984924.321063,2984924.31640625,1.6463185163249454
PB20.13.13_Comb12Ch23,3058853.154071,3058853.1494140625,2.038525997946875
PB20.13.13_Comb12Ch24,3130874.638446,3130874.6337890625,1.3568597788963594
PB20.13.13_Comb12Ch25,3292770.390399,3292770.3857421875,1.5142879989545819
PB20.13.13_Comb12Ch26,3371658.329852,3371658.3251953125,1.3766685345843872
PB20.13.13_Comb12Ch27,3465499.882586,3465499.8779296875,2.173930221624796
PB20.13.13_Comb12Ch28,3526916.508563,3526916.50390625,1.56892407903147
PB20.13.13_Comb12Ch29,3629074.101336,3629074.0966796875,1.3088671629791493
PB20.13.13_Comb12Ch30,3722457.890399,3722457.8857421875,2.2532211747874724
PB20.13.13_Comb12Ch31,3815002.446063,3815002.44140625,2.278533380572312
PB20.13.13_Comb12Ch32,3886184.697039,3886184.6923828125,1.4889738952905842
PB20.13.13_Comb12Ch33,3981018.071063,3981018.06640625,1.3854753485748306
PB20.13.13_Comb12Ch34,4066085.820086,4066085.8154296875,1.2312514661675191
PB20.13.13_Comb12Ch35,4185791.020282,4185791.015625,1.9124791744640866
PB20.13.13_Comb12Ch36,4264984.135516,4264984.130859375,1.164869587772209
PB20.13.13_Comb12Ch37,4370727.543719,4370727.5390625,1.6742592203099864
PB20.13.13_Comb12Ch38,4377899.174578,4377899.169921875,1.5515824030254275
PB20.13.13_Comb22Ch01,1639099.12575,1639099.12109375,1.2516504228949703
PB20.13.13_Comb22Ch02,1684570.317157,1684570.3125,1.3933763471477352
PB20.13.13_Comb22Ch03,1736679.081805,1736679.0771484375,1.3314944268611193
PB20.13.13_Comb22Ch04,1889877.323993,1889877.3193359375,1.4633827785900466
PB20.13.13_Comb22Ch05,1947937.016375,1947937.01171875,1.5332374168108156
PB20.13.13_Comb22Ch06,2167663.578875,2167663.57421875,1.4507528381395476
PB20.13.13_Comb22Ch07,2302322.392352,2302322.3876953125,1.4740929856590967
PB20.13.13_Comb22Ch08,2479782.109149,2479782.1044921875,1.4786229763192207
PB20.13.13_Comb22Ch09,2552108.769305,2552108.7646484375,1.3226922413599276
PB20.13.13_Comb22Ch10,2686538.700946,2686538.6962890625,1.46089642525473
PB20.13.13_Comb22Ch11,2827835.087664,2827835.0830078125,1.2436933794579472
PB20.13.13_Comb22Ch12,2903900.151141,NaN,NaN
PB20.13.13_Comb22Ch13,2979507.450946,NaN,NaN
PB20.13.13_Comb22Ch14,3037796.025164,NaN,NaN
PB20.13.13_Comb22Ch15,3140869.145282,3140869.140625,1.426555329442517
PB20.13.13_Comb22Ch16,3447494.511493,NaN,NaN
PB20.13.13_Comb22Ch17,3621215.824969,NaN,NaN
PB20.13.13_Comb22Ch18,3714752.201922,NaN,NaN
PB20.13.13_Comb22Ch19,3807067.87575,NaN,NaN
PB20.13.13_Comb22Ch20,3895111.088641,3895111.083984375,1.4532703396072337
PB20.13.13_Comb22Ch21,4344482.426532,4344482.421875,1.3609160963978022
PB20.13.28_Comb10Ch01,1711502.079852,1711502.0751953125,2.0408895448371123
PB20.13.28_Comb10Ch02,1760635.380633,1760635.3759765625,1.387396710881114
PB20.13.28_Comb10Ch03,1795959.477313,1795959.47265625,3.788575990308546
PB20.13.28_Comb10Ch04,1846771.244891,1846771.240234375,1.3338211401051003
PB20.13.28_Comb10Ch05,1905670.170672,1905670.166015625,1.8637227204423188
PB20.13.28_Comb10Ch06,1976013.18825,1976013.18359375,1.8595194781756879
PB20.13.28_Comb10Ch07,2031707.768328,2031707.763671875,1.5482120353537947
PB20.13.28_Comb10Ch08,2080917.363055,2080917.3583984375,1.591250463207672
PB20.13.28_Comb10Ch09,2136688.237078,2136688.232421875,4.344625713795044
PB20.13.28_Comb10Ch10,2177963.261493,2177963.2568359375,1.0691455049129939
PB20.13.28_Comb10Ch11,2251739.50661,2251739.501953125,2.344794720985928
PB20.13.28_Comb10Ch12,2322158.818133,2322158.8134765625,1.7219787540045537
PB20.13.28_Comb10Ch13,2402648.930438,2402648.92578125,3.11200878431187
PB20.13.28_Comb10Ch14,2432937.626727,2432937.6220703125,1.5966641463077222
PB20.13.28_Comb10Ch15,2518768.315203,2518768.310546875,1.8284129853758235
PB20.13.28_Comb10Ch16,2565078.740008,2565078.7353515625,1.9862686604853328
PB20.13.28_Comb10Ch17,2676391.606219,2676391.6015625,1.2492724467469118
PB20.13.28_Comb10Ch18,2708740.239032,2708740.234375,1.7391099456021029
PB20.13.28_Comb10Ch19,2762298.588641,2762298.583984375,4.4429989914188015
PB20.13.28_Comb10Ch20,2857284.550555,2857284.5458984375,1.2005754825802555
PB20.13.28_Comb10Ch21,2995147.709735,2995147.705078125,4.986951119899874
PB20.13.28_Comb10Ch22,3176879.887469,3176879.8828125,1.319197815847166
PB20.13.28_Comb10Ch23,3265914.921649,3265914.9169921875,1.9372632680824409
PB20.13.28_Comb10Ch24,3315277.104266,3315277.099609375,1.498643281710863
PB20.13.28_Comb10Ch25,3394393.925555,3394393.9208984375,2.3304963128200273
PB20.13.28_Comb10Ch26,3483123.783953,3483123.779296875,1.4601601500461112
PB20.13.28_Comb10Ch27,3605804.448016,3605804.443359375,3.8458410108407395
PB20.13.28_Comb10Ch28,3671646.122821,3671646.1181640625,1.7625303277120652
PB20.13.28_Comb10Ch29,3727111.821063,3727111.81640625,1.901339983030188
PB20.13.28_Comb10Ch30,3835296.635516,NaN,NaN
PB20.13.28_Comb10Ch31,4018936.161883,4018936.1572265625,1.8152771542857191
PB20.13.28_Comb10Ch32,4143600.468524,4143600.4638671875,2.002036587671589
PB20.13.28_Comb10Ch33,4205551.152118,4205551.1474609375,1.467426609959653
PB20.13.28_Comb10Ch34,4327163.700946,4327163.6962890625,2.2685171018417534
PB20.13.28_Comb10Ch35,4544296.269305,4544296.2646484375,1.4524339707107734
PB20.13.28_Comb10Ch36,4563140.873797,4563140.869140625,1.5638927580254884
PB20.13.13_Comb28Ch01,1639556.889422,1639556.884765625,1.2206140241908376
PB20.13.13_Comb28Ch02,1683044.43825,1683044.43359375,1.2816630724660678
PB20.13.13_Comb28Ch03,1728591.923602,1728591.9189453125,1.2859032410037792
PB20.13.13_Comb28Ch04,1780548.10036,1780548.095703125,1.2077258996361586
PB20.13.13_Comb28Ch05,1827163.700946,1827163.6962890625,1.2660357995188674
PB20.13.13_Comb28Ch06,1890563.9695,1890563.96484375,1.4686366483459121
PB20.13.13_Comb28Ch07,1943969.731219,1943969.7265625,1.4583129156647818
PB20.13.13_Comb28Ch08,1995010.380633,1995010.3759765625,1.5673239624633482
PB20.13.13_Comb28Ch09,2101898.198016,2101898.193359375,1.0120253003962187
PB20.13.13_Comb28Ch10,2166595.463641,2166595.458984375,1.482802645464919
PB20.13.13_Comb28Ch11,2227859.501727,2227859.4970703125,1.5105126879639992
PB20.13.13_Comb28Ch12,2297592.167743,2297592.1630859375,1.5427557252807789
PB20.13.13_Comb28Ch13,2344589.238055,2344589.2333984375,1.4555927905364094
PB20.13.13_Comb28Ch14,2419891.362078,2419891.357421875,1.2609469437941312
PB20.13.13_Comb28Ch15,2489089.970477,2489089.9658203125,1.4440369312444836
PB20.13.13_Comb28Ch16,2549057.011493,2549057.0068359375,1.2735453634735807
PB20.13.13_Comb28Ch17,2613906.865008,2613906.8603515625,1.6134004402208417
PB20.13.13_Comb28Ch18,2692947.392352,2692947.3876953125,1.5710019551736187
PB20.13.13_Comb28Ch19,2750625.615008,2750625.6103515625,1.0494296199127193
PB20.13.13_Comb28Ch20,2828979.496844,2828979.4921875,1.256513076892902
PB20.13.13_Comb28Ch21,2907943.730243,2907943.7255859375,1.6055660130631355
PB20.13.13_Comb28Ch22,2982559.208758,2982559.2041015625,1.4288945691265382
PB20.13.13_Comb28Ch23,3036117.558368,3036117.5537109375,1.396833052008244
PB20.13.13_Comb28Ch24,3130340.580828,3130340.576171875,1.2531472265102805
PB20.13.13_Comb28Ch25,3290863.041766,3290863.037109375,1.2027631264411764
PB20.13.13_Comb28Ch26,3372955.326922,3372955.322265625,1.2954690801680333
PB20.13.13_Comb28Ch27,3442764.286883,3442764.2822265625,1.6043466351254085
PB20.13.13_Comb28Ch28,3524703.984149,3524703.9794921875,1.6071460318033333
PB20.13.13_Comb28Ch29,3622283.940203,3622283.935546875,1.1648576208543278
PB20.13.13_Comb28Ch30,3718948.368914,3718948.3642578125,1.6546192324303022
PB20.13.13_Comb28Ch31,3808746.342547,3808746.337890625,1.4286043684804473
PB20.13.13_Comb28Ch32,3889923.10036,3889923.095703125,1.391727214198523
PB20.13.13_Comb28Ch33,3967514.042743,3967514.0380859375,1.1805452840536288
PB20.13.13_Comb28Ch34,4063873.295672,4063873.291015625,1.1250126945531487
PB20.13.13_Comb28Ch35,4180145.268328,4180145.263671875,1.09410007060279
PB20.13.13_Comb28Ch36,4268417.363055,4268417.3583984375,1.1154885368274121
PB20.13.13_Comb28Ch37,4346008.305438,4346008.30078125,1.6318233026364206
PB20.13.13_Comb28Ch38,4367980.961688,4367980.95703125,1.6546587236823904
PB20.13.15_Comb05Ch01,1639175.419696,1639175.4150390625,1.4843110855536314
PB20.13.15_Comb05Ch02,1678466.801532,1678466.796875,1.4641935034231353
PB20.13.15_Comb05Ch03,1729049.687274,1729049.6826171875,1.5938621777053055
PB20.13.15_Comb05Ch04,1785507.206805,1785507.2021484375,1.4571355672406783
PB20.13.15_Comb05Ch05,1832199.101336,1832199.0966796875,1.508559511788852
PB20.13.15_Comb05Ch06,1890792.851336,1890792.8466796875,1.6495835364706506
PB20.13.15_Comb05Ch07,1938018.803485,1938018.798828125,1.6176712658734393
PB20.13.15_Comb05Ch08,2002258.305438,2002258.30078125,1.613850368803095
PB20.13.15_Comb05Ch09,2116775.517352,2116775.5126953125,0.9305842022423509
PB20.13.15_Comb05Ch10,2171630.864032,2171630.859375,1.6140223117982027
PB20.13.15_Comb05Ch11,2231445.317157,2231445.3125,1.5641713746917227
PB20.13.15_Comb05Ch12,2291336.064227,2291336.0595703125,1.6516283366752613
PB20.13.15_Comb05Ch13,2357864.384539,2357864.3798828125,1.5498069872721532
PB20.13.15_Comb05Ch14,2414703.373797,2414703.369140625,1.5127043774426405
PB20.13.15_Comb05Ch15,2473754.887469,2473754.8828125,1.5883360600518757
PB20.13.15_Comb05Ch16,2550659.184344,2550659.1796875,1.4749256478328534
PB20.13.15_Comb05Ch17,2766571.049578,2766571.044921875,0.9454870532472727
PB20.13.15_Comb05Ch18,2825851.445086,2825851.4404296875,1.434530793362199
PB20.13.15_Comb05Ch19,2967453.007586,2967453.0029296875,1.486110446301673
PB20.13.15_Comb05Ch20,3038864.140399,3038864.1357421875,1.376395866418051
PB20.13.15_Comb05Ch21,3124084.477313,3124084.47265625,1.3842354663954655
PB20.13.15_Comb05Ch22,3198699.955828,3198699.951171875,1.3581497058159258
PB20.13.15_Comb05Ch23,3357009.892352,3357009.8876953125,1.2838255241382412
PB20.13.15_Comb05Ch24,3451461.796649,3451461.7919921875,1.6796952659842628
PB20.13.15_Comb05Ch25,3614044.19411,3614044.189453125,1.296419276731757
PB20.13.15_Comb05Ch26,3791046.147235,3791046.142578125,1.5089778847029853
PB20.13.15_Comb05Ch27,3873748.783953,3873748.779296875,1.513701141789956
PB20.13.15_Comb05Ch28,3972091.679461,3972091.6748046875,1.3884800177397485
PB20.13.15_Comb05Ch29,4067382.817157,4067382.8125,1.3235784490901847
PB20.13.15_Comb05Ch30,4247360.234149,4247360.2294921875,1.186399254420404
PB20.13.15_Comb05Ch31,4358520.512469,4358520.5078125,1.7856232514962649
PB20.13.15_Comb05Ch32,4560317.997821,NaN,NaN
PB20.13.28_Comb07Ch01,1694793.705828,1694793.701171875,1.4350941317975405
PB20.13.28_Comb07Ch02,1753463.749774,1753463.7451171875,1.2888460363276306
PB20.13.28_Comb07Ch03,1782302.861102,1782302.8564453125,2.112539991382891
PB20.13.28_Comb07Ch04,1844787.602313,1844787.59765625,1.2518094412148193
PB20.13.28_Comb07Ch05,1901321.415789,1901321.4111328125,1.43736927984071
PB20.13.28_Comb07Ch06,1964187.626727,1964187.6220703125,1.6313606961465967
PB20.13.28_Comb07Ch07,2014923.10036,NaN,NaN
PB20.13.28_Comb07Ch08,2070999.150164,2070999.1455078125,1.9192036190923967
PB20.13.28_Comb07Ch09,2122726.445086,2122726.4404296875,1.5666388312051807
PB20.13.28_Comb07Ch10,2186126.713641,2186126.708984375,1.0141448097208372
PB20.13.28_Comb07Ch11,2237396.244891,2237396.240234375,1.7331125708830617
PB20.13.28_Comb07Ch12,2309341.435321,2309341.4306640625,1.509694516754732
PB20.13.28_Comb07Ch13,2387695.317157,2387695.3125,2.395153757347362
PB20.13.28_Comb07Ch14,2437515.263446,2437515.2587890625,1.509677863161476
PB20.13.28_Comb07Ch15,2499389.653094,2499389.6484375,1.463665630006167
PB20.13.28_Comb07Ch16,2572479.252703,2572479.248046875,1.5950391532258623
PB20.13.28_Comb07Ch17,2656555.180438,2656555.17578125,1.6842600705649897
PB20.13.28_Comb07Ch18,2697830.204852,2697830.2001953125,1.8964769280448954
PB20.13.28_Comb07Ch19,2859954.838641,2859954.833984375,1.0615836612224943
PB20.13.28_Comb07Ch20,2928009.03786,2928009.033203125,1.6669964209718409
PB20.13.28_Comb07Ch21,2999801.640399,2999801.6357421875,1.7022883529848463
PB20.13.28_Comb07Ch22,3085174.565203,3085174.560546875,1.6875437271336173
PB20.13.28_Comb07Ch23,3151245.121844,3151245.1171875,1.8428883275979764
PB20.13.28_Comb07Ch24,3250656.132586,3250656.1279296875,1.5716046478047896
PB20.13.28_Comb07Ch25,3292694.096453,3292694.091796875,1.3673136191664645
PB20.13.28_Comb07Ch26,3394012.455828,3394012.451171875,1.5559147355400857
PB20.13.28_Comb07Ch27,3474273.686297,3474273.681640625,1.2686691951215505
PB20.13.28_Comb07Ch28,3581542.973407,3581542.96875,3.340394684510514
PB20.13.28_Comb07Ch29,3634567.265399,3634567.2607421875,2.085068858662394
PB20.13.28_Comb07Ch30,3730468.754657,3730468.75,1.4531998824564083
PB20.13.28_Comb07Ch31,3839950.56618,3839950.5615234375,1.9165401632625796
PB20.13.28_Comb07Ch32,3953170.781024,3953170.7763671875,1.846659754552825
PB20.13.28_Comb07Ch33,4013900.761493,4013900.7568359375,2.09369011922577
PB20.13.28_Comb07Ch34,4128799.443133,4128799.4384765625,1.6644865331668577
PB20.13.28_Comb07Ch35,4188842.778094,4188842.7734375,1.4238732941879386
PB20.13.28_Comb07Ch36,4322814.946063,4322814.94140625,1.5885400251604234
PB20.13.28_Comb07Ch37,4403686.528094,NaN,NaN
PB20.13.28_Comb07Ch38,4511795.048602,4511795.0439453125,2.29803587989426
PB20.13.28_Comb03Ch01,1690368.657,1690368.65234375,2.2107520818565036
PB20.13.28_Comb03Ch02,1731643.681414,1731643.6767578125,1.4786471562529442
PB20.13.28_Comb03Ch03,1778869.633563,1778869.62890625,1.4250777272558688
PB20.13.28_Comb03Ch04,1839141.85036,1839141.845703125,1.3088950455633563
PB20.13.28_Comb03Ch05,1894683.842547,1894683.837890625,1.9790323421552147
PB20.13.28_Comb03Ch06,1950225.834735,1950225.830078125,1.5635057739753049
PB20.13.28_Comb03Ch07,1994781.498797,1994781.494140625,1.5835160222071112
PB20.13.28_Comb03Ch08,2067413.334735,2067413.330078125,1.6277004599494842
PB20.13.28_Comb03Ch09,2120513.920672,2120513.916015625,1.6924092388791674
PB20.13.28_Comb03Ch10,2190856.93825,2190856.93359375,1.058690595838789
PB20.13.28_Comb03Ch11,2231521.611102,2231521.6064453125,2.282369223397997
PB20.13.28_Comb03Ch12,2298583.989032,2298583.984375,1.7123667569648988
PB20.13.28_Comb03Ch13,2361984.257586,2361984.2529296875,1.6217346143486602
PB20.13.28_Comb03Ch14,2436065.678485,2436065.673828125,1.555398609501082
PB20.13.28_Comb03Ch15,2484970.09743,2484970.0927734375,1.7769225977997365
PB20.13.28_Comb03Ch16,2544708.25661,2544708.251953125,1.6964060518817334
PB20.13.28_Comb03Ch17,2632522.587664,2632522.5830078125,1.3162843742247108
PB20.13.28_Comb03Ch18,2686614.994891,2686614.990234375,1.7493350464983008
PB20.13.28_Comb03Ch19,2758560.185321,2758560.1806640625,1.8195656352790848
PB20.13.28_Comb03Ch20,2851791.386493,2851791.3818359375,1.0556507961684976
PB20.13.28_Comb03Ch21,2912826.542743,2912826.5380859375,2.5575537438088687
PB20.13.28_Comb03Ch22,2982406.620868,2982406.6162109375,1.851250011063348
PB20.13.28_Comb03Ch23,3053970.341571,3053970.3369140625,1.65461036200928
PB20.13.28_Comb03Ch24,3135223.393328,3135223.388671875,1.3150102067552651
PB20.13.28_Comb03Ch25,3216934.208758,3216934.2041015625,1.7169195853523684
PB20.13.28_Comb03Ch26,3286972.050555,3286972.0458984375,1.5852976002750874
PB20.13.28_Comb03Ch27,3363723.759539,3363723.7548828125,1.753964587655761
PB20.13.28_Comb03Ch28,3451004.032977,3451004.0283203125,1.5027840128345016
PB20.13.28_Comb03Ch29,3557434.086688,3557434.08203125,1.7702741132159703
PB20.13.28_Comb03Ch30,3621292.118914,3621292.1142578125,1.7641828734416294
PB20.13.28_Comb03Ch31,3708190.922625,3708190.91796875,2.0654875975910625
PB20.13.28_Comb03Ch32,3812637.333758,3812637.3291015625,1.9303881136086345
PB20.13.28_Comb03Ch33,3897171.025164,3897171.0205078125,1.6465650478536222
PB20.13.28_Comb03Ch34,3978347.782977,3978347.7783203125,1.766167244598606
PB20.13.28_Comb03Ch35,4093322.758563,4093322.75390625,2.001991436366064
PB20.13.28_Comb03Ch36,4170913.700946,4170913.6962890625,1.3601899184172
PB20.13.28_Comb03Ch37,4281311.039813,4281311.03515625,1.773104900510991
PB20.13.28_Comb03Ch38,4359283.451922,4359283.447265625,1.3910986608514497
PB20.13.12_Comb26Ch01,1605758.671649,1605758.6669921875,1.3462902305105104
PB20.13.12_Comb26Ch02,1656951.908953,1656951.904296875,1.9722847795954372
PB20.13.12_Comb26Ch03,1694259.648211,1694259.6435546875,1.4741387079855284
PB20.13.12_Comb26Ch04,1751785.282977,1751785.2783203125,2.0333865884681934
PB20.13.12_Comb26Ch05,1810989.384539,1810989.3798828125,1.4901409029333093
PB20.13.12_Comb26Ch06,1856307.988055,1856307.9833984375,1.6768234282934296
PB20.13.12_Comb26Ch07,1961059.574969,1961059.5703125,1.617164710258095
PB20.13.12_Comb26Ch08,2015380.864032,2015380.859375,1.327444482739638
PB20.13.12_Comb26Ch09,2085723.88161,2085723.876953125,1.0825898383775794
PB20.13.12_Comb26Ch10,2133331.303485,2133331.298828125,1.4074092555640942
PB20.13.12_Comb26Ch11,2194213.871844,2194213.8671875,2.0688220642304684
PB20.13.12_Comb26Ch12,2312774.66286,2312774.658203125,2.003475949104194
PB20.13.12_Comb26Ch13,2374114.994891,2374114.990234375,1.5188213964368538
PB20.13.12_Comb26Ch14,2423934.94118,2423934.9365234375,1.6854103138628374
PB20.13.12_Comb26Ch15,2518920.903094,2518920.8984375,1.6734682973563624
PB20.13.12_Comb26Ch16,2551269.535907,2551269.53125,1.6881379477412763
PB20.13.12_Comb26Ch17,2621688.84743,2621688.8427734375,1.3034929941004312
PB20.13.12_Comb26Ch18,2719802.861102,2719802.8564453125,1.0579541044219418
PB20.13.12_Comb26Ch19,2787399.296649,2787399.2919921875,1.5339556501790592
PB20.13.12_Comb26Ch20,2829513.554461,2829513.5498046875,1.339397644400959
PB20.13.12_Comb26Ch21,2903366.093524,2903366.0888671875,1.7012404215120558
PB20.13.12_Comb26Ch22,3014984.135516,3014984.130859375,1.6415785539561325
PB20.13.12_Comb26Ch23,3079223.637469,3079223.6328125,1.7103538115411463
PB20.13.12_Comb26Ch24,3143920.903094,3143920.8984375,1.9995960183894368
PB20.13.12_Comb26Ch25,3230972.294696,3230972.2900390625,1.4817361907111053
PB20.13.12_Comb26Ch26,3304672.245868,3304672.2412109375,1.931180005801396
PB20.13.12_Comb26Ch27,3371810.917743,3371810.9130859375,1.6276736609839508
PB20.13.12_Comb26Ch28,3439865.116961,3439865.1123046875,1.6415216959239702
PB20.13.12_Comb26Ch29,3555908.207782,NaN,NaN
PB20.13.12_Comb26Ch30,3613433.842547,3613433.837890625,1.4116015010633605
PB20.13.12_Comb26Ch31,3704910.282977,3704910.2783203125,1.8726665134470069
PB20.13.12_Comb26Ch32,3775177.00661,3775177.001953125,1.4109910464072954
PB20.13.12_Comb26Ch33,3921966.557391,3921966.552734375,1.9747367270388663
PB20.13.12_Comb26Ch34,3997116.093524,3997116.0888671875,1.7135652667749777
PB20.13.12_Comb26Ch35,4108200.077899,4108200.0732421875,1.408347002329081
PB20.13.12_Comb26Ch36,4197769.169696,4197769.1650390625,1.7544682034571228
PB20.13.12_Comb26Ch37,4244689.946063,4244689.94140625,1.3554581596927682
PB20.13.12_Comb26Ch38,4342575.077899,4342575.0732421875,1.512897254234544
PB20.13.13_Comb09Ch01,1637649.540789,1637649.5361328125,1.2220279367409537
PB20.13.13_Comb09Ch02,1683273.320086,1683273.3154296875,1.3428401516437876
PB20.13.13_Comb09Ch03,1731567.387469,1731567.3828125,1.2771349440686959
PB20.13.13_Comb09Ch04,1783218.388446,1783218.3837890625,1.28482858540404
PB20.13.13_Comb09Ch05,1825561.528094,1825561.5234375,1.3063654569554006
PB20.13.13_Comb09Ch06,1888351.445086,1888351.4404296875,1.5609163949442812
PB20.13.13_Comb09Ch07,1945419.31618,1945419.3115234375,1.4587756161924816
PB20.13.13_Comb09Ch08,1996154.789813,1996154.78515625,1.4990339302380642
PB20.13.13_Comb09Ch09,2055816.655047,2055816.650390625,1.5140668522876886
PB20.13.13_Comb09Ch10,2106094.365008,2106094.3603515625,1.0767609938201557
PB20.13.13_Comb09Ch11,2168121.342547,2168121.337890625,1.53382610543017
PB20.13.13_Comb09Ch12,2223968.510516,2223968.505859375,1.6776899652790354
PB20.13.13_Comb09Ch13,2299041.752703,2299041.748046875,1.4889649915493106
PB20.13.13_Comb09Ch14,2349700.932391,2349700.927734375,1.531751354999951
PB20.13.13_Comb09Ch15,2421569.828875,2421569.82421875,1.3591375645637078
PB20.13.13_Comb09Ch16,2493133.549578,2493133.544921875,1.504815454209431
PB20.13.13_Comb09Ch17,2546310.429461,2546310.4248046875,1.3349290960983506
PB20.13.13_Comb09Ch18,2619781.498797,2619781.494140625,1.574485426288339
PB20.13.13_Comb09Ch19,2702331.547625,2702331.54296875,1.4872451714178772
PB20.13.13_Comb09Ch20,2753067.021258,2753067.0166015625,1.088147154442206
PB20.13.13_Comb09Ch21,2824783.329852,NaN,NaN
PB20.13.13_Comb09Ch22,2911376.957782,2911376.953125,1.5516255815849882
PB20.13.13_Comb09Ch23,2982788.090594,2982788.0859375,1.540700243327417
PB20.13.13_Comb09Ch24,3130722.050555,3130722.0458984375,1.2817793215009634
PB20.13.13_Comb09Ch25,3206558.232196,3206558.2275390625,1.284534503684602
PB20.13.13_Comb09Ch26,3293228.154071,3293228.1494140625,1.2458465148954767
PB20.13.13_Comb09Ch27,3379135.136493,3379135.1318359375,1.3165274999403804
PB20.13.13_Comb09Ch28,3444290.165789,3444290.1611328125,1.612654354989095
PB20.13.13_Comb09Ch29,3528671.269305,3528671.2646484375,1.532769285903267
PB20.13.13_Comb09Ch30,3634033.207782,3634033.203125,1.1867641966028004
PB20.13.13_Comb09Ch31,3718490.605243,3718490.6005859375,1.631173517720317
PB20.13.13_Comb09Ch32,3807754.521258,3807754.5166015625,1.4906583152624797
PB20.13.13_Comb09Ch33,3894653.324969,3894653.3203125,1.4323979147478776
PB20.13.13_Comb09Ch34,3964614.872821,3964614.8681640625,1.243018288443442
PB20.13.13_Comb09Ch35,4075775.151141,4075775.146484375,1.200771489592539
PB20.13.13_Comb09Ch36,4178543.095477,4178543.0908203125,1.1291874199677607
PB20.13.13_Comb09Ch37,4267959.599383,4267959.5947265625,1.1305515024860127
PB20.13.13_Comb09Ch38,4346389.775164,4346389.7705078125,1.6645006552515473
PB20.13.13_Comb09Ch39,4370117.192157,4370117.1875,1.4105326993440914
PB20.13.13_Comb01Ch01,1690216.06911,1690216.064453125,1.346760171102227
PB20.13.13_Comb01Ch02,1742630.009539,1742630.0048828125,1.2417797224719551
PB20.13.13_Comb01Ch03,1781692.509539,1781692.5048828125,1.3047408574710244
PB20.13.13_Comb01Ch04,1833496.098407,1833496.09375,1.3039876401143549
PB20.13.13_Comb01Ch05,1891632.084735,1891632.080078125,1.338203572861148
PB20.13.13_Comb01Ch06,1954956.059344,1954956.0546875,1.623288343112076
PB20.13.13_Comb01Ch07,2003936.772235,2003936.767578125,1.630971102560543
PB20.13.13_Comb01Ch08,2060699.467547,2060699.462890625,1.7758563788355537
PB20.13.13_Comb01Ch09,2177963.261493,2177963.2568359375,1.025824279217276
PB20.13.13_Comb01Ch10,2235870.365985,2235870.361328125,1.690278913206085
PB20.13.13_Comb01Ch11,2303237.919696,2303237.9150390625,1.5881919329793344
PB20.13.13_Comb01Ch12,2368545.536883,NaN,NaN
PB20.13.13_Comb01Ch13,2430877.690203,2430877.685546875,1.6195331752634041
PB20.13.13_Comb01Ch14,2488021.855243,2488021.8505859375,1.4704721298065053
PB20.13.13_Comb01Ch15,2571029.667743,2571029.6630859375,1.681739576708473
PB20.13.13_Comb01Ch16,2638778.69118,2638778.6865234375,1.3191455453365293
PB20.13.13_Comb01Ch17,2691726.689227,2691726.6845703125,1.6469731570287172
PB20.13.13_Comb01Ch18,2781829.838641,2781829.833984375,1.5987846956020642
PB20.13.13_Comb01Ch19,2843017.582782,2843017.578125,1.0890711098422994
PB20.13.13_Comb01Ch20,2916870.121844,2916870.1171875,1.4494198997616294
PB20.13.13_Comb01Ch21,2996292.118914,2996292.1142578125,1.6576855149061192
PB20.13.13_Comb01Ch22,3136901.860125,3136901.85546875,1.3620884939878726
PB20.13.13_Comb01Ch23,3224792.485125,3224792.48046875,1.4402078935453082
PB20.13.13_Comb01Ch24,3474121.098407,3474121.09375,1.3277615803965128
PB20.13.13_Comb01Ch25,3559188.84743,3559188.8427734375,1.7105133684666038
PB20.13.13_Comb01Ch26,3613204.960711,3613204.9560546875,1.6904639525474576
PB20.13.13_Comb01Ch27,3828582.768328,3828582.763671875,1.5997667888173102
PB20.13.13_Comb01Ch28,3933334.355243,3933334.3505859375,1.5959987470835864
PB20.13.13_Comb01Ch29,4007873.539813,4007873.53515625,1.6144347913262238
PB20.13.13_Comb01Ch30,4098587.040789,4098587.0361328125,1.2665166809170514
PB20.13.13_Comb01Ch31,4172668.461688,4172668.45703125,1.2278038246621898
PB20.13.13_Comb01Ch32,4307098.393328,4307098.388671875,1.2100890989843223
PB20.13.13_Comb01Ch33,4387130.741961,4387130.7373046875,1.073493888263418
PB20.13.13_Comb01Ch34,4483032.231219,4483032.2265625,1.7900665305634627
PB20.13.13_Comb01Ch35,4493637.089618,4493637.0849609375,1.4284587854215047
PB20.13.11_Comb25Ch01,1790618.901141,1790618.896484375,1.227550296788525
PB20.13.11_Comb25Ch02,1854400.639422,1854400.634765625,1.205845257343579
PB20.13.11_Comb25Ch03,1917953.495868,1917953.4912109375,1.1818818123708752
PB20.13.11_Comb25Ch04,1990966.801532,1990966.796875,1.412442744218373
PB20.13.11_Comb25Ch05,2036285.405047,2036285.400390625,1.4439365839166083
PB20.13.11_Comb25Ch06,2094345.09743,2094345.0927734375,1.4423301461710403
PB20.13.11_Comb25Ch07,2187805.180438,2187805.17578125,1.0111314108563636
PB20.13.11_Comb25Ch08,2257690.434344,2257690.4296875,1.4618947495152614
PB20.13.11_Comb25Ch09,2327880.864032,2327880.859375,1.4403479915138544
PB20.13.11_Comb25Ch10,2421112.065203,2421112.060546875,1.4019339936237867
PB20.13.11_Comb25Ch11,2443084.721453,2443084.716796875,1.4742136592783377
PB20.13.11_Comb25Ch12,2513351.445086,2513351.4404296875,1.2158819658329307
PB20.13.11_Comb25Ch13,2575225.834735,2575225.830078125,1.5099090913201048
PB20.13.11_Comb25Ch14,2697982.792743,NaN,NaN
PB20.13.11_Comb25Ch15,2701721.196063,NaN,NaN
PB20.13.11_Comb25Ch16,2771301.274188,NaN,NaN
PB20.13.11_Comb25Ch17,2872390.751727,2872390.7470703125,1.0166190533943038
PB20.13.11_Comb25Ch18,3014526.371844,3014526.3671875,1.5439832989045637
PB20.13.11_Comb25Ch19,3117294.31618,3117294.3115234375,1.4068814444900464
PB20.13.11_Comb25Ch20,3190765.385516,3190765.380859375,1.2303363728774397
PB20.13.11_Comb25Ch21,3279342.656024,3279342.6513671875,1.138418163558452
PB20.13.11_Comb25Ch22,3300323.490985,3300323.486328125,1.2506873435698438
PB20.13.11_Comb25Ch23,3412017.826922,3412017.822265625,1.238294985439538
PB20.13.11_Comb25Ch24,3485565.190203,3485565.185546875,1.252722800225276
PB20.13.11_Comb25Ch25,3633804.325946,3633804.3212890625,1.5005205317195438
PB20.13.11_Comb25Ch26,3667984.013446,3667984.0087890625,1.487016348696525
PB20.13.11_Comb25Ch27,3734970.09743,3734970.0927734375,1.2689200211531784
PB20.13.11_Comb25Ch28,3858261.113055,3858261.1083984375,1.6355182399494357
PB20.13.11_Comb25Ch29,3992614.75075,3992614.74609375,1.3989116627538623
PB20.13.11_Comb25Ch30,4030990.605243,4030990.6005859375,1.4073369770608073
PB20.13.11_Comb25Ch31,4177551.274188,4177551.26953125,1.0574114882554702
PB20.13.11_Comb25Ch32,4198150.639422,4198150.634765625,1.137860209611648
PB20.13.11_Comb25Ch33,4357681.279071,4357681.2744140625,1.1198821138916675
PB20.13.11_Comb25Ch34,4562606.81618,4562606.8115234375,1.2962310908409584
PB20.13.13_Comb21Ch01,1707992.558368,1707992.5537109375,1.2914914104131192
PB20.13.13_Comb21Ch02,1771698.002703,1771697.998046875,1.2313955826679335
PB20.13.13_Comb21Ch03,1791076.664813,1791076.66015625,1.2868576211348315
PB20.13.13_Comb21Ch04,1853103.642352,1853103.6376953125,1.2919924923327195
PB20.13.13_Comb21Ch05,1914596.562274,1914596.5576171875,1.2989281463134474
PB20.13.13_Comb21Ch06,1978149.418719,1978149.4140625,1.5261914907787906
PB20.13.13_Comb21Ch07,2032470.707782,2032470.703125,1.7948851516615973
PB20.13.13_Comb21Ch08,2085418.705828,2085418.701171875,1.7614280902105706
PB20.13.13_Comb21Ch09,2192611.698993,2192611.6943359375,1.0089489478712579
PB20.13.13_Comb21Ch10,2246856.69411,2246856.689453125,1.6365667756184956
PB20.13.13_Comb21Ch11,2412414.555438,2412414.55078125,1.5681810105884981
PB20.13.13_Comb21Ch12,2446746.830828,2446746.826171875,1.521201212814945
PB20.13.13_Comb21Ch13,2517852.78786,2517852.783203125,1.3839445806862514
PB20.13.13_Comb21Ch14,2572784.428485,2572784.423828125,1.6507715713538305
PB20.13.13_Comb21Ch15,2685317.997821,NaN,NaN
PB20.13.13_Comb21Ch16,2706451.420672,2706451.416015625,1.8934624913879683
PB20.13.13_Comb21Ch17,2773132.328875,2773132.32421875,1.5126636535972533
PB20.13.13_Comb21Ch18,2866592.411883,2866592.4072265625,1.0575193636124403
PB20.13.13_Comb21Ch19,2952957.157977,2952957.1533203125,1.335531938660909
PB20.13.13_Comb21Ch20,3010330.204852,3010330.2001953125,1.6176061467026315
PB20.13.13_Comb21Ch21,3177642.826922,3177642.822265625,1.3648386725865997
PB20.13.13_Comb21Ch22,3274383.549578,3274383.544921875,1.3840930807850396
PB20.13.13_Comb21Ch23,3402023.320086,3402023.3154296875,1.362613139817135
PB20.13.13_Comb21Ch24,3476181.03493,3476181.0302734375,1.2395310913722473
PB20.13.13_Comb21Ch25,3615493.779071,3615493.7744140625,1.7496320924260713
PB20.13.13_Comb21Ch26,3663101.200946,3663101.1962890625,1.74327765648346
PB20.13.13_Comb21Ch27,3727645.87868,3727645.8740234375,1.3204876598998048
PB20.13.13_Comb21Ch28,3850021.366961,3850021.3623046875,1.6249363644059256
PB20.13.13_Comb21Ch29,3972930.91286,3972930.908203125,1.563314992849039
PB20.13.13_Comb21Ch30,4023208.622821,4023208.6181640625,1.7339427057662706
PB20.13.13_Comb21Ch31,4159164.433368,4159164.4287109375,1.3329633252285886
PB20.13.13_Comb21Ch32,4196319.584735,4196319.580078125,1.2138388739746926
PB20.13.13_Comb21Ch33,4343109.135516,4343109.130859375,1.2707595735468604
PB20.13.13_Comb21Ch34,4425201.420672,4425201.416015625,1.3479946669493081
PB20.13.13_Comb21Ch35,4529113.774188,4529113.76953125,1.6330962161095794
PB20.13.13_Comb21Ch36,4536437.992938,4536437.98828125,1.3982061127464422
PB20.13.13_Comb25Ch01,1705551.152118,1705551.1474609375,1.4774264990671522
PB20.13.13_Comb25Ch02,1961669.926532,1961669.921875,1.588283569944579
PB20.13.13_Comb25Ch03,2311172.490008,2311172.4853515625,1.6257061660294836
PB20.13.13_Comb25Ch04,2556076.054461,2556076.0498046875,1.622591414909538
PB20.13.13_Comb25Ch05,2932357.792743,2932357.7880859375,1.6215562930898324
PB20.13.13_Comb25Ch06,3073196.415789,3073196.4111328125,1.6624277875107323
PB20.13.13_Comb25Ch07,3391189.579852,3391189.5751953125,1.6875052973261733
PB20.13.13_Comb25Ch08,3925628.666766,3925628.662109375,1.5610969519547027
PB20.13.13_Comb25Ch09,4313507.084735,4313507.080078125,1.6956165853713432
PB20.13.28_Comb01Ch01,1697845.463641,1697845.458984375,1.4852180773856405
PB20.13.28_Comb01Ch02,1778335.575946,1778335.5712890625,1.4727488574398542
PB20.13.28_Comb01Ch03,1789550.785907,1789550.78125,2.473267083199882
PB20.13.28_Comb01Ch04,1857299.809344,1857299.8046875,1.3957514965216977
PB20.13.28_Comb01Ch05,1911926.274188,1911926.26953125,1.5114902141511337
PB20.13.28_Comb01Ch06,1979827.885516,1979827.880859375,1.8671218636532139
PB20.13.28_Comb01Ch07,2087554.936297,2087554.931640625,1.9093287037777935
PB20.13.28_Comb01Ch08,2123489.384539,2123489.3798828125,1.7098511586637886
PB20.13.28_Comb01Ch09,2183456.425555,2183456.4208984375,1.097612272629154
PB20.13.28_Comb01Ch10,2233047.490008,2233047.4853515625,1.8429640443597477
PB20.13.28_Comb01Ch11,2313690.190203,2313690.185546875,1.7268826913945523
PB20.13.28_Comb01Ch12,2438507.084735,2438507.080078125,1.6940135574187978
PB20.13.28_Comb01Ch13,2526855.473407,2526855.46875,1.533871646807088
PB20.13.28_Comb01Ch14,2581100.468524,2581100.4638671875,1.900255948981631
PB20.13.28_Comb01Ch15,2694091.801532,2694091.796875,1.694509765972131
PB20.13.28_Comb01Ch16,2707672.123797,2707672.119140625,2.0623313631022837
PB20.13.28_Comb01Ch17,2777252.201922,2777252.197265625,1.7861709553636174
PB20.13.28_Comb01Ch18,2868881.230243,2868881.2255859375,1.1379049084001018
PB20.13.28_Comb01Ch19,2942428.593524,2942428.5888671875,1.6990675331693044
PB20.13.28_Comb01Ch20,2997970.585711,2997970.5810546875,2.003514620986876
PB20.13.28_Comb01Ch21,3112869.267352,3112869.2626953125,2.077466712301954
PB20.13.28_Comb01Ch22,3175354.008563,3175354.00390625,1.7398438385754804
PB20.13.28_Comb01Ch23,3295211.796649,3295211.7919921875,1.2736895462327416
PB20.13.28_Comb01Ch24,3303680.424578,3303680.419921875,1.5644914455168293
PB20.13.28_Comb01Ch25,3396987.919696,3396987.9150390625,1.6533045991160906
PB20.13.28_Comb01Ch26,3484649.66286,3484649.658203125,1.4752268076808888
PB20.13.28_Comb01Ch27,3732376.103289,3732376.0986328125,1.4465482296301573
PB20.13.28_Comb01Ch28,3841705.326922,3841705.322265625,2.1211763701774444
PB20.13.28_Comb01Ch29,4001998.906024,4001998.9013671875,2.521495284474614
PB20.13.28_Comb01Ch30,4042968.754657,4042968.75,2.0470495705826877
PB20.13.28_Comb01Ch31,4183578.495868,4183578.4912109375,1.8134604245229022
PB20.13.28_Comb01Ch32,4203643.803485,4203643.798828125,1.3807474582385233
PB20.13.28_Comb01Ch33,4339447.026141,4339447.021484375,1.8475237465494674
PB20.13.28_Comb01Ch34,4442825.322039,4442825.3173828125,1.7041701049244573
PB20.13.28_Comb01Ch35,4574890.141375,4574890.13671875,2.1084015178400564
PB20.13.12_Comb20Ch01,1726379.399188,1726379.39453125,1.2921190439248535
PB20.13.12_Comb20Ch02,1780700.68825,1780700.68359375,1.8387240317317404
PB20.13.12_Comb20Ch03,1836547.856219,1836547.8515625,1.3231079755343744
PB20.13.12_Comb20Ch04,1879959.111102,1879959.1064453125,1.4841941394255387
PB20.13.12_Comb20Ch05,1937332.157977,1937332.1533203125,1.6235389314854227
PB20.13.12_Comb20Ch06,1993637.089618,1993637.0849609375,1.5818424717507438
PB20.13.12_Comb20Ch07,2053298.954852,2053298.9501953125,1.5734713286820479
PB20.13.12_Comb20Ch08,2104873.661883,2104873.6572265625,3.7193335510451235
PB20.13.12_Comb20Ch09,2167129.521258,2167129.5166015625,1.0736511647959226
PB20.13.12_Comb20Ch10,2228469.853289,2228469.8486328125,1.9354272316048093
PB20.13.12_Comb20Ch11,2356109.623797,2356109.619140625,2.9012587430976913
PB20.13.12_Comb20Ch12,2415313.72536,2415313.720703125,1.5887092707607222
PB20.13.12_Comb20Ch13,2488021.855243,2488021.8505859375,1.5484758132589902
PB20.13.12_Comb20Ch14,2548751.835711,2548751.8310546875,1.680670606313573
PB20.13.12_Comb20Ch15,2620239.262469,2620239.2578125,1.3521265581150628
PB20.13.12_Comb20Ch16,2705459.599383,2705459.5947265625,1.6213152831057258
PB20.13.12_Comb20Ch17,2844238.285907,2844238.28125,1.16165658968205
PB20.13.12_Comb20Ch18,3043975.834735,3043975.830078125,1.7143895131610523
PB20.13.12_Comb20Ch19,3215255.741961,3215255.7373046875,1.495775169442509
PB20.13.12_Comb20Ch20,3304443.364032,3304443.359375,1.319110856976715
PB20.13.12_Comb20Ch21,3361053.471453,3361053.466796875,1.6734810592425067
PB20.13.12_Comb20Ch22,3458328.251727,3458328.2470703125,1.353455592154279
PB20.13.12_Comb20Ch23,3538131.718524,3538131.7138671875,2.8706830965902443
PB20.13.12_Comb20Ch24,3624801.640399,3624801.6357421875,1.7296061271969425
PB20.13.12_Comb20Ch25,3705291.752703,3705291.748046875,1.5545201969456692
PB20.13.12_Comb20Ch26,3793258.671649,3793258.6669921875,2.8896435612201152
PB20.13.12_Comb20Ch27,3890151.982196,3890151.9775390625,1.7262865122381519
PB20.13.12_Comb20Ch28,3991012.577899,3991012.5732421875,1.7010807518238316
PB20.13.12_Comb20Ch29,4075317.387469,4075317.3828125,1.5459843234802226
PB20.13.12_Comb20Ch30,4187622.074969,4187622.0703125,1.414238711483903
PB20.13.12_Comb20Ch31,4274978.642352,4274978.6376953125,1.4466008331650266
PB20.13.12_Comb20Ch32,4356994.633563,4356994.62890625,1.3853800237549376
PB20.13.12_Comb20Ch33,4488449.101336,4488449.0966796875,1.9829291981911186
