Name,Nominal Frequency,Actual Frequency,Resistance
PB20.13.12_Comb12Ch01,1642532.353289,NaN,NaN
PB20.13.12_Comb12Ch02,1687622.074969,NaN,NaN
PB20.13.12_Comb12Ch03,1743392.948993,NaN,NaN
PB20.13.12_Comb12Ch04,1791458.134539,NaN,NaN
PB20.13.12_Comb12Ch05,1832504.277118,NaN,NaN
PB20.13.12_Comb12Ch06,1895065.312274,NaN,NaN
PB20.13.12_Comb12Ch07,1950836.186297,NaN,NaN
PB20.13.12_Comb12Ch08,2006149.296649,NaN,NaN
PB20.13.12_Comb12Ch09,2059936.528094,NaN,NaN
PB20.13.12_Comb12Ch10,2110900.883563,2110900.87890625,0.1622887788065241
PB20.13.12_Comb12Ch11,2174301.152118,NaN,NaN
PB20.13.12_Comb12Ch12,2236480.717547,NaN,NaN
PB20.13.12_Comb12Ch13,2306747.44118,NaN,NaN
PB20.13.12_Comb12Ch14,2358016.97243,NaN,NaN
PB20.13.12_Comb12Ch15,2433395.390399,NaN,NaN
PB20.13.12_Comb12Ch16,2496490.483172,NaN,NaN
PB20.13.12_Comb12Ch17,2557373.051532,NaN,NaN
PB20.13.12_Comb12Ch18,2637176.518328,NaN,NaN
PB20.13.12_Comb12Ch19,2698974.614032,NaN,NaN
PB20.13.12_Comb12Ch20,2765960.698016,NaN,NaN
PB20.13.12_Comb12Ch21,2833099.369891,NaN,NaN
PB20.13.12_Comb12Ch22,2908782.963641,NaN,NaN
PB20.13.12_Comb12Ch23,2985458.37868,NaN,NaN
PB20.13.12_Comb12Ch24,3044891.362078,NaN,NaN
PB20.13.12_Comb12Ch25,3144836.430438,NaN,NaN
PB20.13.12_Comb12Ch26,3230438.237078,NaN,NaN
PB20.13.12_Comb12Ch27,3292388.920672,NaN,NaN
PB20.13.12_Comb12Ch28,3389511.113055,NaN,NaN
PB20.13.12_Comb12Ch29,3461837.773211,NaN,NaN
PB20.13.12_Comb12Ch30,3635864.262469,NaN,NaN
PB20.13.12_Comb12Ch31,3720016.484149,NaN,NaN
PB20.13.12_Comb12Ch32,3808975.224383,NaN,NaN
PB20.13.12_Comb12Ch33,3907394.413836,NaN,NaN
PB20.13.12_Comb12Ch34,3982696.53786,NaN,NaN
PB20.13.12_Comb12Ch35,4094467.167743,NaN,NaN
PB20.13.12_Comb12Ch36,4182662.968524,NaN,NaN
PB20.13.12_Comb12Ch37,4276351.933368,NaN,NaN
PB20.13.12_Comb21Ch01,1688385.014422,NaN,NaN
PB20.13.12_Comb21Ch02,1767425.541766,NaN,NaN
PB20.13.12_Comb21Ch03,1822204.5945,NaN,NaN
PB20.13.12_Comb21Ch04,1874084.477313,NaN,NaN
PB20.13.12_Comb21Ch05,1948318.486102,NaN,NaN
PB20.13.12_Comb21Ch06,1992950.44411,NaN,NaN
PB20.13.12_Comb21Ch07,2046890.263446,NaN,NaN
PB20.13.12_Comb21Ch08,2113113.407977,NaN,NaN
PB20.13.12_Comb21Ch09,2149200.44411,NaN,NaN
PB20.13.12_Comb21Ch10,2229690.556414,2229690.5517578125,0.8542828247523572
PB20.13.12_Comb21Ch11,2288665.776141,NaN,NaN
PB20.13.12_Comb21Ch12,2351913.456805,NaN,NaN
PB20.13.12_Comb21Ch13,2401046.757586,NaN,NaN
PB20.13.12_Comb21Ch14,2473754.887469,NaN,NaN
PB20.13.12_Comb21Ch15,2533874.516375,NaN,NaN
PB20.13.12_Comb21Ch16,2627792.363055,NaN,NaN
PB20.13.12_Comb21Ch17,2665176.396258,NaN,NaN
PB20.13.12_Comb21Ch18,2911987.309344,NaN,NaN
PB20.13.12_Comb21Ch19,3054504.399188,NaN,NaN
PB20.13.12_Comb21Ch20,3123245.243914,NaN,NaN
PB20.13.12_Comb21Ch21,3207244.877703,NaN,NaN
PB20.13.12_Comb21Ch22,3257141.117938,NaN,NaN
PB20.13.12_Comb21Ch23,3356246.952899,NaN,NaN
PB20.13.12_Comb21Ch24,3435287.480243,NaN,NaN
PB20.13.12_Comb21Ch25,3541793.827899,NaN,NaN
PB20.13.12_Comb21Ch26,3601379.399188,NaN,NaN
PB20.13.12_Comb21Ch27,3684539.799578,NaN,NaN
PB20.13.12_Comb21Ch28,3908233.647235,NaN,NaN
PB20.13.12_Comb21Ch29,3976593.022235,NaN,NaN
PB20.13.12_Comb21Ch30,4072189.335711,NaN,NaN
PB20.13.12_Comb21Ch31,4141006.474383,NaN,NaN
PB20.13.12_Comb21Ch32,4281845.09743,NaN,NaN
PB20.13.12_Comb21Ch33,4361572.270282,NaN,NaN
PB20.13.12_Comb21Ch34,4462356.572039,NaN,NaN
PB20.13.10_Comb19Ch01,1627578.740008,NaN,NaN
PB20.13.10_Comb19Ch02,1676712.040789,NaN,NaN
PB20.13.10_Comb19Ch03,1702651.982196,NaN,NaN
PB20.13.10_Comb19Ch04,1766891.484149,NaN,NaN
PB20.13.10_Comb19Ch05,1829605.107196,NaN,NaN
PB20.13.10_Comb19Ch06,1877059.94118,NaN,NaN
PB20.13.10_Comb19Ch07,1933288.578875,NaN,NaN
PB20.13.10_Comb19Ch08,1987228.398211,NaN,NaN
PB20.13.10_Comb19Ch09,2025680.546649,NaN,NaN
PB20.13.10_Comb19Ch10,2097091.679461,2097091.6748046875,1.1606752301050853
PB20.13.10_Comb19Ch11,2143096.928485,NaN,NaN
PB20.13.10_Comb19Ch12,2214355.473407,NaN,NaN
PB20.13.10_Comb19Ch13,2295761.113055,NaN,NaN
PB20.13.10_Comb19Ch14,2336349.491961,NaN,NaN
PB20.13.10_Comb19Ch15,2402038.578875,NaN,NaN
PB20.13.10_Comb19Ch16,2440567.021258,NaN,NaN
PB20.13.10_Comb19Ch17,2551651.005633,NaN,NaN
PB20.13.10_Comb19Ch18,2571640.019305,NaN,NaN
PB20.13.10_Comb19Ch19,2631073.002703,NaN,NaN
PB20.13.10_Comb19Ch20,2740020.75661,2740020.751953125,1.2060488269959582
PB20.13.10_Comb19Ch21,2800827.031024,NaN,NaN
PB20.13.10_Comb19Ch22,2856826.786883,NaN,NaN
PB20.13.10_Comb19Ch23,2946548.466571,NaN,NaN
PB20.13.10_Comb19Ch24,3037033.085711,NaN,NaN
PB20.13.10_Comb19Ch25,3142242.436297,NaN,NaN
PB20.13.10_Comb19Ch26,3235473.637469,NaN,NaN
PB20.13.10_Comb19Ch27,3310546.879657,NaN,NaN
PB20.13.10_Comb19Ch28,3447341.923602,3447341.9189453125,1.1466614351071447
PB20.13.10_Comb19Ch29,3501281.742938,3501281.73828125,1.2169459202291233
PB20.13.10_Comb19Ch30,3549346.928485,NaN,NaN
PB20.13.10_Comb19Ch31,3657150.273211,3657150.2685546875,1.3443261835563027
PB20.13.10_Comb19Ch32,3773803.715594,3773803.7109375,1.3253988180747134
PB20.13.10_Comb19Ch33,3833160.405047,3833160.400390625,1.1941076685867664
PB20.13.10_Comb19Ch34,3976898.198016,NaN,NaN
PB20.13.10_Comb19Ch35,4014816.288836,4014816.2841796875,1.1624086188667868
PB20.13.10_Comb19Ch36,4128112.797625,4128112.79296875,1.2764406873677614
PB20.13.10_Comb19Ch37,4226226.811297,4226226.806640625,1.311015864755016
PB20.13.10_Comb19Ch38,4353637.699969,4353637.6953125,1.4572145130284702
PB20.13.15_Comb11Ch01,1695251.4695,NaN,NaN
PB20.13.15_Comb11Ch02,1747512.822039,NaN,NaN
PB20.13.15_Comb11Ch03,1798477.177508,NaN,NaN
PB20.13.15_Comb11Ch04,1840438.84743,NaN,NaN
PB20.13.15_Comb11Ch05,1902923.588641,NaN,NaN
PB20.13.15_Comb11Ch06,1959304.814227,NaN,NaN
PB20.13.15_Comb11Ch07,2014312.748797,NaN,NaN
PB20.13.15_Comb11Ch08,2064132.695086,NaN,NaN
PB20.13.15_Comb11Ch09,2119598.393328,2119598.388671875,1.216355968826001
PB20.13.15_Comb11Ch10,2177581.791766,NaN,NaN
PB20.13.15_Comb11Ch11,2242431.645282,NaN,NaN
PB20.13.15_Comb11Ch12,2316818.241961,NaN,NaN
PB20.13.15_Comb11Ch13,2364196.782,NaN,NaN
PB20.13.15_Comb11Ch14,2441482.548602,NaN,NaN
PB20.13.15_Comb11Ch15,2497787.480243,NaN,NaN
PB20.13.15_Comb11Ch16,2570724.491961,NaN,NaN
PB20.13.15_Comb11Ch17,2646560.673602,NaN,NaN
PB20.13.15_Comb11Ch18,2703323.368914,NaN,NaN
PB20.13.15_Comb11Ch19,2777404.789813,2777404.78515625,1.4021935238079866
PB20.13.15_Comb11Ch20,2919158.940203,NaN,NaN
PB20.13.15_Comb11Ch21,2996826.176532,NaN,NaN
PB20.13.15_Comb11Ch22,3057861.332782,NaN,NaN
PB20.13.15_Comb11Ch23,3158035.282977,NaN,NaN
PB20.13.15_Comb11Ch24,3235244.755633,NaN,NaN
PB20.13.15_Comb11Ch25,3303298.954852,NaN,NaN
PB20.13.15_Comb11Ch26,3391494.755633,NaN,NaN
PB20.13.15_Comb11Ch27,3476715.092547,3476715.087890625,1.2012743660349376
PB20.13.15_Comb11Ch28,3564147.953875,NaN,NaN
PB20.13.15_Comb11Ch29,3638000.492938,NaN,NaN
PB20.13.15_Comb11Ch30,3828811.650164,NaN,NaN
PB20.13.15_Comb11Ch31,3918762.211688,3918762.20703125,1.2943427701641554
PB20.13.15_Comb11Ch32,4003829.960711,NaN,NaN
PB20.13.15_Comb11Ch33,4103775.029071,4103775.0244140625,1.260327623520243
PB20.13.15_Comb11Ch34,4197235.112078,NaN,NaN
PB20.13.15_Comb11Ch35,4288101.200946,NaN,NaN
PB20.13.15_Comb11Ch36,4378738.407977,4378738.4033203125,1.469301566735654
PB20.13.15_Comb11Ch37,4408493.046649,NaN,NaN
PB20.13.31_Comb11Ch01,1646728.520282,NaN,NaN
PB20.13.31_Comb11Ch02,1691665.654071,NaN,NaN
PB20.13.31_Comb11Ch03,1750869.755633,NaN,NaN
PB20.13.31_Comb11Ch04,1808700.56618,NaN,NaN
PB20.13.31_Comb11Ch05,1855468.754657,NaN,NaN
PB20.13.31_Comb11Ch06,1900482.182391,NaN,NaN
PB20.13.31_Comb11Ch07,1965255.741961,NaN,NaN
PB20.13.31_Comb11Ch08,2020797.734149,NaN,NaN
PB20.13.31_Comb11Ch09,2087478.642352,2087478.6376953125,1.1554054675693375
PB20.13.31_Comb11Ch10,2200927.739032,NaN,NaN
PB20.13.31_Comb11Ch11,2246627.812274,NaN,NaN
PB20.13.31_Comb11Ch12,2324295.048602,NaN,NaN
PB20.13.31_Comb11Ch13,2370224.00368,NaN,NaN
PB20.13.31_Comb11Ch14,2508392.338641,NaN,NaN
PB20.13.31_Comb11Ch15,2553558.354266,NaN,NaN
PB20.13.31_Comb11Ch16,2716522.221453,2716522.216796875,1.162981800004026
PB20.13.31_Comb11Ch17,3002777.104266,NaN,NaN
PB20.13.31_Comb11Ch18,3066558.842547,NaN,NaN
PB20.13.31_Comb11Ch19,3133087.16286,NaN,NaN
PB20.13.31_Comb11Ch20,3291549.687274,NaN,NaN
PB20.13.31_Comb11Ch21,3393707.280047,3393707.275390625,1.066303900166251
PB20.13.31_Comb11Ch22,3456192.021258,3456192.0166015625,1.280631664110892
PB20.13.31_Comb11Ch23,3796691.899188,3796691.89453125,1.437171581160583
PB20.13.31_Comb11Ch24,3908157.353289,NaN,NaN
PB20.13.31_Comb11Ch25,3992767.338641,3992767.333984375,1.1300482911767824
PB20.13.31_Comb11Ch26,4288177.494891,4288177.490234375,1.2778561235252373
PB20.13.10_Comb07Ch01,1639022.831805,NaN,NaN
PB20.13.10_Comb07Ch02,1686859.135516,NaN,NaN
PB20.13.10_Comb07Ch03,1758651.738055,NaN,NaN
PB20.13.10_Comb07Ch04,1821517.948993,NaN,NaN
PB20.13.10_Comb07Ch05,1890258.793719,NaN,NaN
PB20.13.10_Comb07Ch06,1940307.621844,NaN,NaN
PB20.13.10_Comb07Ch07,1978836.064227,NaN,NaN
PB20.13.10_Comb07Ch08,2042770.390399,NaN,NaN
PB20.13.10_Comb07Ch09,2083969.120868,2083969.1162109375,1.0408442026532476
PB20.13.10_Comb07Ch10,2158355.717547,NaN,NaN
PB20.13.10_Comb07Ch11,2223434.452899,NaN,NaN
PB20.13.10_Comb07Ch12,2298889.164813,NaN,NaN
PB20.13.10_Comb07Ch13,2325057.988055,NaN,NaN
PB20.13.10_Comb07Ch14,2403182.988055,NaN,NaN
PB20.13.10_Comb07Ch15,2458801.274188,NaN,NaN
PB20.13.10_Comb07Ch16,2563476.567157,NaN,NaN
PB20.13.10_Comb07Ch17,2650985.72243,NaN,NaN
PB20.13.10_Comb07Ch18,2724304.203875,2724304.19921875,1.0450278182903139
PB20.13.10_Comb07Ch19,2827758.793719,NaN,NaN
PB20.13.10_Comb07Ch20,2881622.31911,NaN,NaN
PB20.13.10_Comb07Ch21,2974853.520282,NaN,NaN
PB20.13.10_Comb07Ch22,3043746.952899,NaN,NaN
PB20.13.10_Comb07Ch23,3121337.895282,NaN,NaN
PB20.13.10_Comb07Ch24,3144607.548602,NaN,NaN
PB20.13.10_Comb07Ch25,3264617.924578,NaN,NaN
PB20.13.10_Comb07Ch26,3329696.65993,NaN,NaN
PB20.13.10_Comb07Ch27,3447494.511493,NaN,NaN
PB20.13.10_Comb07Ch28,3498992.924578,NaN,NaN
PB20.13.10_Comb07Ch29,3574905.400164,NaN,NaN
PB20.13.10_Comb07Ch30,3693008.427508,NaN,NaN
PB20.13.10_Comb07Ch31,3808288.578875,NaN,NaN
PB20.13.10_Comb07Ch32,3850402.836688,NaN,NaN
PB20.13.10_Comb07Ch33,3964614.872821,NaN,NaN
PB20.13.10_Comb07Ch34,4012069.706805,NaN,NaN
PB20.13.10_Comb07Ch35,4171524.052508,NaN,NaN
PB20.13.10_Comb07Ch36,4251480.107196,NaN,NaN
PB20.13.10_Comb07Ch37,4340591.435321,NaN,NaN
PB20.13.11_Comb23Ch01,1688003.544696,NaN,NaN
PB20.13.11_Comb23Ch02,1749954.228289,NaN,NaN
PB20.13.11_Comb23Ch03,1773834.233172,NaN,NaN
PB20.13.11_Comb23Ch04,1837463.383563,NaN,NaN
PB20.13.11_Comb23Ch05,1891098.027118,NaN,NaN
PB20.13.11_Comb23Ch06,2063903.81325,NaN,NaN
PB20.13.11_Comb23Ch07,2107543.949969,NaN,NaN
PB20.13.11_Comb23Ch08,2158050.541766,2158050.537109375,1.1904728384956154
PB20.13.11_Comb23Ch09,2219543.461688,NaN,NaN
PB20.13.11_Comb23Ch10,2299880.986102,NaN,NaN
PB20.13.11_Comb23Ch11,2387619.023211,NaN,NaN
PB20.13.11_Comb23Ch12,2415237.431414,NaN,NaN
PB20.13.11_Comb23Ch13,2495346.073993,NaN,NaN
PB20.13.11_Comb23Ch14,2545928.959735,NaN,NaN
PB20.13.11_Comb23Ch15,2658920.292743,NaN,NaN
PB20.13.11_Comb23Ch16,2689208.989032,NaN,NaN
PB20.13.11_Comb23Ch17,2734756.474383,NaN,NaN
PB20.13.11_Comb23Ch18,2836990.361102,2836990.3564453125,1.3442176267811659
PB20.13.11_Comb23Ch19,2920608.525164,NaN,NaN
PB20.13.11_Comb23Ch20,2959289.555438,NaN,NaN
PB20.13.11_Comb23Ch21,3061065.678485,NaN,NaN
PB20.13.11_Comb23Ch22,3146667.485125,NaN,NaN
PB20.13.11_Comb23Ch23,3248062.138446,NaN,NaN
PB20.13.11_Comb23Ch24,3278121.952899,NaN,NaN
PB20.13.11_Comb23Ch25,3360824.589618,NaN,NaN
PB20.13.11_Comb23Ch26,3448791.508563,NaN,NaN
PB20.13.11_Comb23Ch27,3582077.031024,NaN,NaN
PB20.13.11_Comb23Ch28,3630447.392352,3630447.3876953125,1.2561397011048148
PB20.13.11_Comb23Ch29,3682327.275164,3682327.2705078125,1.2848318764698536
PB20.13.11_Comb23Ch30,3797912.602313,3797912.59765625,1.242526639304533
PB20.13.11_Comb23Ch31,3930435.185321,3930435.1806640625,1.248059056510037
PB20.13.11_Comb23Ch32,3991394.047625,3991394.04296875,1.3405465966714851
PB20.13.11_Comb23Ch33,4122314.457782,NaN,NaN
PB20.13.11_Comb23Ch34,4168014.531024,4168014.5263671875,1.3207355526841478
PB20.13.11_Comb23Ch35,4296340.947039,NaN,NaN
PB20.13.11_Comb23Ch36,4381942.75368,NaN,NaN
PB20.13.11_Comb23Ch37,4508666.996844,4508666.9921875,1.3790072381423368
PB20.13.15_Comb01Ch01,1653518.681414,NaN,NaN
PB20.13.15_Comb01Ch02,1675567.63161,NaN,NaN
PB20.13.15_Comb01Ch03,1720047.001727,NaN,NaN
PB20.13.15_Comb01Ch04,1776351.933368,NaN,NaN
PB20.13.15_Comb01Ch05,1838607.792743,NaN,NaN
PB20.13.15_Comb01Ch06,1889190.678485,NaN,NaN
PB20.13.15_Comb01Ch07,1930694.584735,NaN,NaN
PB20.13.15_Comb01Ch08,1996612.553485,NaN,NaN
PB20.13.15_Comb01Ch09,2056121.830828,NaN,NaN
PB20.13.15_Comb01Ch10,2116928.105243,2116928.1005859375,1.210794935544221
PB20.13.15_Comb01Ch11,2183609.013446,NaN,NaN
PB20.13.15_Comb01Ch12,2285537.724383,NaN,NaN
PB20.13.15_Comb01Ch13,2361068.730243,NaN,NaN
PB20.13.15_Comb01Ch14,2409057.621844,NaN,NaN
PB20.13.15_Comb01Ch15,2461395.268328,2461395.263671875,1.3815606294302198
PB20.13.15_Comb01Ch16,2549743.657,NaN,NaN
PB20.13.15_Comb01Ch17,2594833.37868,2594833.3740234375,1.2712939223960948
PB20.13.15_Comb01Ch18,2669677.739032,2669677.734375,1.3104096051840666
PB20.13.15_Comb01Ch19,2754669.19411,2754669.189453125,1.264429668128367
PB20.13.15_Comb01Ch20,2828598.027118,NaN,NaN
PB20.13.15_Comb01Ch21,2891311.650164,2891311.6455078125,1.3770270342777169
PB20.13.15_Comb01Ch22,3060455.326922,NaN,NaN
PB20.13.15_Comb01Ch23,3119125.370868,NaN,NaN
PB20.13.15_Comb01Ch24,3187713.627703,NaN,NaN
PB20.13.15_Comb01Ch25,3268280.033953,3268280.029296875,1.3300695134488865
PB20.13.15_Comb01Ch26,3346862.797625,3346862.79296875,1.3304044948561493
PB20.13.15_Comb01Ch27,3449630.741961,3449630.7373046875,1.2513546648693608
PB20.13.15_Comb01Ch28,3513946.53786,3513946.533203125,1.2380896443916836
PB20.13.15_Comb01Ch29,3601684.574969,3601684.5703125,1.3812649442675122
PB20.13.15_Comb01Ch30,3786315.922625,3786315.91796875,1.3584001939889034
PB20.13.15_Comb01Ch31,3856353.764422,3856353.759765625,1.7693706417356654
PB20.13.15_Comb01Ch32,3967285.160907,NaN,NaN
PB20.13.15_Comb01Ch33,4053955.082782,NaN,NaN
PB20.13.15_Comb01Ch34,4158630.37575,4158630.37109375,1.4752131247830629
PB20.13.15_Comb01Ch35,4236450.199969,NaN,NaN
PB20.13.15_Comb01Ch36,4377059.94118,4377059.9365234375,1.428315699516645
PB20.13.31_Comb22Ch01,1719512.94411,NaN,NaN
PB20.13.31_Comb22Ch02,1761398.320086,NaN,NaN
PB20.13.31_Comb22Ch03,1817855.839618,NaN,NaN
PB20.13.31_Comb22Ch04,1879882.817157,NaN,NaN
PB20.13.31_Comb22Ch05,1945648.198016,NaN,NaN
PB20.13.31_Comb22Ch06,1981735.234149,NaN,NaN
PB20.13.31_Comb22Ch07,2047805.790789,NaN,NaN
PB20.13.31_Comb22Ch08,2111053.471453,NaN,NaN
PB20.13.31_Comb22Ch09,2151718.144305,2151718.1396484375,0.15703306014036705
PB20.13.31_Comb22Ch10,2292785.649188,NaN,NaN
PB20.13.31_Comb22Ch11,2351226.811297,NaN,NaN
PB20.13.31_Comb22Ch12,2463302.616961,NaN,NaN
PB20.13.31_Comb22Ch13,2527008.061297,NaN,NaN
PB20.13.31_Comb22Ch14,2626037.602313,NaN,NaN
PB20.13.31_Comb22Ch15,2661895.75661,NaN,NaN
PB20.13.31_Comb22Ch16,2732238.774188,NaN,NaN
PB20.13.31_Comb22Ch17,2817077.641375,2817077.63671875,0.09463960147638066
PB20.13.31_Comb22Ch18,2903137.211688,NaN,NaN
PB20.13.31_Comb22Ch19,2960662.846453,NaN,NaN
PB20.13.31_Comb22Ch20,3036956.791766,NaN,NaN
PB20.13.31_Comb22Ch21,3128509.526141,NaN,NaN
PB20.13.31_Comb22Ch22,3197784.428485,NaN,NaN
PB20.13.31_Comb22Ch23,3259277.348407,NaN,NaN
PB20.13.31_Comb22Ch24,3347473.149188,NaN,NaN
PB20.13.31_Comb22Ch25,3426666.264422,NaN,NaN
PB20.13.31_Comb22Ch26,3547592.167743,NaN,NaN
PB20.13.31_Comb22Ch27,3592987.065203,NaN,NaN
PB20.13.31_Comb22Ch28,3786468.510516,NaN,NaN
PB20.13.31_Comb22Ch29,3886489.872821,NaN,NaN
PB20.13.31_Comb22Ch30,3954010.014422,NaN,NaN
PB20.13.31_Comb22Ch31,4076080.326922,NaN,NaN
PB20.13.31_Comb22Ch32,4136810.307391,NaN,NaN
PB20.13.31_Comb22Ch33,4262161.259539,NaN,NaN
PB20.13.31_Comb22Ch34,4330520.634539,NaN,NaN
PB20.13.31_Comb22Ch35,4465484.623797,NaN,NaN
PB20.13.11_Comb21Ch01,1627349.858172,NaN,NaN
PB20.13.11_Comb21Ch02,1667251.591571,NaN,NaN
PB20.13.11_Comb21Ch03,1711425.785907,NaN,NaN
PB20.13.11_Comb21Ch04,1762084.965594,NaN,NaN
PB20.13.11_Comb21Ch05,1812286.38161,NaN,NaN
PB20.13.11_Comb21Ch06,1874694.828875,NaN,NaN
PB20.13.11_Comb21Ch07,1923904.423602,NaN,NaN
PB20.13.11_Comb21Ch08,1978912.358172,NaN,NaN
PB20.13.11_Comb21Ch09,2033920.292743,NaN,NaN
PB20.13.11_Comb21Ch10,2079925.541766,2079925.537109375,1.1540567989917982
PB20.13.11_Comb21Ch11,2147064.213641,NaN,NaN
PB20.13.11_Comb21Ch12,2212295.536883,NaN,NaN
PB20.13.11_Comb21Ch13,2280654.911883,NaN,NaN
PB20.13.11_Comb21Ch14,2321701.054461,NaN,NaN
PB20.13.11_Comb21Ch15,2397232.060321,NaN,NaN
PB20.13.11_Comb21Ch16,2454757.695086,NaN,NaN
PB20.13.11_Comb21Ch17,2538070.683368,NaN,NaN
PB20.13.11_Comb21Ch18,2589035.038836,NaN,NaN
PB20.13.11_Comb21Ch19,2653427.12868,NaN,NaN
PB20.13.11_Comb21Ch20,2727050.785907,2727050.78125,1.269659212137663
PB20.13.11_Comb21Ch21,2805633.549578,NaN,NaN
PB20.13.11_Comb21Ch22,2868804.936297,NaN,NaN
PB20.13.11_Comb21Ch23,2946548.466571,NaN,NaN
PB20.13.11_Comb21Ch24,3022155.766375,NaN,NaN
PB20.13.11_Comb21Ch25,3104400.639422,NaN,NaN
PB20.13.11_Comb21Ch26,3250656.132586,NaN,NaN
PB20.13.11_Comb21Ch27,3331680.302508,NaN,NaN
PB20.13.11_Comb21Ch28,3428955.082782,NaN,NaN
PB20.13.11_Comb21Ch29,3496627.812274,3496627.8076171875,0.9709366075420863
PB20.13.11_Comb21Ch30,3575973.515399,NaN,NaN
PB20.13.11_Comb21Ch31,3672256.474383,NaN,NaN
PB20.13.11_Comb21Ch32,3769226.078875,NaN,NaN
PB20.13.11_Comb21Ch33,3844909.672625,NaN,NaN
PB20.13.11_Comb21Ch34,3946456.913836,3946456.9091796875,1.0065344013625044
PB20.13.11_Comb21Ch35,4028320.317157,NaN,NaN
PB20.13.11_Comb21Ch36,4133758.549578,NaN,NaN
PB20.13.11_Comb21Ch37,4220733.647235,NaN,NaN
PB20.13.11_Comb21Ch38,4333343.510516,4333343.505859375,1.1627062708463018
PB20.13.28_Comb14Ch01,1676177.983172,NaN,NaN
PB20.13.28_Comb14Ch02,1732101.445086,NaN,NaN
PB20.13.28_Comb14Ch03,1758270.268328,NaN,NaN
PB20.13.28_Comb14Ch04,1817855.839618,NaN,NaN
PB20.13.28_Comb14Ch05,1872100.834735,NaN,NaN
PB20.13.28_Comb14Ch06,1939010.624774,NaN,NaN
PB20.13.28_Comb14Ch07,1993026.738055,NaN,NaN
PB20.13.28_Comb14Ch08,2140045.170672,2140045.166015625,1.1509271277481306
PB20.13.28_Comb14Ch09,2205581.669696,NaN,NaN
PB20.13.28_Comb14Ch10,2282333.37868,NaN,NaN
PB20.13.28_Comb14Ch11,2367095.951922,NaN,NaN
PB20.13.28_Comb14Ch12,2393875.126727,NaN,NaN
PB20.13.28_Comb14Ch13,2474136.357196,NaN,NaN
PB20.13.28_Comb14Ch14,2520675.663836,2520675.6591796875,1.186515673933947
PB20.13.28_Comb14Ch15,2638092.045672,NaN,NaN
PB20.13.28_Comb14Ch16,2663803.105243,NaN,NaN
PB20.13.28_Comb14Ch17,2808532.7195,2808532.71484375,1.323534155700712
PB20.13.28_Comb14Ch18,2892608.647235,NaN,NaN
PB20.13.28_Comb14Ch19,3032302.861102,NaN,NaN
PB20.13.28_Comb14Ch20,3125686.650164,NaN,NaN
PB20.13.28_Comb14Ch21,3220901.493914,NaN,NaN
PB20.13.28_Comb14Ch22,3254241.948016,NaN,NaN
PB20.13.28_Comb14Ch23,3323593.144305,NaN,NaN
PB20.13.28_Comb14Ch24,3419342.045672,NaN,NaN
PB20.13.28_Comb14Ch25,3552627.568133,3552627.5634765625,1.22936267453226
PB20.13.28_Comb14Ch26,3655395.512469,3655395.5078125,1.272052112623051
PB20.13.28_Comb14Ch27,3890991.215594,3890991.2109375,1.2618451318682373
PB20.13.28_Comb14Ch28,3963394.169696,3963394.1650390625,1.5064826647803684
PB20.13.28_Comb14Ch29,4082794.19411,NaN,NaN
PB20.13.28_Comb14Ch30,4131088.261493,4131088.2568359375,1.3703832842668797
PB20.13.28_Comb14Ch31,4246292.118914,4246292.1142578125,1.3602726722853382
PB20.13.28_Comb14Ch32,4345016.484149,NaN,NaN
PB20.13.28_Comb14Ch33,4452362.065203,4452362.060546875,1.235854062900859
PB20.13.11_Comb02Ch01,1648178.105243,NaN,NaN
PB20.13.11_Comb02Ch02,1707458.50075,NaN,NaN
PB20.13.11_Comb02Ch03,1799240.116961,NaN,NaN
PB20.13.11_Comb02Ch04,1840972.905047,NaN,NaN
PB20.13.11_Comb02Ch05,1908645.634539,NaN,NaN
PB20.13.11_Comb02Ch06,1971664.433368,NaN,NaN
PB20.13.11_Comb02Ch07,2064132.695086,NaN,NaN
PB20.13.11_Comb02Ch08,2113265.995868,2113265.9912109375,0.15200611354113028
PB20.13.11_Comb02Ch09,2172470.09743,NaN,NaN
PB20.13.11_Comb02Ch10,2239990.239032,NaN,NaN
PB20.13.11_Comb02Ch11,2334899.907,NaN,NaN
PB20.13.11_Comb02Ch12,2357711.796649,NaN,NaN
PB20.13.11_Comb02Ch13,2449798.588641,NaN,NaN
PB20.13.11_Comb02Ch14,2503280.644305,NaN,NaN
PB20.13.11_Comb02Ch15,2587661.747821,NaN,NaN
PB20.13.11_Comb02Ch16,2644119.267352,NaN,NaN
PB20.13.11_Comb02Ch17,2778625.492938,2778625.48828125,0.10238907481290833
PB20.13.11_Comb02Ch18,2854843.144305,NaN,NaN
PB20.13.11_Comb02Ch19,2916336.064227,NaN,NaN
PB20.13.11_Comb02Ch20,3012084.965594,NaN,NaN
PB20.13.11_Comb02Ch21,3063888.554461,NaN,NaN
PB20.13.11_Comb02Ch22,3177566.532977,NaN,NaN
PB20.13.11_Comb02Ch23,3222122.197039,NaN,NaN
PB20.13.11_Comb02Ch24,3307113.652118,NaN,NaN
PB20.13.11_Comb02Ch25,3390121.464618,NaN,NaN
PB20.13.11_Comb02Ch26,3572387.699969,NaN,NaN
PB20.13.11_Comb02Ch27,3733901.982196,NaN,NaN
PB20.13.11_Comb02Ch28,3850860.60036,NaN,NaN
PB20.13.11_Comb02Ch29,3928680.424578,NaN,NaN
PB20.13.11_Comb02Ch30,4026031.498797,NaN,NaN
PB20.13.11_Comb02Ch31,4101791.386493,NaN,NaN
PB20.13.11_Comb02Ch32,4212722.782977,NaN,NaN
PB20.13.11_Comb02Ch33,4309997.56325,NaN,NaN
PB20.13.11_Comb02Ch34,4425659.184344,NaN,NaN
PB20.13.13_Comb13Ch01,1678695.683368,NaN,NaN
PB20.13.13_Comb13Ch02,1723403.935321,NaN,NaN
PB20.13.13_Comb13Ch03,1765213.017352,NaN,NaN
PB20.13.13_Comb13Ch04,1819686.894305,NaN,NaN
PB20.13.13_Comb13Ch05,1874389.653094,NaN,NaN
PB20.13.13_Comb13Ch06,1937789.921649,NaN,NaN
PB20.13.13_Comb13Ch07,1983718.876727,NaN,NaN
PB20.13.13_Comb13Ch08,2043533.329852,NaN,NaN
PB20.13.13_Comb13Ch09,2145004.277118,2145004.2724609375,1.3920826996044684
PB20.13.13_Comb13Ch10,2212829.5945,NaN,NaN
PB20.13.13_Comb13Ch11,2284317.021258,2284317.0166015625,1.198188826368835
PB20.13.13_Comb13Ch12,2355499.272235,NaN,NaN
PB20.13.13_Comb13Ch13,2402038.578875,NaN,NaN
PB20.13.13_Comb13Ch14,2468032.841571,NaN,NaN
PB20.13.13_Comb13Ch15,2623825.077899,NaN,NaN
PB20.13.13_Comb13Ch16,2672653.202899,2672653.1982421875,1.381318448039507
PB20.13.13_Comb13Ch17,2722549.443133,2722549.4384765625,1.263157757526382
PB20.13.13_Comb13Ch18,2808380.13161,2808380.126953125,1.7153528986170226
PB20.13.13_Comb13Ch19,2895965.580828,NaN,NaN
PB20.13.13_Comb13Ch20,2940826.420672,2940826.416015625,1.2687310226898114
PB20.13.13_Comb13Ch21,3029708.866961,3029708.8623046875,1.2836088315835834
PB20.13.13_Comb13Ch22,3124237.065203,NaN,NaN
PB20.13.13_Comb13Ch23,3204498.295672,3204498.291015625,1.453887266761901
PB20.13.13_Comb13Ch24,3266601.567157,3266601.5625,1.4694063732985656
PB20.13.13_Comb13Ch25,3334503.178485,3334503.173828125,1.3058937948737253
PB20.13.13_Comb13Ch26,3424911.50368,3424911.4990234375,1.4621508128940075
PB20.13.13_Comb13Ch27,3537902.836688,3537902.83203125,1.7229572606906156
PB20.13.13_Comb13Ch28,3594207.768328,3594207.763671875,1.568713630891411
PB20.13.13_Comb13Ch29,3667602.543719,3667602.5390625,1.5091834299063365
PB20.13.13_Comb13Ch30,3772048.954852,3772048.9501953125,1.53074324969429
PB20.13.13_Comb13Ch31,3883514.408953,3883514.404296875,1.6802126502825456
PB20.13.13_Comb13Ch32,3960571.293719,3960571.2890625,1.7499125481052538
PB20.13.13_Comb13Ch33,4072341.923602,4072341.9189453125,1.4850775918307166
PB20.13.13_Comb13Ch34,4138793.949969,4138793.9453125,1.750813414905943
PB20.13.13_Comb13Ch35,4256210.331805,4256210.3271484375,1.528857062378319
PB20.13.13_Comb13Ch36,4337005.619891,4337005.615234375,1.5954092615275626
PB20.13.13_Comb13Ch37,4465942.387469,4465942.3828125,1.730106477909825
PB20.13.11_Comb25Ch01,1790618.901141,NaN,NaN
PB20.13.11_Comb25Ch02,1854400.639422,NaN,NaN
PB20.13.11_Comb25Ch03,1917953.495868,NaN,NaN
PB20.13.11_Comb25Ch04,1990966.801532,NaN,NaN
PB20.13.11_Comb25Ch05,2036285.405047,NaN,NaN
PB20.13.11_Comb25Ch06,2094345.09743,NaN,NaN
PB20.13.11_Comb25Ch07,2187805.180438,2187805.17578125,0.9761816588962272
PB20.13.11_Comb25Ch08,2257690.434344,NaN,NaN
PB20.13.11_Comb25Ch09,2327804.570086,NaN,NaN
PB20.13.11_Comb25Ch10,2421112.065203,NaN,NaN
PB20.13.11_Comb25Ch11,2443084.721453,NaN,NaN
PB20.13.11_Comb25Ch12,2513351.445086,NaN,NaN
PB20.13.11_Comb25Ch13,2575225.834735,NaN,NaN
PB20.13.11_Comb25Ch14,2697448.735125,NaN,NaN
PB20.13.11_Comb25Ch15,2771301.274188,NaN,NaN
PB20.13.11_Comb25Ch16,2872390.751727,2872390.7470703125,0.9817383800625687
PB20.13.11_Comb25Ch17,3014526.371844,NaN,NaN
PB20.13.11_Comb25Ch18,3117065.434344,NaN,NaN
PB20.13.11_Comb25Ch19,3190765.385516,NaN,NaN
PB20.13.11_Comb25Ch20,3279342.656024,NaN,NaN
PB20.13.11_Comb25Ch21,3300399.78493,NaN,NaN
PB20.13.11_Comb25Ch22,3412017.826922,NaN,NaN
PB20.13.11_Comb25Ch23,3485488.896258,NaN,NaN
PB20.13.11_Comb25Ch24,3634109.501727,NaN,NaN
PB20.13.11_Comb25Ch25,3668136.601336,NaN,NaN
PB20.13.11_Comb25Ch26,3734970.09743,NaN,NaN
PB20.13.11_Comb25Ch27,3858261.113055,NaN,NaN
PB20.13.11_Comb25Ch28,3992614.75075,NaN,NaN
PB20.13.11_Comb25Ch29,4030838.017352,NaN,NaN
PB20.13.11_Comb25Ch30,4177551.274188,NaN,NaN
PB20.13.11_Comb25Ch31,4198379.521258,NaN,NaN
PB20.13.11_Comb25Ch32,4275131.230243,NaN,NaN
PB20.13.11_Comb25Ch33,4357681.279071,NaN,NaN
PB20.13.11_Comb25Ch34,4562683.110125,NaN,NaN
PB20.13.11_Comb27Ch01,1669387.822039,NaN,NaN
PB20.13.11_Comb27Ch02,1933135.990985,NaN,NaN
PB20.13.11_Comb27Ch03,1989974.980243,NaN,NaN
PB20.13.11_Comb27Ch04,2092361.454852,NaN,NaN
PB20.13.11_Comb27Ch05,2209777.836688,NaN,NaN
PB20.13.11_Comb27Ch06,2277297.978289,NaN,NaN
PB20.13.11_Comb27Ch07,2353897.099383,NaN,NaN
PB20.13.11_Comb27Ch08,2473373.417743,NaN,NaN
PB20.13.11_Comb27Ch09,2538604.740985,2538604.736328125,1.2979073452133567
PB20.13.11_Comb27Ch10,2614135.746844,NaN,NaN
PB20.13.11_Comb27Ch11,2746047.978289,2746047.9736328125,1.2905252774002043
PB20.13.11_Comb27Ch12,2879867.558368,NaN,NaN
PB20.13.11_Comb27Ch13,2955932.621844,2955932.6171875,1.5331920854914507
PB20.13.11_Comb27Ch14,3037567.143328,3037567.138671875,1.379664280008294
PB20.13.11_Comb27Ch15,3103866.581805,NaN,NaN
PB20.13.11_Comb27Ch16,3210601.811297,NaN,NaN
PB20.13.11_Comb27Ch17,3347702.031024,3347702.0263671875,1.5643550944514986
PB20.13.11_Comb27Ch18,3432388.310321,3432388.3056640625,1.5054634376605045
PB20.13.11_Comb27Ch19,3686599.736102,3686599.7314453125,1.6162211485974478
PB20.13.11_Comb27Ch20,3781585.698016,3781585.693359375,1.7498400407880326
PB20.13.11_Comb27Ch21,3888473.515399,3888473.5107421875,1.6557614089353487
PB20.13.11_Comb27Ch22,3967208.866961,3967208.8623046875,1.8452293479881936
PB20.13.11_Comb27Ch23,4259567.265399,4259567.2607421875,1.5987234028510267
PB20.13.11_Comb27Ch24,4356079.106219,4356079.1015625,1.7297405931642402
PB20.13.13_Comb18Ch01,1691131.596453,NaN,NaN
PB20.13.13_Comb18Ch02,1789627.079852,NaN,NaN
PB20.13.13_Comb18Ch03,1854324.345477,NaN,NaN
PB20.13.13_Comb18Ch04,1950607.304461,NaN,NaN
PB20.13.13_Comb18Ch05,2010116.581805,NaN,NaN
PB20.13.13_Comb18Ch06,2067184.452899,NaN,NaN
PB20.13.13_Comb18Ch07,2135849.00368,2135848.9990234375,1.31979927174145
PB20.13.13_Comb18Ch08,2187652.592547,NaN,NaN
PB20.13.13_Comb18Ch09,2253570.561297,NaN,NaN
PB20.13.13_Comb18Ch10,2308883.671649,NaN,NaN
PB20.13.13_Comb18Ch11,2374801.640399,NaN,NaN
PB20.13.13_Comb18Ch12,2427062.992938,NaN,NaN
PB20.13.13_Comb18Ch13,2479248.051532,NaN,NaN
PB20.13.13_Comb18Ch14,2572021.489032,NaN,NaN
PB20.13.13_Comb18Ch15,2610931.401141,NaN,NaN
PB20.13.13_Comb18Ch16,2678909.306414,2678909.3017578125,1.279210311392931
PB20.13.13_Comb18Ch17,2775268.559344,2775268.5546875,1.6892133227249242
PB20.13.13_Comb18Ch18,2909469.609149,NaN,NaN
PB20.13.13_Comb18Ch19,2987289.433368,NaN,NaN
PB20.13.13_Comb18Ch20,3079147.343524,NaN,NaN
PB20.13.13_Comb18Ch21,3143539.433368,NaN,NaN
PB20.13.13_Comb18Ch22,3190383.915789,3190383.9111328125,1.2939745175447588
PB20.13.13_Comb18Ch23,3292160.038836,NaN,NaN
PB20.13.13_Comb18Ch24,3366470.341571,3366470.3369140625,1.2987028910913945
PB20.13.13_Comb18Ch25,3476409.916766,NaN,NaN
PB20.13.13_Comb18Ch26,3536911.015399,3536911.0107421875,1.6378932616433983
PB20.13.13_Comb18Ch27,3613662.724383,3613662.7197265625,1.3007878340943937
PB20.13.13_Comb18Ch28,3724136.357196,3724136.3525390625,1.6385438842938351
PB20.13.13_Comb18Ch29,3817977.90993,3817977.9052734375,1.5795584293135705
PB20.13.13_Comb18Ch30,3884811.406024,3884811.4013671875,1.7802883064703987
PB20.13.13_Comb18Ch31,3998565.678485,3998565.673828125,1.5718978291301609
PB20.13.13_Comb18Ch32,4065093.998797,4065093.994140625,1.8858474709132995
PB20.13.13_Comb18Ch33,4186325.077899,4186325.0732421875,1.534938386103738
PB20.13.13_Comb18Ch34,4271926.884539,4271926.8798828125,1.6685653848778603
PB20.13.13_Comb18Ch35,4386367.802508,4386367.7978515625,2.036663553535996
PB20.13.10_Comb10Ch01,1648559.574969,NaN,NaN
PB20.13.10_Comb10Ch02,1680984.501727,NaN,NaN
PB20.13.10_Comb10Ch03,1724472.050555,NaN,NaN
PB20.13.10_Comb10Ch04,1778869.633563,NaN,NaN
PB20.13.10_Comb10Ch05,1842651.371844,NaN,NaN
PB20.13.10_Comb10Ch06,1892547.612078,NaN,NaN
PB20.13.10_Comb10Ch07,1940765.385516,NaN,NaN
PB20.13.10_Comb10Ch08,1996917.729266,NaN,NaN
PB20.13.10_Comb10Ch09,2115325.932391,2115325.927734375,0.5217557276926511
PB20.13.10_Comb10Ch10,2239227.299578,NaN,NaN
PB20.13.10_Comb10Ch11,2296295.170672,NaN,NaN
PB20.13.10_Comb10Ch12,2357788.090594,NaN,NaN
PB20.13.10_Comb10Ch13,2415390.019305,NaN,NaN
PB20.13.10_Comb10Ch14,2469711.308368,NaN,NaN
PB20.13.10_Comb10Ch15,2556381.230243,NaN,NaN
PB20.13.10_Comb10Ch16,2600097.660907,NaN,NaN
PB20.13.10_Comb10Ch17,2752914.433368,2752914.4287109375,0.5997177838159197
PB20.13.10_Comb10Ch18,2828292.851336,NaN,NaN
PB20.13.10_Comb10Ch19,2971420.292743,NaN,NaN
PB20.13.10_Comb10Ch20,3060684.208758,NaN,NaN
PB20.13.10_Comb10Ch21,3126220.707782,NaN,NaN
PB20.13.10_Comb10Ch22,3182525.639422,NaN,NaN
PB20.13.10_Comb10Ch23,3353424.076922,NaN,NaN
PB20.13.10_Comb10Ch24,3455581.669696,NaN,NaN
PB20.13.10_Comb10Ch25,3519973.759539,NaN,NaN
PB20.13.10_Comb10Ch26,3796615.605243,NaN,NaN
PB20.13.10_Comb10Ch27,3870391.85036,NaN,NaN
PB20.13.10_Comb10Ch28,3976821.904071,NaN,NaN
PB20.13.10_Comb10Ch29,4056701.664813,NaN,NaN
PB20.13.10_Comb10Ch30,4249725.346453,NaN,NaN
PB20.13.10_Comb10Ch31,4262542.729266,NaN,NaN
PB20.13.10_Comb10Ch32,4374160.771258,NaN,NaN
