Name,Nominal Frequency,Actual Frequency,Resistance
PB20.13.28_Comb05Ch01,1694564.823993,1694564.8193359375,1.6547608526345712
PB20.13.28_Comb05Ch02,1748046.879657,1748046.875,1.4959787035123429
PB20.13.28_Comb05Ch03,1784591.679461,1784591.6748046875,2.250966544357448
PB20.13.28_Comb05Ch04,1846771.244891,1846771.240234375,1.3792354682151935
PB20.13.28_Comb05Ch05,1901016.240008,1901016.2353515625,1.5633924994290314
PB20.13.28_Comb05Ch06,1958465.580828,1958465.576171875,1.7418893099155133
PB20.13.28_Comb05Ch07,2012786.869891,2012786.865234375,1.733183901686644
PB20.13.28_Comb05Ch08,2073669.43825,2073669.43359375,1.63203370775458
PB20.13.28_Comb05Ch09,2120437.626727,2120437.6220703125,2.977465438837586
PB20.13.28_Comb05Ch10,2189559.94118,2189559.9365234375,1.063844774393919
PB20.13.28_Comb05Ch11,2234573.368914,2234573.3642578125,1.7611577709435078
PB20.13.28_Comb05Ch12,2304229.740985,NaN,NaN
PB20.13.28_Comb05Ch13,2381668.095477,2381668.0908203125,2.41085211160543
PB20.13.28_Comb05Ch14,2439346.318133,2439346.3134765625,1.61815758509937
PB20.13.28_Comb05Ch15,2500686.650164,2500686.6455078125,1.6397110103566843
PB20.13.28_Comb05Ch16,2557678.227313,2557678.22265625,1.7549792301056564
PB20.13.28_Comb05Ch17,2650299.076922,2650299.072265625,1.5386765373574858
PB20.13.28_Comb05Ch18,2697677.616961,2697677.6123046875,1.7184268005337475
PB20.13.28_Comb05Ch19,2757339.482196,2757339.4775390625,2.4692029617770457
PB20.13.28_Comb05Ch20,2859268.193133,2859268.1884765625,1.157825396662769
PB20.13.28_Comb05Ch21,2918624.882586,2918624.8779296875,1.8287329434876984
PB20.13.28_Comb05Ch22,2985229.496844,2985229.4921875,2.4647667177967865
PB20.13.28_Comb05Ch23,3073120.121844,3073120.1171875,1.7776656089685736
PB20.13.28_Comb05Ch24,3147811.894305,3147811.8896484375,1.492336985590264
PB20.13.28_Comb05Ch25,3244476.323016,3244476.318359375,1.7713798081344463
PB20.13.28_Comb05Ch26,3291931.157,3291931.15234375,1.361610756857923
PB20.13.28_Comb05Ch27,3375778.202899,3375778.1982421875,1.4913436026810414
PB20.13.28_Comb05Ch28,3462829.5945,3462829.58984375,1.3936872502653943
PB20.13.28_Comb05Ch29,3577575.68825,3577575.68359375,2.4693554358115364
PB20.13.28_Comb05Ch30,3642959.599383,3642959.5947265625,1.9018386228215025
PB20.13.28_Comb05Ch31,3715209.965594,3715209.9609375,1.379857786538384
PB20.13.28_Comb05Ch32,3814086.918719,3814086.9140625,2.9291214065304207
PB20.13.28_Comb05Ch33,3921966.557391,3921966.552734375,1.9877353311278976
PB20.13.28_Comb05Ch34,3998870.854266,3998870.849609375,1.6860380757167772
PB20.13.28_Comb05Ch35,4118499.760516,4118499.755859375,1.8197595599137595
PB20.13.28_Comb05Ch36,4185333.25661,4185333.251953125,1.4192940249342283
PB20.13.28_Comb05Ch37,4296340.947039,4296340.9423828125,1.6225678161897772
PB20.13.28_Comb05Ch38,4392547.612078,4392547.607421875,1.4366061075082404
PB20.13.28_Comb05Ch39,4507675.175555,4507675.1708984375,1.9928780782463862
PB20.13.11_Comb15Ch01,1666412.358172,1666412.353515625,1.8810563628348036
PB20.13.11_Comb15Ch02,1698455.815203,1698455.810546875,1.3538647931931482
PB20.13.11_Comb15Ch03,1729812.626727,1729812.6220703125,2.50997628709903
PB20.13.11_Comb15Ch04,1856307.988055,1856307.9833984375,1.3497824666540543
PB20.13.11_Comb15Ch05,1912765.507586,NaN,NaN
PB20.13.11_Comb15Ch06,1954269.413836,1954269.4091796875,1.594363657149081
PB20.13.11_Comb15Ch07,2071914.677508,2071914.6728515625,1.9250445822601459
PB20.13.11_Comb15Ch08,2126388.554461,2126388.5498046875,1.0397458601366194
PB20.13.11_Comb15Ch09,2196044.926532,2196044.921875,2.040652403973308
PB20.13.11_Comb15Ch10,2258682.255633,2258682.2509765625,1.995353628705715
PB20.13.11_Comb15Ch11,2316589.360125,2316589.35546875,1.8810408276347812
PB20.13.11_Comb15Ch12,2368545.536883,2368545.5322265625,1.8275658488911573
PB20.13.11_Comb15Ch13,2428665.165789,2428665.1611328125,1.7301082194952444
PB20.13.11_Comb15Ch14,2484970.09743,2484970.0927734375,2.732305288220118
PB20.13.11_Comb15Ch15,2584228.520282,2584228.515625,1.4539012921360006
PB20.13.11_Comb15Ch16,2610321.049578,2610321.044921875,3.2064950833647963
PB20.13.11_Comb15Ch17,2683944.706805,2683944.7021484375,2.7658134712927014
PB20.13.11_Comb15Ch18,2769012.455828,2769012.451171875,1.1045680065746677
PB20.13.11_Comb15Ch19,2855682.377703,2855682.373046875,1.5484241153277514
PB20.13.11_Comb15Ch20,2914123.539813,2914123.53515625,2.799434022289478
PB20.13.11_Comb15Ch21,2996521.00075,2996520.99609375,1.862062366103933
PB20.13.11_Comb15Ch22,3089904.789813,3089904.78515625,1.3256968725277216
PB20.13.11_Comb15Ch23,3152008.061297,3152008.056640625,1.815685162946589
PB20.13.11_Comb15Ch24,3193435.673602,3193435.6689453125,3.0094448050294327
PB20.13.11_Comb15Ch25,3295745.854266,3295745.849609375,2.4546831979768107
PB20.13.11_Comb15Ch26,3367233.281024,3367233.2763671875,2.271911263689954
PB20.13.11_Comb15Ch27,3487701.420672,3487701.416015625,2.03725653277679
PB20.13.11_Comb15Ch28,3542251.591571,3542251.5869140625,1.9397680908046333
PB20.13.11_Comb15Ch29,3618469.242938,3618469.23828125,3.0067038569104065
PB20.13.11_Comb15Ch30,3732604.985125,3732604.98046875,2.582293001987121
PB20.13.11_Comb15Ch31,3832778.935321,3832778.9306640625,1.7006939404707722
PB20.13.11_Comb15Ch32,3890533.451922,3890533.447265625,2.2419884292695027
PB20.13.11_Comb15Ch33,4011840.824969,4011840.8203125,2.379192865135261
PB20.13.11_Comb15Ch34,4070816.044696,4070816.0400390625,1.4566515037924075
PB20.13.11_Comb15Ch35,4202575.68825,4202575.68359375,1.2871538636598492
PB20.13.11_Comb15Ch36,4281387.333758,4281387.3291015625,1.1461330471537619
PB20.13.11_Comb15Ch37,4392318.730243,4392318.7255859375,1.954204581621901
PB20.13.11_Comb15Ch38,4407730.107196,4407730.1025390625,1.5840186341826687
PB20.13.15_Comb13Ch01,1633148.198016,1633148.193359375,1.4482068230808682
PB20.13.15_Comb13Ch02,1679611.210711,1679611.2060546875,1.4919475125113286
PB20.13.15_Comb13Ch03,1735687.260516,1735687.255859375,1.4981376457540603
PB20.13.15_Comb13Ch04,1785507.206805,1785507.2021484375,1.5072617043502616
PB20.13.15_Comb13Ch05,1824874.882586,1824874.8779296875,1.4672970576035969
PB20.13.15_Comb13Ch06,1881713.871844,1881713.8671875,1.832045325646565
PB20.13.15_Comb13Ch07,1944732.670672,1944732.666015625,1.7718556931314327
PB20.13.15_Comb13Ch08,1996765.141375,1996765.13671875,1.748288729015778
PB20.13.15_Comb13Ch09,2045516.97243,2045516.9677734375,1.7625194530332955
PB20.13.15_Comb13Ch10,2106399.540789,2106399.5361328125,1.040568050467431
PB20.13.15_Comb13Ch11,2160949.711688,2160949.70703125,1.7727517259820484
PB20.13.15_Comb13Ch12,2221450.810321,2221450.8056640625,1.7599665883424953
PB20.13.15_Comb13Ch13,2297210.698016,2297210.693359375,1.7819929391394853
PB20.13.15_Comb13Ch14,2345733.647235,2345733.642578125,1.813937619799439
PB20.13.15_Comb13Ch15,2426605.229266,2426605.224609375,1.4922434975149492
PB20.13.15_Comb13Ch16,2484054.570086,2484054.5654296875,1.8245463750421647
PB20.13.15_Comb13Ch17,2542800.907977,2542800.9033203125,1.563447178933321
PB20.13.15_Comb13Ch18,2625732.426532,2625732.421875,1.7700083178437942
PB20.13.15_Comb13Ch19,2757644.657977,2757644.6533203125,1.0344384494569223
PB20.13.15_Comb13Ch20,2813949.589618,2813949.5849609375,1.4954090487638474
PB20.13.15_Comb13Ch21,2972869.877703,2972869.873046875,1.7786301648897858
PB20.13.15_Comb13Ch22,3030090.336688,3030090.33203125,1.5026907240494316
PB20.13.15_Comb13Ch23,3134231.572039,3134231.5673828125,1.4384356904407927
PB20.13.15_Comb13Ch24,3210525.517352,3210525.5126953125,1.5524423689677485
PB20.13.15_Comb13Ch25,3280029.301532,3280029.296875,1.439935637392699
PB20.13.15_Comb13Ch26,3374252.323993,3374252.3193359375,1.4094260735612314
PB20.13.15_Comb13Ch27,3440780.644305,3440780.6396484375,1.8687146106214332
PB20.13.15_Comb13Ch28,3536529.545672,3536529.541015625,1.8501106258496085
PB20.13.15_Comb13Ch29,3614883.427508,3614883.4228515625,1.3987669921425352
PB20.13.15_Comb13Ch30,3698425.297625,3698425.29296875,1.9274268242411214
PB20.13.15_Comb13Ch31,3791046.147235,3791046.142578125,1.8495863197144695
PB20.13.15_Comb13Ch32,3896484.379657,3896484.375,1.7369524969784877
PB20.13.15_Comb13Ch33,3964920.048602,3964920.0439453125,1.3867503283170861
PB20.13.15_Comb13Ch34,4079284.672625,4079284.66796875,1.4480489749961383
PB20.13.15_Comb13Ch35,4161148.075946,4161148.0712890625,1.3582135963126496
PB20.13.15_Comb13Ch36,4263916.020282,4263916.015625,1.287150232945521
PB20.13.15_Comb13Ch37,4338378.910907,4338378.90625,2.0470877119948905
PB20.13.15_Comb13Ch38,4376983.647235,4376983.642578125,1.8696067552055653
PB20.13.13_Comb07Ch01,1651687.626727,1651687.6220703125,1.2272094665331532
PB20.13.13_Comb07Ch02,1690444.950946,1690444.9462890625,1.2291375417701702
PB20.13.13_Comb07Ch03,1735229.496844,1735229.4921875,1.3384132264688073
PB20.13.13_Comb07Ch04,1789779.667743,1789779.6630859375,1.2692600990595273
PB20.13.13_Comb07Ch05,1840286.259539,1840286.2548828125,1.3227569730866977
PB20.13.13_Comb07Ch06,1902771.00075,1902770.99609375,1.502710655682789
PB20.13.13_Comb07Ch07,1951370.243914,1951370.2392578125,1.5356202852688787
PB20.13.13_Comb07Ch08,2010955.815203,2010955.810546875,1.5515922377735494
PB20.13.13_Comb07Ch09,2115173.3445,2115173.33984375,1.0022249284509588
PB20.13.13_Comb07Ch10,2244644.169696,2244644.1650390625,1.4391877444396661
PB20.13.13_Comb07Ch11,2307128.910907,2307128.90625,1.5033735695010018
PB20.13.13_Comb07Ch12,2363128.666766,2363128.662109375,1.511694120237582
PB20.13.13_Comb07Ch13,2427978.520282,2427978.515625,1.3299752206669169
PB20.13.13_Comb07Ch14,2488098.149188,2488098.14453125,1.5828514798676387
PB20.13.13_Comb07Ch15,2568817.143328,2568817.138671875,1.2491088056850692
PB20.13.13_Comb07Ch16,2619781.498797,2619781.494140625,1.751902263857505
PB20.13.13_Comb07Ch17,2693634.03786,2693634.033203125,1.4781037803999935
PB20.13.13_Comb07Ch18,2771224.980243,2771224.9755859375,1.010641264878845
PB20.13.13_Comb07Ch19,2916946.415789,2916946.4111328125,1.4899033389161993
PB20.13.13_Comb07Ch20,2989959.721453,2989959.716796875,1.5198764813702679
PB20.13.13_Comb07Ch21,3060226.445086,3060226.4404296875,1.2422498099834556
PB20.13.13_Comb07Ch22,3144912.724383,3144912.7197265625,1.3028059509784156
PB20.13.13_Comb07Ch23,3210678.105243,3210678.1005859375,1.3375759617111165
PB20.13.13_Comb07Ch24,3375625.615008,NaN,NaN
PB20.13.13_Comb07Ch25,3473205.571063,3473205.56640625,1.6332044422852063
PB20.13.13_Comb07Ch26,3540878.300555,3540878.2958984375,1.7507818762675944
PB20.13.13_Comb07Ch27,3818283.085711,3818283.0810546875,1.658199639435843
PB20.13.13_Comb07Ch28,3895492.558368,3895492.5537109375,1.729800210678125
PB20.13.13_Comb07Ch29,3997802.739032,3997802.734375,1.2281387706572418
PB20.13.13_Comb07Ch30,4080734.257586,4080734.2529296875,1.2401667767355742
PB20.13.13_Comb07Ch31,4274444.584735,4274444.580078125,1.0986869670117718
PB20.13.13_Comb07Ch32,4389266.97243,4389266.9677734375,1.4279403072996975
PB20.13.13_Comb07Ch33,4382705.693133,4382705.6884765625,1.7378900543256504
PB20.13.28_Comb17Ch01,1645278.935321,1645278.9306640625,1.6012922187202674
PB20.13.28_Comb17Ch02,1683502.201922,1683502.197265625,1.3211590306478997
PB20.13.28_Comb17Ch03,1732711.796649,1732711.7919921875,2.678733101063001
PB20.13.28_Comb17Ch04,1790618.901141,1790618.896484375,1.3707896171524727
PB20.13.28_Comb17Ch05,1838836.674578,1838836.669921875,1.5495224185027983
PB20.13.28_Comb17Ch06,1897430.424578,1897430.419921875,1.6515947830353375
PB20.13.28_Comb17Ch07,1944046.025164,1944046.0205078125,2.0823653146663674
PB20.13.28_Comb17Ch08,2009429.936297,2009429.931640625,2.0500379595780314
PB20.13.28_Comb17Ch09,2064666.752703,2064666.748046875,1.5935183655728913
PB20.13.28_Comb17Ch10,2122802.739032,2122802.734375,1.0290254709165854
PB20.13.28_Comb17Ch11,2180099.491961,2180099.4873046875,2.0911479123160186
PB20.13.28_Comb17Ch12,2240295.414813,2240295.41015625,1.564680533035537
PB20.13.28_Comb17Ch13,2299728.398211,2299728.3935546875,4.465599185947169
PB20.13.28_Comb17Ch14,2365417.485125,2365417.48046875,1.6835519425768652
PB20.13.28_Comb17Ch15,2422409.062274,2422409.0576171875,1.787501211296411
PB20.13.28_Comb17Ch16,2477416.996844,2477416.9921875,1.8519239035339012
PB20.13.28_Comb17Ch17,2560272.221453,2560272.216796875,2.0201244259917277
PB20.13.28_Comb17Ch18,2614593.510516,2614593.505859375,2.488421181993653
PB20.13.28_Comb17Ch19,2685470.585711,2685470.5810546875,1.6595911168865458
PB20.13.28_Comb17Ch20,2772903.447039,2772903.4423828125,1.0609885243835733
PB20.13.28_Comb17Ch21,2836380.009539,2836380.0048828125,1.7566493718646303
PB20.13.28_Comb17Ch22,2975158.696063,2975158.69140625,1.7856347914725816
PB20.13.28_Comb17Ch23,3050079.35036,3050079.345703125,2.433918542864289
PB20.13.28_Comb17Ch24,3134994.511493,3134994.5068359375,1.892259829296218
PB20.13.28_Comb17Ch25,3203277.592547,3203277.587890625,1.699170945849167
PB20.13.28_Comb17Ch26,3282241.825946,3282241.8212890625,1.778779350609561
PB20.13.28_Comb17Ch27,3363494.877703,3363494.873046875,1.3961188788757986
PB20.13.28_Comb17Ch28,3463287.358172,NaN,NaN
PB20.13.28_Comb17Ch29,3533630.37575,3533630.37109375,2.8883310323478475
PB20.13.28_Comb17Ch30,3617935.185321,3617935.1806640625,1.8361312358283957
PB20.13.28_Comb17Ch31,3799972.538836,3799972.5341796875,1.7909913249683715
PB20.13.28_Comb17Ch32,3883209.233172,3883209.228515625,2.245577832927975
PB20.13.28_Comb17Ch33,3987274.174578,3987274.169921875,1.591214907198813
PB20.13.28_Comb17Ch34,4073333.744891,4073333.740234375,1.4035759959070542
PB20.13.28_Comb17Ch35,4175491.337664,4175491.3330078125,1.511678843917896
PB20.13.28_Comb17Ch36,4253387.455828,4253387.451171875,1.1998847401454311
PB20.13.28_Comb17Ch37,4370651.249774,4370651.2451171875,3.57040898281499
PB20.13.28_Comb17Ch38,4379959.111102,4379959.1064453125,1.9369636870748903
PB20.13.12_Comb29Ch01,1593475.346453,1593475.341796875,1.312097659896379
PB20.13.12_Comb29Ch02,1651992.802508,1651992.7978515625,1.6395185593794694
PB20.13.12_Comb29Ch03,1693725.590594,1693725.5859375,1.3719045698167909
PB20.13.12_Comb29Ch04,1804351.811297,1804351.806640625,1.5102952710549078
PB20.13.12_Comb29Ch05,1849899.296649,1849899.2919921875,2.026274631923967
PB20.13.12_Comb29Ch06,1902084.355243,1902084.3505859375,1.5371663810724687
PB20.13.12_Comb29Ch07,1962814.335711,1962814.3310546875,1.2396310848678116
PB20.13.12_Comb29Ch08,1999359.135516,1999359.130859375,1.2674714748146136
PB20.13.12_Comb29Ch09,2077560.429461,2077560.4248046875,0.9852478845100225
PB20.13.12_Comb29Ch10,2110366.825946,2110366.8212890625,1.2403254923908995
PB20.13.12_Comb29Ch11,2181320.195086,2181320.1904296875,1.4003675495511485
PB20.13.12_Comb29Ch12,2254714.970477,2254714.9658203125,1.436822203143301
PB20.13.12_Comb29Ch13,2301788.334735,2301788.330078125,1.9823800544708272
PB20.13.12_Comb29Ch14,2376251.22536,2376251.220703125,1.6894653135459994
PB20.13.12_Comb29Ch15,2416687.016375,2416687.01171875,2.046966519010633
PB20.13.12_Comb29Ch16,2512130.741961,2512130.7373046875,1.5294680579272577
PB20.13.12_Comb29Ch17,2549133.305438,2549133.30078125,1.2842381550449278
PB20.13.12_Comb29Ch18,2607803.349383,2607803.3447265625,1.2467810703494615
PB20.13.12_Comb29Ch19,2715911.869891,2715911.865234375,0.9377146064883143
PB20.13.12_Comb29Ch20,2771530.156024,2771530.1513671875,1.2999538871535896
PB20.13.12_Comb29Ch21,2817459.111102,2817459.1064453125,1.2165658986113481
PB20.13.12_Comb29Ch22,2894210.820086,2894210.8154296875,1.8104780120872006
PB20.13.12_Comb29Ch23,2999649.052508,2999649.0478515625,1.2473267298133157
PB20.13.12_Comb29Ch24,3087921.147235,3087921.142578125,1.5201714244044728
PB20.13.12_Comb29Ch25,3131484.990008,3131484.9853515625,1.6510593145924841
PB20.13.12_Comb29Ch26,3214035.038836,3214035.0341796875,1.1685237854433639
PB20.13.12_Comb29Ch27,3302688.603289,3302688.5986328125,1.316654770696341
PB20.13.12_Comb29Ch28,3377609.257586,3377609.2529296875,1.2352691126734334
PB20.13.12_Comb29Ch29,3445968.632586,3445968.6279296875,1.1632027790194213
PB20.13.12_Comb29Ch30,3538589.482196,3538589.4775390625,1.0061512907921153
PB20.13.12_Comb29Ch31,3593521.122821,3593521.1181640625,1.0944604865530774
PB20.13.12_Comb29Ch32,3695144.657977,3695144.6533203125,1.645843437318153
PB20.13.12_Comb29Ch33,3770751.957782,3770751.953125,1.2700982481110838
PB20.13.12_Comb29Ch34,3927993.779071,3927993.7744140625,1.1194387145576141
PB20.13.12_Comb29Ch35,3993682.865985,3993682.861328125,1.2564370088740306
PB20.13.12_Comb29Ch36,4084396.366961,4084396.3623046875,1.0860294760544829
PB20.13.12_Comb29Ch37,4189300.541766,4189300.537109375,1.340557559788527
PB20.13.12_Comb29Ch38,4234237.675555,4234237.6708984375,0.9249057252183479
PB20.13.12_Comb29Ch39,4354629.521258,NaN,NaN
PB20.13.13_Comb24Ch01,1647644.047625,1647644.04296875,1.237643851182601
PB20.13.13_Comb24Ch02,1686630.25368,1686630.2490234375,1.2442501741609786
PB20.13.13_Comb24Ch03,1732559.208758,1732559.2041015625,1.3139584700083062
PB20.13.13_Comb24Ch04,1791000.370868,1791000.3662109375,1.243405302255692
PB20.13.13_Comb24Ch05,1841506.962664,1841506.9580078125,1.322870312799672
PB20.13.13_Comb24Ch06,1899719.242938,1899719.23828125,1.5080398638629062
PB20.13.13_Comb24Ch07,1948013.310321,1948013.3056640625,1.5595440506664437
PB20.13.13_Comb24Ch08,2010955.815203,2010955.810546875,1.535848912448311
PB20.13.13_Comb24Ch09,2123565.678485,2123565.673828125,1.0360512468657601
PB20.13.13_Comb24Ch10,2180099.491961,2180099.4873046875,1.4661625484103793
PB20.13.13_Comb24Ch11,2241287.236102,2241287.2314453125,1.4766114967006654
PB20.13.13_Comb24Ch12,2304382.328875,2304382.32421875,1.491851714610543
PB20.13.13_Comb24Ch13,2367782.59743,2367782.5927734375,1.45593069248917
PB20.13.13_Comb24Ch14,2424240.116961,2424240.1123046875,1.4140053597393603
PB20.13.13_Comb24Ch15,2479858.403094,2479858.3984375,1.5366216509955695
PB20.13.13_Comb24Ch16,2565460.209735,2565460.205078125,1.2916704771190604
PB20.13.13_Comb24Ch17,2616500.859149,2616500.8544921875,1.5219474659791272
PB20.13.13_Comb24Ch18,2690429.692157,2690429.6875,1.4505101755412764
PB20.13.13_Comb24Ch19,2775344.853289,2775344.8486328125,1.1111045597984306
PB20.13.13_Comb24Ch20,2841415.40993,2841415.4052734375,1.2901883941797327
PB20.13.13_Comb24Ch21,2914123.539813,2914123.53515625,1.5383985436739125
PB20.13.13_Comb24Ch22,2982025.151141,2982025.146484375,1.53662797707252
PB20.13.13_Comb24Ch23,3055114.75075,3055114.74609375,1.357752415199291
PB20.13.13_Comb24Ch24,3137741.093524,3137741.0888671875,1.4150750938121006
PB20.13.13_Comb24Ch25,3288345.341571,3288345.3369140625,1.2686290376990499
PB20.13.13_Comb24Ch26,3364791.874774,3364791.8701171875,1.2121585130774637
PB20.13.13_Comb24Ch27,3470001.22536,3470001.220703125,1.6212331935722457
PB20.13.13_Comb24Ch28,3538208.012469,3538208.0078125,1.5414634868109531
PB20.13.13_Comb24Ch29,3615417.485125,3615417.48046875,1.239443358437343
PB20.13.13_Comb24Ch30,3726348.88161,3726348.876953125,1.552581789130013
PB20.13.13_Comb24Ch31,3810501.103289,3810501.0986328125,1.5928473702946124
PB20.13.13_Comb24Ch32,3885116.581805,3885116.5771484375,1.4552424088572289
PB20.13.13_Comb24Ch33,3993682.865985,3993682.861328125,1.316698230872605
PB20.13.13_Comb24Ch34,4078369.145282,4078369.140625,1.2018375500402496
PB20.13.13_Comb24Ch35,4186172.490008,4186172.4853515625,1.1781081849086508
PB20.13.13_Comb24Ch36,4262847.905047,4262847.900390625,1.1258721853681528
PB20.13.13_Comb24Ch37,4378051.762469,4378051.7578125,1.6108478730390607
PB20.13.13_Comb24Ch38,4385604.863055,4385604.8583984375,1.6226877748219293
PB20.13.31_Comb17Ch01,1667022.709735,1667022.705078125,1.121988623205714
PB20.13.31_Comb17Ch02,1708297.734149,1708297.7294921875,1.1746243369777725
PB20.13.31_Comb17Ch03,1768493.657,1768493.65234375,1.2024198619063837
PB20.13.31_Comb17Ch04,1820678.715594,1820678.7109375,1.2114781043735887
PB20.13.31_Comb17Ch05,1863479.618914,1863479.6142578125,1.2103929316964976
PB20.13.31_Comb17Ch06,1974563.603289,1974563.5986328125,1.3846545321321244
PB20.13.31_Comb17Ch07,2040023.808368,2040023.8037109375,1.384651309048825
PB20.13.31_Comb17Ch08,2091522.221453,2091522.216796875,1.3763575121275795
PB20.13.31_Comb17Ch09,2156448.368914,2156448.3642578125,0.9981675735208674
PB20.13.31_Comb17Ch10,2206115.727313,2206115.72265625,1.4611107163164347
PB20.13.31_Comb17Ch11,2265090.947039,2265090.9423828125,1.4376171762414238
PB20.13.31_Comb17Ch12,2331695.561297,2331695.556640625,1.4407132756272294
PB20.13.31_Comb17Ch13,2398452.763446,2398452.7587890625,1.3983501554824016
PB20.13.31_Comb17Ch14,2463302.616961,2463302.6123046875,1.282121472221247
PB20.13.31_Comb17Ch15,2522125.248797,2522125.244140625,1.4698726192202634
PB20.13.31_Comb17Ch16,2591705.326922,2591705.322265625,1.2296183504504181
PB20.13.31_Comb17Ch17,2665328.984149,2665328.9794921875,1.5747227654879548
PB20.13.31_Comb17Ch18,2730636.601336,2730636.5966796875,1.4797132225349587
PB20.13.31_Comb17Ch19,2816085.820086,2816085.8154296875,1.0457565400098747
PB20.13.31_Comb17Ch20,2869949.345477,2869949.3408203125,1.2600940466044515
PB20.13.31_Comb17Ch21,2951507.573016,2951507.568359375,1.5263510175105452
PB20.13.31_Comb17Ch22,3020095.829852,3020095.8251953125,1.4509681219503012
PB20.13.31_Comb17Ch23,3086547.856219,3086547.8515625,1.3402835945817329
PB20.13.31_Comb17Ch24,3181228.642352,3181228.6376953125,1.297293655264063
PB20.13.31_Comb17Ch25,3270950.322039,3270950.3173828125,1.478420046389905
PB20.13.31_Comb17Ch26,3330917.363055,NaN,NaN
PB20.13.31_Comb17Ch27,3423995.976336,NaN,NaN
PB20.13.31_Comb17Ch28,3506546.025164,NaN,NaN
PB20.13.31_Comb17Ch29,3590927.12868,3590927.1240234375,1.6407736269676458
PB20.13.31_Comb17Ch30,3675918.583758,NaN,NaN
PB20.13.31_Comb17Ch31,3766555.790789,NaN,NaN
PB20.13.31_Comb17Ch32,3846511.845477,NaN,NaN
PB20.13.31_Comb17Ch33,3948364.262469,NaN,NaN
PB20.13.31_Comb17Ch34,4036865.239032,NaN,NaN
PB20.13.31_Comb17Ch35,4148101.811297,NaN,NaN
PB20.13.31_Comb17Ch36,4229125.981219,NaN,NaN
PB20.13.31_Comb17Ch37,4440460.209735,NaN,NaN
PB20.13.12_Comb23Ch01,1588668.827899,1588668.8232421875,1.5845884062598323
PB20.13.12_Comb23Ch02,1635437.016375,1635437.01171875,1.4510382636513617
PB20.13.12_Comb23Ch03,1684188.84743,1684188.8427734375,1.3812826048107198
PB20.13.12_Comb23Ch04,1731414.799578,1731414.794921875,1.468023751184266
PB20.13.12_Comb23Ch05,1784744.267352,1784744.2626953125,1.718524406736583
PB20.13.12_Comb23Ch06,1836242.680438,1836242.67578125,1.3656108807844152
PB20.13.12_Comb23Ch07,1884613.041766,1884613.037109375,1.4021546326177357
PB20.13.12_Comb23Ch08,1937561.039813,1937561.03515625,1.4724072735722027
PB20.13.12_Comb23Ch09,1998748.783953,1998748.779296875,1.4443072639612875
PB20.13.12_Comb23Ch10,2112350.468524,2112350.4638671875,1.9189301020334362
PB20.13.12_Comb23Ch11,2169418.339618,2169418.3349609375,1.4945343325874223
PB20.13.12_Comb23Ch12,2223434.452899,2223434.4482421875,1.4132404438632544
PB20.13.12_Comb23Ch13,2282791.142352,2282791.1376953125,1.3670782980834675
PB20.13.12_Comb23Ch14,2353057.865985,2353057.861328125,1.9497363139590385
PB20.13.12_Comb23Ch15,2409667.973407,2409667.96875,1.412366524288131
PB20.13.12_Comb23Ch16,2483291.630633,2483291.6259765625,1.41213712469472
PB20.13.12_Comb23Ch17,2529983.525164,2529983.5205078125,1.490207818197777
PB20.13.12_Comb23Ch18,2679977.421649,2679977.4169921875,1.0972041654474092
PB20.13.12_Comb23Ch19,2761077.885516,2761077.880859375,1.707693320825441
PB20.13.12_Comb23Ch20,2813339.238055,2813339.2333984375,1.462748632541157
PB20.13.12_Comb23Ch21,2881851.200946,2881851.1962890625,1.413502330711598
PB20.13.12_Comb23Ch22,2973175.053485,2973175.048828125,1.441090816591646
PB20.13.12_Comb23Ch23,3043441.777118,3043441.7724609375,1.716266457141378
PB20.13.12_Comb23Ch24,3120956.425555,NaN,NaN
PB20.13.12_Comb23Ch25,3205108.647235,NaN,NaN
PB20.13.12_Comb23Ch26,3281707.768328,NaN,NaN
PB20.13.12_Comb23Ch27,3333282.47536,3333282.470703125,1.4535267442727993
PB20.13.12_Comb23Ch28,3405532.841571,3405532.8369140625,1.434334501487686
PB20.13.12_Comb23Ch29,3535003.666766,3535003.662109375,1.8232740212348928
PB20.13.12_Comb23Ch30,3586044.31618,3586044.3115234375,1.3912140925623062
PB20.13.12_Comb23Ch31,3672256.474383,NaN,NaN
PB20.13.12_Comb23Ch32,3751602.177508,3751602.1728515625,1.3464121687055706
PB20.13.12_Comb23Ch33,3872909.550555,3872909.5458984375,1.4829300532701768
PB20.13.12_Comb23Ch34,3958511.357196,3958511.3525390625,1.2963049467965924
PB20.13.12_Comb23Ch35,4070281.987078,4070281.982421875,1.4649293663563294
PB20.13.12_Comb23Ch36,4160690.312274,4160690.3076171875,1.3469679635072223
PB20.13.12_Comb23Ch37,4198455.815203,4198455.810546875,1.2363285744636863
PB20.13.12_Comb23Ch38,4296569.828875,4296569.82421875,1.2610996725002115
PB20.13.28_Comb23Ch01,1637191.777118,1637191.7724609375,2.191174051131701
PB20.13.28_Comb23Ch02,1683578.495868,1683578.4912109375,1.8563296209663473
PB20.13.28_Comb23Ch03,1714019.780047,1714019.775390625,1.4418741091521028
PB20.13.28_Comb23Ch04,1766433.720477,1766433.7158203125,1.4375570084130629
PB20.13.28_Comb23Ch05,1820907.59743,1820907.5927734375,2.581939739334081
PB20.13.28_Comb23Ch06,1891098.027118,1891098.0224609375,1.6813309036347233
PB20.13.28_Comb23Ch07,1937408.451922,1937408.447265625,1.7185369441248504
PB20.13.28_Comb23Ch08,1984786.991961,1984786.9873046875,1.8442170963129452
PB20.13.28_Comb23Ch09,2054290.776141,2054290.771484375,1.7617583533610566
PB20.13.28_Comb23Ch10,2092132.573016,2092132.568359375,1.1446929716754766
PB20.13.28_Comb23Ch11,2159194.950946,2159194.9462890625,2.8609446758688923
PB20.13.28_Comb23Ch12,2220077.519305,2220077.5146484375,2.399421823989804
PB20.13.28_Comb23Ch13,2292861.943133,2292861.9384765625,1.8805117995907201
PB20.13.28_Comb23Ch14,2332534.794696,2332534.7900390625,1.7434008536458852
PB20.13.28_Comb23Ch15,2403945.927508,2403945.9228515625,3.0190928230170937
PB20.13.28_Comb23Ch16,2480163.578875,2480163.57421875,1.7408018485458387
PB20.13.28_Comb23Ch17,2554626.4695,2554626.46484375,1.5114659767562124
PB20.13.28_Comb23Ch18,2592315.678485,2592315.673828125,2.309260737041382
PB20.13.28_Comb23Ch19,2687377.934344,2687377.9296875,1.9786665147632305
PB20.13.28_Comb23Ch20,2735290.532,2735290.52734375,1.22280749008645
PB20.13.28_Comb23Ch21,2837982.182391,2837982.177734375,2.359649827187287
PB20.13.28_Comb23Ch22,2913055.424578,2913055.419921875,1.9946658269224877
PB20.13.28_Comb23Ch23,2981948.857196,2981948.8525390625,1.848079702668379
PB20.13.28_Comb23Ch24,3032989.50661,3032989.501953125,1.5134726349025227
PB20.13.28_Comb23Ch25,3115158.085711,3115158.0810546875,2.5134947945980257
PB20.13.28_Comb23Ch26,3167266.85036,3167266.845703125,1.7459277757065448
PB20.13.28_Comb23Ch27,3294982.914813,3294982.91015625,2.5806323593721596
PB20.13.28_Comb23Ch28,3349227.90993,3349227.9052734375,2.159773195166987
PB20.13.28_Comb23Ch29,3439407.353289,3439407.3486328125,2.0595939675169754
PB20.13.28_Comb23Ch30,3500595.09743,3500595.0927734375,2.278538332888693
PB20.13.28_Comb23Ch31,3611373.906024,3611373.9013671875,2.5249699005348636
PB20.13.28_Comb23Ch32,3725128.178485,3725128.173828125,2.0404314477518612
PB20.13.28_Comb23Ch33,3816452.031024,3816452.0263671875,2.157996808633518
PB20.13.28_Comb23Ch34,3865280.156024,3865280.1513671875,1.9247903549969247
PB20.13.28_Comb23Ch35,3960800.175555,3960800.1708984375,2.500284947988553
PB20.13.28_Comb23Ch36,4031524.66286,4031524.658203125,1.6063566306976682
PB20.13.28_Comb23Ch37,4195098.88161,4195098.876953125,2.1853454995409773
PB20.13.28_Comb23Ch38,4257354.740985,4257354.736328125,2.013120749366492
PB20.13.28_Comb23Ch39,4330902.104266,4330902.099609375,1.9032920213925408
PB20.13.28_Comb23Ch40,4342346.196063,4342346.19140625,1.7395219446736336
PB20.13.28_Comb04Ch01,1708068.852313,1708068.84765625,1.3578099366734082
PB20.13.28_Comb04Ch02,1759872.44118,1759872.4365234375,1.9469888938940472
PB20.13.28_Comb04Ch03,1812133.793719,1812133.7890625,1.395425273064453
PB20.13.28_Comb04Ch04,1865158.085711,1865158.0810546875,2.118002692335914
PB20.13.28_Comb04Ch05,1977157.59743,1977157.5927734375,1.758701211983624
PB20.13.28_Comb04Ch06,2032775.883563,2032775.87890625,1.6148744379177478
PB20.13.28_Comb04Ch07,2097244.267352,2097244.2626953125,1.658313295958193
PB20.13.28_Comb04Ch08,2212677.00661,2212677.001953125,1.001214871549716
PB20.13.28_Comb04Ch09,2253570.561297,2253570.556640625,1.6173656336897984
PB20.13.28_Comb04Ch10,2324066.166766,2324066.162109375,1.9651560793994096
PB20.13.28_Comb04Ch11,2397537.236102,2397537.2314453125,1.614356426063679
PB20.13.28_Comb04Ch12,2466278.080828,2466278.076171875,1.97820980441283
PB20.13.28_Comb04Ch13,2524185.185321,2524185.1806640625,1.4291774762497838
PB20.13.28_Comb04Ch14,2591552.739032,NaN,NaN
PB20.13.28_Comb04Ch15,2723922.734149,2723922.7294921875,1.6360024749520041
PB20.13.28_Comb04Ch16,2799911.50368,2799911.4990234375,1.6543167941097852
PB20.13.28_Comb04Ch17,2889328.007586,2889328.0029296875,1.0808502130155435
PB20.13.28_Comb04Ch18,2945861.821063,2945861.81640625,1.5435760109611023
PB20.13.28_Comb04Ch19,3104476.933368,3104476.9287109375,1.6935225361886153
PB20.13.28_Comb04Ch20,3171539.311297,3171539.306640625,1.4711273974521124
PB20.13.28_Comb04Ch21,3266906.742938,3266906.73828125,1.3923047689335244
PB20.13.28_Comb04Ch22,3336868.290789,3336868.2861328125,1.5377005439648108
PB20.13.28_Comb04Ch23,3413314.823993,3413314.8193359375,1.3337961374070613
PB20.13.28_Comb04Ch24,3521118.168719,3521118.1640625,1.6007506663063125
PB20.13.28_Comb04Ch25,3614425.663836,3614425.6591796875,1.8369892538872252
PB20.13.28_Comb04Ch26,3677597.050555,3677597.0458984375,1.7697198472661246
PB20.13.28_Comb04Ch27,3777313.237078,3777313.232421875,1.339456172388678
PB20.13.28_Comb04Ch28,3950576.786883,3950576.7822265625,1.9101453149087289
PB20.13.28_Comb04Ch29,4150619.511493,4150619.5068359375,1.397164278557545
PB20.13.28_Comb04Ch30,4234542.851336,4234542.8466796875,1.570775011866683
PB20.13.28_Comb04Ch31,4334030.156024,4334030.1513671875,1.433821468913608
PB20.13.28_Comb04Ch32,4426651.005633,4426651.0009765625,1.926894226104518
PB20.13.28_Comb04Ch33,4542388.920672,4542388.916015625,1.9635397695719807
PB20.13.10_Comb01Ch01,1646041.874774,1646041.8701171875,1.3465392117715662
PB20.13.10_Comb01Ch02,1680831.913836,1680831.9091796875,1.3741061544122972
PB20.13.10_Comb01Ch03,1728973.393328,1728973.388671875,1.5118685597712944
PB20.13.10_Comb01Ch04,1782379.155047,1782379.150390625,1.4052887660508213
PB20.13.10_Comb01Ch05,1832199.101336,1832199.0966796875,1.3976957090706814
PB20.13.10_Comb01Ch06,1895065.312274,1895065.3076171875,1.61769511710507
PB20.13.10_Comb01Ch07,1939926.152118,1939926.1474609375,1.6612389829444076
PB20.13.10_Comb01Ch08,2001571.65993,2001571.6552734375,1.656079350666817
PB20.13.10_Comb01Ch09,2064895.634539,2064895.6298828125,1.6179782679906909
PB20.13.10_Comb01Ch10,2109222.416766,2109222.412109375,1.0536637126563562
PB20.13.10_Comb01Ch11,2183227.543719,2183227.5390625,1.6784588750170142
PB20.13.10_Comb01Ch12,2237777.714618,2237777.7099609375,1.6366354393686977
PB20.13.10_Comb01Ch13,2293014.531024,2293014.5263671875,1.7005863255680873
PB20.13.10_Comb01Ch14,2354354.863055,2354354.8583984375,1.6555746313407729
PB20.13.10_Comb01Ch15,2415390.019305,2415390.0146484375,1.457234893320055
PB20.13.10_Comb01Ch16,2478866.581805,2478866.5771484375,1.6762312725517838
PB20.13.10_Comb01Ch17,2556915.28786,2556915.283203125,1.4256854100902998
PB20.13.10_Comb01Ch18,2610549.931414,2610549.9267578125,1.7450971086488147
PB20.13.10_Comb01Ch19,2685012.822039,2685012.8173828125,1.5790650894366502
PB20.13.10_Comb01Ch20,2758178.715594,2758178.7109375,1.0409203744719073
PB20.13.10_Comb01Ch21,2834014.897235,2834014.892578125,1.4042492798000539
PB20.13.10_Comb01Ch22,2906494.145282,2906494.140625,1.7167840711564046
PB20.13.10_Comb01Ch23,2975387.577899,2975387.5732421875,1.6350822907053628
PB20.13.10_Comb01Ch24,3046340.947039,3046340.9423828125,1.4370101583937132
PB20.13.10_Comb01Ch25,3126678.471453,3126678.466796875,1.382743242470295
PB20.13.10_Comb01Ch26,3202209.477313,3202209.47265625,1.38982852364531
PB20.13.10_Comb01Ch27,3283004.765399,3283004.7607421875,1.3762966777999663
PB20.13.10_Comb01Ch28,3363723.759539,3363723.7548828125,1.3140505299224234
PB20.13.10_Comb01Ch29,3456802.372821,3456802.3681640625,1.847285066513357
PB20.13.10_Comb01Ch30,3525924.687274,3525924.6826171875,1.7495197424433189
PB20.13.10_Comb01Ch31,3622055.058368,3622055.0537109375,1.3281742543680977
PB20.13.10_Comb01Ch32,3718719.487078,3718719.482421875,1.7715827384425038
PB20.13.10_Comb01Ch33,3799667.363055,3799667.3583984375,1.6281407498422389
PB20.13.10_Comb01Ch34,3878326.420672,3878326.416015625,1.611894331069111
PB20.13.10_Comb01Ch35,3974914.555438,3974914.55078125,1.311814246575752
PB20.13.10_Comb01Ch36,4064559.94118,4064559.9365234375,1.2859641080087898
PB20.13.10_Comb01Ch37,4173202.519305,4173202.5146484375,1.2474994835490079
PB20.13.10_Comb01Ch38,4252471.928485,4252471.923828125,1.1809118479493446
PB20.13.10_Comb01Ch39,4368286.137469,4368286.1328125,1.0477735909629617
PB20.13.12_Comb09Ch01,1651611.332782,1651611.328125,1.3120656374299267
PB20.13.12_Comb09Ch02,1688766.484149,1688766.4794921875,1.4904977922654747
PB20.13.12_Comb09Ch03,1731796.269305,1731796.2646484375,1.414491182438551
PB20.13.12_Comb09Ch04,1784133.915789,1784133.9111328125,1.9568889846845916
PB20.13.12_Comb09Ch05,1835250.859149,NaN,NaN
PB20.13.12_Comb09Ch06,1903839.115985,1903839.111328125,2.2789976113145376
PB20.13.12_Comb09Ch07,1946563.72536,1946563.720703125,1.6917830074898232
PB20.13.12_Comb09Ch08,2005310.06325,2005310.05859375,1.588221260064411
PB20.13.12_Comb09Ch09,2070541.386493,2070541.3818359375,1.5634679315887907
PB20.13.12_Comb09Ch10,2109451.298602,2109451.2939453125,1.067380374923248
PB20.13.12_Comb09Ch11,2184371.952899,2184371.9482421875,1.6571148895590573
PB20.13.12_Comb09Ch12,2246322.636493,2246322.6318359375,1.8070309915137617
PB20.13.12_Comb09Ch13,2302474.980243,2302474.9755859375,1.6436175085501925
PB20.13.12_Comb09Ch14,2357482.914813,2357482.91015625,2.1651449942422007
PB20.13.12_Comb09Ch15,2422409.062274,2422409.0576171875,1.5970183864769154
PB20.13.12_Comb09Ch16,2485427.861102,2485427.8564453125,2.006179300864309
PB20.13.12_Comb09Ch17,2566757.206805,2566757.2021484375,1.3980086132923244
PB20.13.12_Comb09Ch18,2614135.746844,2614135.7421875,1.6379445334338436
PB20.13.12_Comb09Ch19,2689285.282977,2689285.2783203125,1.6066554705932914
PB20.13.12_Comb09Ch20,2762451.176532,2762451.171875,1.04343120911706
PB20.13.12_Comb09Ch21,2847213.749774,2847213.7451171875,1.3746455188138313
PB20.13.12_Comb09Ch22,2913513.18825,2913513.18359375,1.6236877733981365
PB20.13.12_Comb09Ch23,2986907.963641,2986907.958984375,2.1179541182814305
PB20.13.12_Comb09Ch24,3057708.744891,3057708.740234375,1.4224736408584377
PB20.13.12_Comb09Ch25,3136062.626727,3136062.6220703125,1.5525183671606035
PB20.13.12_Comb09Ch26,3201065.068133,3201065.0634765625,2.0749106362859813
PB20.13.12_Comb09Ch27,3294448.857196,3294448.8525390625,1.327246356809202
PB20.13.12_Comb09Ch28,3371505.741961,3371505.7373046875,1.3951983180995224
PB20.13.12_Comb09Ch29,3467941.288836,3467941.2841796875,1.8579278254313112
PB20.13.12_Comb09Ch30,3532562.260516,3532562.255859375,1.7787054677727019
PB20.13.12_Comb09Ch31,3626861.576922,3626861.572265625,1.3040212329115712
PB20.13.12_Comb09Ch32,3729553.227313,3729553.22265625,1.7708989195165359
PB20.13.12_Comb09Ch33,3816452.031024,3816452.0263671875,2.3402821643899077
PB20.13.12_Comb09Ch34,3887405.400164,3887405.3955078125,1.6990267062333972
PB20.13.12_Comb09Ch35,3986434.94118,3986434.9365234375,1.5369691592573225
PB20.13.12_Comb09Ch36,4066848.759539,4066848.7548828125,2.007976763647302
PB20.13.12_Comb09Ch37,4189910.893328,4189910.888671875,1.2254870902784434
PB20.13.12_Comb09Ch38,4268264.775164,4268264.7705078125,1.3055511854540955
PB20.13.12_Comb09Ch39,4377136.235125,4377136.23046875,0.9558021766511297
PB20.13.31_Comb21Ch01,1630935.673602,1630935.6689453125,1.136900276635476
PB20.13.31_Comb21Ch02,1675720.2195,1675720.21484375,1.2955857498859646
PB20.13.31_Comb21Ch03,1730346.684344,1730346.6796875,1.2565862060045112
PB20.13.31_Comb21Ch04,1779785.160907,1779785.15625,1.22938161325088
PB20.13.31_Comb21Ch05,1819305.424578,1819305.419921875,1.2189587724593327
PB20.13.31_Comb21Ch06,1878814.701922,1878814.697265625,1.4820250665100976
PB20.13.31_Comb21Ch07,1937561.039813,1937561.03515625,1.4457151293586918
PB20.13.31_Comb21Ch08,1990127.568133,1990127.5634765625,1.3070796853589626
PB20.13.31_Comb21Ch09,2044143.681414,2044143.6767578125,1.4121673826090864
PB20.13.31_Comb21Ch10,2099914.555438,2099914.55078125,1.0950661661573373
PB20.13.31_Comb21Ch11,2158889.775164,2158889.7705078125,1.4142271406960127
PB20.13.31_Comb21Ch12,2217483.525164,2217483.5205078125,1.4496005647631223
PB20.13.31_Comb21Ch13,2291259.770282,2291259.765625,1.4134171946205412
PB20.13.31_Comb21Ch14,2419052.12868,2419052.1240234375,1.2558366019769855
PB20.13.31_Comb21Ch15,2476272.587664,2476272.5830078125,1.8267009630446942
PB20.13.31_Comb21Ch16,2537994.389422,2537994.384765625,1.1884184046725568
PB20.13.31_Comb21Ch17,2615737.919696,2615737.9150390625,1.5045220519024167
PB20.13.31_Comb21Ch18,2671356.205828,2671356.201171875,1.524365179539072
PB20.13.31_Comb21Ch19,2748718.266375,2748718.26171875,1.0826519530695056
PB20.13.31_Comb21Ch20,2809448.246844,2809448.2421875,1.2681686621539063
PB20.13.31_Comb21Ch21,2964096.073993,2964096.0693359375,1.8865644806457935
PB20.13.31_Comb21Ch22,3022460.942157,3022460.9375,1.202810692903089
PB20.13.31_Comb21Ch23,3125686.650164,3125686.6455078125,1.2068846590391429
PB20.13.31_Comb21Ch24,3201904.301532,3201904.296875,1.251713777547018
PB20.13.31_Comb21Ch25,3270721.440203,3270721.435546875,1.2338932876466817
PB20.13.31_Comb21Ch26,3363723.759539,3363723.7548828125,1.5277249355810327
PB20.13.31_Comb21Ch27,3431930.546649,3431930.5419921875,1.509900178904928
PB20.13.31_Comb21Ch28,3522720.341571,3522720.3369140625,1.5091102325630739
PB20.13.31_Comb21Ch29,3605346.684344,3605346.6796875,1.5577436194986285
PB20.13.31_Comb21Ch30,3783645.634539,3783645.6298828125,1.5602885983816657
PB20.13.31_Comb21Ch31,3882141.117938,3882141.11328125,1.645020027522844
PB20.13.31_Comb21Ch32,3954620.365985,3954620.361328125,1.1427757994167456
PB20.13.31_Comb21Ch33,4067153.935321,4067153.9306640625,1.1939945944893888
PB20.13.31_Comb21Ch34,4153594.97536,4153594.970703125,1.105533721879669
PB20.13.31_Comb21Ch35,4249649.052508,4249649.0478515625,1.8439503764426965
PB20.13.31_Comb21Ch36,4329452.519305,4329452.5146484375,1.5452410800480116
PB20.13.31_Comb21Ch37,4363327.031024,4363327.0263671875,1.4524581876981308
PB20.13.12_Comb01Ch01,1744155.888446,1744155.8837890625,1.3390163256181282
PB20.13.12_Comb01Ch02,1785278.324969,1785278.3203125,1.7870632857427193
PB20.13.12_Comb01Ch03,1846923.832782,1846923.828125,1.394696209843931
PB20.13.12_Comb01Ch04,1896972.660907,1896972.65625,1.4230658824552789
PB20.13.12_Comb01Ch05,1960906.987078,1960906.982421875,1.725309988811126
PB20.13.12_Comb01Ch06,2013626.103289,2013626.0986328125,1.7727858600890942
PB20.13.12_Comb01Ch07,2072601.323016,2072601.318359375,1.7770122357829858
PB20.13.12_Comb01Ch08,2127151.493914,2127151.4892578125,1.6687923157643603
PB20.13.12_Comb01Ch09,2178115.849383,2178115.8447265625,1.0709574857318986
PB20.13.12_Comb01Ch10,2247314.457782,2247314.453125,1.8347676915272677
PB20.13.12_Comb01Ch11,2379684.452899,2379684.4482421875,1.9350873712447063
PB20.13.12_Comb01Ch12,2428283.696063,2428283.69140625,1.6692856792399327
PB20.13.12_Comb01Ch13,2498397.831805,2498397.8271484375,1.551437045211811
PB20.13.12_Comb01Ch14,2697982.792743,2697982.7880859375,1.755424088610899
PB20.13.12_Comb01Ch15,2856140.141375,2856140.13671875,1.0397906270116712
PB20.13.12_Comb01Ch16,2923812.870868,2923812.8662109375,1.5289977245596997
PB20.13.12_Comb01Ch17,3149719.242938,3149719.23828125,1.476665764053195
PB20.13.12_Comb01Ch18,3241729.740985,3241729.736328125,1.4789783124910487
PB20.13.12_Comb01Ch19,3295593.266375,3295593.26171875,1.4107904961528825
PB20.13.12_Comb01Ch20,3377838.139422,3377838.134765625,1.349981167740797
PB20.13.12_Comb01Ch21,3468017.582782,3468017.578125,1.3049549849161206
PB20.13.12_Comb01Ch22,3574829.106219,3574829.1015625,1.9487527795758355
PB20.13.12_Comb01Ch23,3648986.821063,3648986.81640625,1.8742425836162078
PB20.13.12_Comb01Ch24,3714599.614032,3714599.609375,1.4073889920148757
PB20.13.12_Comb01Ch25,3822708.134539,3822708.1298828125,1.884507772983531
PB20.13.12_Comb01Ch26,3929367.070086,3929367.0654296875,1.679790691730315
PB20.13.12_Comb01Ch27,4009323.124774,4009323.1201171875,1.7664741590718578
PB20.13.12_Comb01Ch28,4117431.645282,4117431.640625,1.4507750246724491
PB20.13.12_Comb01Ch29,4190826.420672,4190826.416015625,1.2912974056825202
PB20.13.12_Comb01Ch30,4297332.768328,4297332.763671875,1.304964952729518
PB20.13.12_Comb01Ch31,4387283.329852,4387283.3251953125,1.542786817953902
PB20.13.12_Comb01Ch32,4519195.561297,4519195.556640625,1.9637050085931966
PB20.13.13_Comb02Ch01,1640930.180438,1640930.17578125,1.2080965924887828
PB20.13.13_Comb02Ch02,1683349.614032,1683349.609375,1.3373203968886294
PB20.13.13_Comb02Ch03,1730728.154071,1730728.1494140625,1.2823882710738748
PB20.13.13_Comb02Ch04,1787414.555438,1787414.55078125,1.2633790019981808
PB20.13.13_Comb02Ch05,1830291.752703,1830291.748046875,1.3314818736840568
PB20.13.13_Comb02Ch06,1891326.908953,1891326.904296875,1.4880970765595218
PB20.13.13_Comb02Ch07,1945190.434344,1945190.4296875,1.57601616888707
PB20.13.13_Comb02Ch08,1999740.605243,1999740.6005859375,1.4552191119309463
PB20.13.13_Comb02Ch09,2112426.762469,2112426.7578125,1.0328593868949258
PB20.13.13_Comb02Ch10,2169418.339618,NaN,NaN
PB20.13.13_Comb02Ch11,2228012.089618,2228012.0849609375,1.6278861965785818
PB20.13.13_Comb02Ch12,2300338.749774,2300338.7451171875,1.5307913049768276
PB20.13.13_Comb02Ch13,2351150.517352,2351150.5126953125,1.5070346598140283
PB20.13.13_Comb02Ch14,2423019.413836,2423019.4091796875,1.3374496883172984
PB20.13.13_Comb02Ch15,2489242.558368,2489242.5537109375,1.5035104244195674
PB20.13.13_Comb02Ch16,2550582.890399,2550582.8857421875,1.3807988060453733
PB20.13.13_Comb02Ch17,2619934.086688,2619934.08203125,1.5023881337612812
PB20.13.13_Comb02Ch18,2702255.25368,2702255.2490234375,1.4984675243141108
PB20.13.13_Comb02Ch19,2762527.470477,2762527.4658203125,1.0836285127305556
PB20.13.13_Comb02Ch20,2832183.842547,2832183.837890625,1.3113809055918184
PB20.13.13_Comb02Ch21,2920150.761493,2920150.7568359375,1.577144539758187
PB20.13.13_Comb02Ch22,2983856.205828,2983856.201171875,1.4737491838668586
PB20.13.13_Comb02Ch23,3040161.137469,3040161.1328125,1.4347959626098095
PB20.13.13_Comb02Ch24,3133926.396258,3133926.3916015625,1.3566969792278685
PB20.13.13_Comb02Ch25,3295669.560321,3295669.5556640625,1.2614424613012838
PB20.13.13_Comb02Ch26,3372268.681414,3372268.6767578125,1.3168213212813542
PB20.13.13_Comb02Ch27,3446273.808368,3446273.8037109375,1.6287028405174309
PB20.13.13_Comb02Ch28,3534393.315203,3534393.310546875,1.581335561014722
PB20.13.13_Comb02Ch29,3629760.746844,3629760.7421875,1.1582192509076537
PB20.13.13_Comb02Ch30,3730468.754657,3730468.75,1.7145644267722335
PB20.13.13_Comb02Ch31,3810424.809344,3810424.8046875,1.487211667583411
PB20.13.13_Comb02Ch32,3893203.740008,3893203.7353515625,1.4567065916908464
PB20.13.13_Comb02Ch33,3973617.558368,3973617.5537109375,1.2817862436794976
PB20.13.13_Comb02Ch34,4081573.490985,4081573.486328125,1.1597625608681175
PB20.13.13_Comb02Ch35,4186630.25368,4186630.2490234375,1.1866163290537843
PB20.13.13_Comb02Ch36,4266967.778094,4266967.7734375,1.1137066397794975
PB20.13.13_Comb02Ch37,4346694.950946,4346694.9462890625,1.5559737160255187
PB20.13.13_Comb02Ch38,4379348.759539,4379348.7548828125,1.501082406960236
PB20.13.12_Comb25Ch01,1591720.585711,1591720.5810546875,1.6146421192308986
PB20.13.12_Comb25Ch02,1641769.413836,1641769.4091796875,1.3712185304840472
PB20.13.12_Comb25Ch03,1688385.014422,1688385.009765625,1.7557588312041819
PB20.13.12_Comb25Ch04,1736068.730243,1736068.7255859375,1.327795269899133
PB20.13.12_Comb25Ch05,1789245.610125,1789245.60546875,1.5449558873407006
PB20.13.12_Comb25Ch06,1840209.965594,1840209.9609375,1.4613906290895726
PB20.13.12_Comb25Ch07,1888504.032977,1888504.0283203125,1.458022455922041
PB20.13.12_Comb25Ch08,2006683.354266,2006683.349609375,2.1271424180404317
PB20.13.12_Comb25Ch09,2065811.161883,2065811.1572265625,1.0230669431126729
PB20.13.12_Comb25Ch10,2120895.390399,2120895.3857421875,1.737146698631104
PB20.13.12_Comb25Ch11,2174453.740008,2174453.7353515625,1.4356491733667354
PB20.13.12_Comb25Ch12,2290725.712664,2290725.7080078125,1.281244467651696
PB20.13.12_Comb25Ch13,2362594.609149,2362594.6044921875,1.5329807356074099
PB20.13.12_Comb25Ch14,2416229.252703,2416229.248046875,1.4564729014157296
PB20.13.12_Comb25Ch15,2493438.72536,2493438.720703125,1.347357205044643
PB20.13.12_Comb25Ch16,2538757.328875,2538757.32421875,1.3624205514506376
PB20.13.12_Comb25Ch17,2692565.922625,2692565.91796875,1.0046814126833938
PB20.13.12_Comb25Ch18,2766876.22536,2766876.220703125,1.692607106572993
PB20.13.12_Comb25Ch19,2815551.762469,2815551.7578125,2.0673453706324083
PB20.13.12_Comb25Ch20,2889099.12575,2889099.12109375,1.4123350892594773
PB20.13.12_Comb25Ch21,2983856.205828,2983856.201171875,1.4153197966993984
PB20.13.12_Comb25Ch22,3053970.341571,3053970.3369140625,1.4871175266085113
PB20.13.12_Comb25Ch23,3124771.122821,3124771.1181640625,1.32046044666236
PB20.13.12_Comb25Ch24,3213195.805438,3213195.80078125,1.651649504039711
PB20.13.12_Comb25Ch25,3295364.384539,3295364.3798828125,1.3659297386455453
PB20.13.12_Comb25Ch26,3347702.031024,3347702.0263671875,1.8074454591172866
PB20.13.12_Comb25Ch27,3416824.345477,3416824.3408203125,1.343788404755466
PB20.13.12_Comb25Ch28,3537826.542743,3537826.5380859375,1.6251827085947417
PB20.13.12_Comb25Ch29,3676452.641375,3676452.63671875,1.2957914021721946
PB20.13.12_Comb25Ch30,3760757.450946,3760757.4462890625,1.2440123719483112
PB20.13.12_Comb25Ch31,3880920.414813,3880920.41015625,1.321682476636106
PB20.13.12_Comb25Ch32,3964920.048602,3964920.0439453125,1.19198785150496
PB20.13.12_Comb25Ch33,4079742.436297,4079742.431640625,1.328401604477176
PB20.13.12_Comb25Ch34,4170532.231219,4170532.2265625,1.231795747686918
PB20.13.12_Comb25Ch35,4212951.664813,4212951.66015625,1.4284123536219875
PB20.13.12_Comb25Ch36,4304275.517352,4304275.5126953125,1.1255419190426363
PB20.13.15_Comb07Ch01,1643524.174578,1643524.169921875,1.5039870536462225
PB20.13.15_Comb07Ch02,1686248.783953,1686248.779296875,1.5607188702815171
PB20.13.15_Comb07Ch03,1893386.845477,1893386.8408203125,1.6964174202457962
PB20.13.15_Comb07Ch04,1950454.716571,1950454.7119140625,1.6826634745088627
PB20.13.15_Comb07Ch05,2056961.064227,2056961.0595703125,1.7401001862810193
PB20.13.15_Comb07Ch06,2171249.394305,2171249.3896484375,1.6710202486530183
PB20.13.15_Comb07Ch07,2233657.841571,2233657.8369140625,1.7222984612870849
PB20.13.15_Comb07Ch08,2487945.561297,2487945.556640625,1.7180132712262914
PB20.13.15_Comb07Ch09,2558364.872821,2558364.8681640625,1.5037033321282018
PB20.13.15_Comb07Ch10,2689361.576922,2689361.572265625,1.767371886487001
PB20.13.15_Comb07Ch11,2830963.139422,2830963.134765625,1.479241857618577
PB20.13.15_Comb07Ch12,2903289.799578,2903289.794921875,1.8219851396970563
PB20.13.15_Comb07Ch13,2981109.623797,2981109.619140625,1.6947035034608582
PB20.13.15_Comb07Ch14,3046875.004657,3046875.0,1.5387406276488695
PB20.13.15_Comb07Ch15,3288040.165789,3288040.1611328125,1.5077293737320079
PB20.13.15_Comb07Ch16,3375320.439227,3375320.4345703125,1.5378605442189257
PB20.13.15_Comb07Ch17,3623504.643328,3623504.638671875,1.4779960471985467
PB20.13.15_Comb07Ch18,3716354.374774,3716354.3701171875,1.829705694848902
PB20.13.15_Comb07Ch19,3808593.754657,3808593.75,1.668860924944657
PB20.13.15_Comb07Ch20,3898696.904071,3898696.8994140625,1.5453769414778755
PB20.13.15_Comb07Ch21,4179840.092547,4179840.087890625,1.511558771466135
PB20.13.15_Comb07Ch22,4268875.126727,4268875.1220703125,1.4647230716118818
PB20.13.13_Comb23Ch01,1703109.745868,1703109.7412109375,1.2813154482492368
PB20.13.13_Comb23Ch02,1752395.634539,1752395.6298828125,1.3168023426907354
PB20.13.13_Comb23Ch03,1788177.494891,1788177.490234375,1.3125379324687756
PB20.13.13_Comb23Ch04,1847381.596453,1847381.591796875,1.2534117096256756
PB20.13.13_Comb23Ch05,1901626.591571,1901626.5869140625,1.2768057952044174
PB20.13.13_Comb23Ch06,1962585.453875,1962585.44921875,1.564654114281696
PB20.13.13_Comb23Ch07,2015380.864032,2015380.859375,1.532677016554698
PB20.13.13_Comb23Ch08,2071838.383563,2071838.37890625,1.6857247805398143
PB20.13.13_Comb23Ch09,2175521.855243,2175521.8505859375,1.0462641549135994
PB20.13.13_Comb23Ch10,2240371.708758,2240371.7041015625,1.5982294215657569
PB20.13.13_Comb23Ch11,2313995.365985,2313995.361328125,1.5822412048458896
PB20.13.13_Comb23Ch12,2391586.308368,2391586.3037109375,1.7156272795436176
PB20.13.13_Comb23Ch13,2433547.978289,2433547.9736328125,1.4931049206703284
PB20.13.13_Comb23Ch14,2508392.338641,2508392.333984375,1.3497198412835485
PB20.13.13_Comb23Ch15,2565612.797625,2565612.79296875,1.544826606334605
PB20.13.13_Comb23Ch16,2662963.871844,2662963.8671875,1.3754617100707036
PB20.13.13_Comb23Ch17,2709198.002703,2709197.998046875,1.7967481890988808
PB20.13.13_Comb23Ch18,2761535.649188,2761535.64453125,1.7308104025831859
PB20.13.13_Comb23Ch19,2852783.207782,2852783.203125,1.1117582225595712
PB20.13.13_Comb23Ch20,2935485.8445,2935485.83984375,1.3823155343873947
PB20.13.13_Comb23Ch21,2979812.626727,2979812.6220703125,1.8245549901376756
PB20.13.13_Comb23Ch22,3074569.706805,3074569.7021484375,1.5914827466250003
PB20.13.13_Comb23Ch23,3162689.213641,3162689.208984375,1.42224457393191
PB20.13.13_Comb23Ch24,3259048.466571,3259048.4619140625,1.3455028614330358
PB20.13.13_Comb23Ch25,3382110.60036,3382110.595703125,1.283509837580735
PB20.13.13_Comb23Ch26,3474197.392352,3474197.3876953125,1.312686307203254
PB20.13.13_Comb23Ch27,3586120.610125,3586120.60546875,2.177849844934163
PB20.13.13_Comb23Ch28,3648757.939227,3648757.9345703125,1.7975892837925869
PB20.13.13_Comb23Ch29,3719177.25075,3719177.24609375,1.23545433949206
PB20.13.13_Comb23Ch30,3817672.734149,3817672.7294921875,1.8229175213031508
PB20.13.13_Comb23Ch31,3939666.752703,3939666.748046875,1.7137256109358976
PB20.13.13_Comb23Ch32,4016876.22536,4016876.220703125,1.575676368718643
PB20.13.13_Comb23Ch33,4129028.324969,4129028.3203125,1.3769484887202745
PB20.13.13_Comb23Ch34,4195327.763446,4195327.7587890625,1.2653026345440106
PB20.13.13_Comb23Ch35,4314575.199969,4314575.1953125,1.2864061890526846
PB20.13.13_Comb23Ch36,4399642.948993,4399642.9443359375,1.2633631363981264
PB20.13.13_Comb23Ch37,4508209.233172,4508209.228515625,2.051224411388668
PB20.13.13_Comb23Ch38,4524841.31325,4524841.30859375,1.586241225752567
PB20.13.13_Comb30Ch01,1653747.56325,1653747.55859375,1.3429212471225507
PB20.13.13_Comb30Ch02,1694488.530047,1694488.525390625,1.3037890134372438
PB20.13.13_Comb30Ch03,1736068.730243,1736068.7255859375,1.3176922378127813
PB20.13.13_Comb30Ch04,1797943.119891,1797943.115234375,1.4872357498013211
PB20.13.13_Comb30Ch05,1843566.899188,1843566.89453125,1.4069739194566337
PB20.13.13_Comb30Ch06,1906127.934344,1906127.9296875,1.6528330372225852
PB20.13.13_Comb30Ch07,1957626.34743,1957626.3427734375,1.5313780893667326
PB20.13.13_Comb30Ch08,2017822.270282,2017822.265625,1.6629306951442895
PB20.13.13_Comb30Ch09,2119293.217547,2119293.212890625,1.3696318135407617
PB20.13.13_Comb30Ch10,2247314.457782,2247314.453125,1.6125910855059213
PB20.13.13_Comb30Ch11,2317581.181414,2317581.1767578125,1.4791584801343414
PB20.13.13_Comb30Ch12,2364273.075946,2364273.0712890625,1.6779515902798536
PB20.13.13_Comb30Ch13,2437210.087664,2437210.0830078125,1.3907334913793523
PB20.13.13_Comb30Ch14,2488403.324969,2488403.3203125,1.704957263690722
PB20.13.13_Comb30Ch15,2574310.307391,2574310.302734375,1.3124082398154187
PB20.13.13_Comb30Ch16,2626495.365985,2626495.361328125,1.6468580831947564
PB20.13.13_Comb30Ch17,2782058.720477,2782058.7158203125,1.6383733794638369
PB20.13.13_Comb30Ch18,2848892.216571,2848892.2119140625,1.3916676618132728
PB20.13.13_Comb30Ch19,2993087.773211,2993087.7685546875,1.6171741216895124
PB20.13.13_Comb30Ch20,3063583.37868,3063583.3740234375,1.3466569477189752
PB20.13.13_Comb30Ch21,3375320.439227,NaN,NaN
PB20.13.13_Comb30Ch22,3484191.899188,3484191.89453125,1.7112864032902892
PB20.13.13_Comb30Ch23,3558731.083758,3558731.0791015625,1.8874214236359952
PB20.13.13_Comb30Ch24,3628082.280047,3628082.275390625,1.2846862946031623
PB20.13.13_Comb30Ch25,3823776.249774,3823776.2451171875,1.6408467278742664
PB20.13.13_Comb30Ch26,3897323.613055,3897323.6083984375,1.585728036905011
PB20.13.13_Comb30Ch27,4014053.349383,4014053.3447265625,1.3967448214975822
PB20.13.13_Comb30Ch28,4195556.645282,4195556.640625,1.2952995711447348
PB20.13.13_Comb30Ch29,4279251.103289,4279251.0986328125,1.1691402399386739
PB20.13.13_Comb30Ch30,4385986.332782,4385986.328125,1.9929964353737548
PB20.13.13_Comb30Ch31,4413299.565203,4413299.560546875,1.7997881722668991
PB20.13.13_Comb29Ch01,1685791.020282,1685791.015625,1.328801123346462
PB20.13.13_Comb29Ch02,1733016.97243,1733016.9677734375,1.3783474676424765
PB20.13.13_Comb29Ch03,1777954.106219,1777954.1015625,1.316472602266584
PB20.13.13_Comb29Ch04,1836090.092547,1836090.087890625,1.3961481928458244
PB20.13.13_Comb29Ch05,1886978.154071,1886978.1494140625,1.3427802015545112
PB20.13.13_Comb29Ch06,1995010.380633,1995010.3759765625,1.5848724836490538
PB20.13.13_Comb29Ch07,2057037.358172,2057037.353515625,1.5253164739802263
PB20.13.13_Comb29Ch08,2178955.082782,2178955.078125,1.0190717694236173
PB20.13.13_Comb29Ch09,2231140.141375,2231140.13671875,1.4898208731466478
PB20.13.13_Comb29Ch10,2296905.522235,2296905.517578125,1.7142919860798407
PB20.13.13_Comb29Ch11,2358856.205828,2358856.201171875,1.5458259443185696
PB20.13.13_Comb29Ch12,2426528.935321,2426528.9306640625,1.5206656643131247
PB20.13.13_Comb29Ch13,2480392.460711,2480392.4560546875,1.366602133291317
PB20.13.13_Comb29Ch14,2562026.982196,2562026.9775390625,1.5196162535342714
PB20.13.13_Comb29Ch15,2625198.368914,2625198.3642578125,1.3640234334544887
PB20.13.13_Comb29Ch16,2689361.576922,2689361.572265625,1.5578643169121147
PB20.13.13_Comb29Ch17,2776870.732196,2776870.7275390625,1.5598728680560054
PB20.13.13_Comb29Ch18,2843399.052508,2843399.0478515625,1.170513270927268
PB20.13.13_Comb29Ch19,2904357.914813,2904357.91015625,1.2812402640494673
PB20.13.13_Comb29Ch20,2987747.197039,2987747.1923828125,1.5070601244478987
PB20.13.13_Comb29Ch21,3059768.681414,3059768.6767578125,1.5009046873962304
PB20.13.13_Comb29Ch22,3126144.413836,3126144.4091796875,1.3448631961247368
PB20.13.13_Comb29Ch23,3215789.799578,3215789.794921875,1.4095995622047546
PB20.13.13_Comb29Ch24,3378372.197039,3378372.1923828125,1.1976993813226025
PB20.13.13_Comb29Ch25,3464965.824969,3464965.8203125,1.2595334180698603
PB20.13.13_Comb29Ch26,3548812.870868,3548812.8662109375,1.5933691807758008
PB20.13.13_Comb29Ch27,3610305.790789,3610305.7861328125,1.6290263265818044
PB20.13.13_Comb29Ch28,3726959.233172,3726959.228515625,1.1316616552184389
PB20.13.13_Comb29Ch29,3818130.497821,3818130.4931640625,1.5911254131462458
PB20.13.13_Comb29Ch30,3915710.453875,3915710.44921875,1.471833341914776
PB20.13.13_Comb29Ch31,3995742.802508,3995742.7978515625,1.4710534489944793
PB20.13.13_Comb29Ch32,4086151.127703,4086151.123046875,1.3336050352111952
PB20.13.13_Comb29Ch33,4175872.807391,4175872.802734375,1.2973755614451907
PB20.13.13_Comb29Ch34,4288177.494891,4288177.490234375,1.0942581782014518
PB20.13.13_Comb29Ch35,4369125.370868,4369125.3662109375,1.176566277012626
PB20.13.13_Comb29Ch36,4481124.882586,4481124.8779296875,1.6294284314929792
PB20.13.13_Comb29Ch37,4475097.660907,4475097.65625,1.6876345120979315
PB20.13.13_Comb26Ch01,1636657.7195,1636657.71484375,1.2930480916979223
PB20.13.13_Comb26Ch02,1689529.423602,1689529.4189453125,1.3003264132467172
PB20.13.13_Comb26Ch03,1735916.142352,1735916.1376953125,1.3556961250801443
PB20.13.13_Comb26Ch04,1789398.198016,1789398.193359375,1.283190901870014
PB20.13.13_Comb26Ch05,1829681.401141,1829681.396484375,1.3843170919614654
PB20.13.13_Comb26Ch06,1887969.97536,1887969.970703125,1.6199952020624133
PB20.13.13_Comb26Ch07,1956405.644305,1956405.6396484375,1.5732796903505804
PB20.13.13_Comb26Ch08,2001113.896258,2001113.8916015625,1.6349119837147126
PB20.13.13_Comb26Ch09,2103576.664813,2103576.66015625,1.0796039318201465
PB20.13.13_Comb26Ch10,2162475.590594,2162475.5859375,1.6155353561053707
PB20.13.13_Comb26Ch11,2225875.859149,2225875.8544921875,1.5481784673231385
PB20.13.13_Comb26Ch12,2312545.781024,2312545.7763671875,1.6878053556052606
PB20.13.13_Comb26Ch13,2344589.238055,2344589.2333984375,1.6090288063835323
PB20.13.13_Comb26Ch14,2436981.205828,2436981.201171875,1.4217223734837978
PB20.13.13_Comb26Ch15,2486572.270282,2486572.265625,1.610872126988897
PB20.13.13_Comb26Ch16,2557067.87575,2557067.87109375,1.4161923592567074
PB20.13.13_Comb26Ch17,2629241.948016,2629241.943359375,1.6532636250242776
PB20.13.13_Comb26Ch18,2679595.951922,2679595.947265625,1.586625904484391
PB20.13.13_Comb26Ch19,2758941.655047,2758941.650390625,1.163087279153598
PB20.13.13_Comb26Ch20,2821044.926532,2821044.921875,1.5132637199113295
PB20.13.13_Comb26Ch21,2893981.93825,2893981.93359375,1.5918587983952304
PB20.13.13_Comb26Ch22,2983322.148211,2983322.1435546875,1.6653154697513226
PB20.13.13_Comb26Ch23,3041458.134539,3041458.1298828125,1.4779347912574339
PB20.13.13_Comb26Ch24,3153762.822039,3153762.8173828125,1.4526315301877466
PB20.13.13_Comb26Ch25,3286209.111102,3286209.1064453125,1.3351457362369246
PB20.13.13_Comb26Ch26,3373870.854266,3373870.849609375,1.3215470576987538
PB20.13.13_Comb26Ch27,3457260.136493,3457260.1318359375,1.9027964156223298
PB20.13.13_Comb26Ch28,3550033.573993,3550033.5693359375,1.750323615882208
PB20.13.13_Comb26Ch29,3701553.349383,3701553.3447265625,1.685426720305396
PB20.13.13_Comb26Ch30,3804931.645282,3804931.640625,1.7338248123199755
PB20.13.13_Comb26Ch31,3903427.12868,3903427.1240234375,1.6356186666104484
PB20.13.13_Comb26Ch32,3987426.762469,3987426.7578125,1.621774007014682
PB20.13.13_Comb26Ch33,4085922.245868,4085922.2412109375,1.3028416734922452
PB20.13.13_Comb26Ch34,4173278.81325,4173278.80859375,1.1896517941926206
PB20.13.13_Comb26Ch35,4279174.809344,4279174.8046875,1.2961692183250024
PB20.13.13_Comb26Ch36,4349823.002703,4349822.998046875,2.084232896537706
PB20.13.13_Comb26Ch37,4394836.430438,4394836.42578125,1.7913808116495562
PB20.13.12_Comb28Ch01,1590728.764422,1590728.759765625,1.8780995455330585
PB20.13.12_Comb28Ch02,1635818.486102,1635818.4814453125,1.6396639841001093
PB20.13.12_Comb28Ch03,1740570.073016,1740570.068359375,1.3282592733082041
PB20.13.12_Comb28Ch04,1795730.595477,1795730.5908203125,1.8903298173685932
PB20.13.12_Comb28Ch05,1836471.562274,1836471.5576171875,1.4717874260084416
PB20.13.12_Comb28Ch06,1882934.574969,1882934.5703125,1.467697016268034
PB20.13.12_Comb28Ch07,1947937.016375,1947937.01171875,1.5333287483502491
PB20.13.12_Comb28Ch08,2070541.386493,2070541.3818359375,1.0625009137422088
PB20.13.12_Comb28Ch09,2116775.517352,2116775.5126953125,2.089021083869284
PB20.13.12_Comb28Ch10,2172088.627703,2172088.623046875,1.6861967386981078
PB20.13.12_Comb28Ch11,2227249.150164,2227249.1455078125,1.5607971393100264
PB20.13.12_Comb28Ch12,2293777.470477,2293777.4658203125,1.370954677037332
PB20.13.12_Comb28Ch13,2405242.924578,2405242.919921875,1.4629517255323237
PB20.13.12_Comb28Ch14,2486114.50661,2486114.501953125,1.4925241608234796
PB20.13.12_Comb28Ch15,2539367.680438,2539367.67578125,1.5247098399791148
PB20.13.12_Comb28Ch16,2598648.075946,2598648.0712890625,1.5356592554996822
PB20.13.12_Comb28Ch17,2699661.259539,2699661.2548828125,1.0771706650401456
PB20.13.12_Comb28Ch18,2758331.303485,2758331.298828125,2.079238749414836
PB20.13.12_Comb28Ch19,2803955.082782,2803955.078125,1.6868987618929874
PB20.13.12_Comb28Ch20,2876510.624774,2876510.6201171875,1.6001718559994258
PB20.13.12_Comb28Ch21,2984085.087664,2984085.0830078125,1.6310172788487736
PB20.13.12_Comb28Ch22,3129730.229266,3129730.224609375,1.3540340736957788
PB20.13.12_Comb28Ch23,3207092.289813,3207092.28515625,2.0065000051920414
PB20.13.12_Comb28Ch24,3283233.647235,3283233.642578125,1.6971359597995987
PB20.13.12_Comb28Ch25,3343048.10036,3343048.095703125,1.522653135329213
PB20.13.12_Comb28Ch26,3420410.160907,3420410.15625,1.6023112978236007
PB20.13.12_Comb28Ch27,3535232.548602,3535232.5439453125,1.8786193837643452
PB20.13.12_Comb28Ch28,3583755.497821,3583755.4931640625,1.7144167200922338
PB20.13.12_Comb28Ch29,3667907.7195,3667907.71484375,1.5463396591262593
PB20.13.12_Comb28Ch30,3741531.376727,3741531.3720703125,1.4498398042310265
PB20.13.12_Comb28Ch31,3891372.685321,3891372.6806640625,1.6762965090365893
PB20.13.12_Comb28Ch32,3976058.964618,3976058.9599609375,1.3516909796253904
PB20.13.12_Comb28Ch33,4072189.335711,4072189.3310546875,1.84002822872979
PB20.13.12_Comb28Ch34,4159851.078875,4159851.07421875,1.635802759951006
PB20.13.12_Comb28Ch35,4316558.842547,4316558.837890625,1.4583579634079078
PB20.13.13_Comb12Ch01,1649856.572039,1649856.5673828125,1.47037682221252
PB20.13.13_Comb12Ch02,1685867.314227,1685867.3095703125,1.388952626154376
PB20.13.13_Comb12Ch03,1732254.032977,1732254.0283203125,1.2544469290825133
PB20.13.13_Comb12Ch04,1781692.509539,1781692.5048828125,1.322337040275777
PB20.13.13_Comb12Ch05,1834945.683368,1834945.6787109375,1.503138866788307
PB20.13.13_Comb12Ch06,1902847.294696,1902847.2900390625,1.9259837364820391
PB20.13.13_Comb12Ch07,1944427.494891,1944427.490234375,1.5121261500868612
PB20.13.13_Comb12Ch08,2002716.06911,2002716.064453125,1.584936253758106
PB20.13.13_Comb12Ch09,2106094.365008,2106094.3603515625,1.0586637647969852
PB20.13.13_Comb12Ch10,2181854.252703,2181854.248046875,1.6168211281597629
PB20.13.13_Comb12Ch11,2244415.28786,2244415.283203125,1.8375979994153373
PB20.13.13_Comb12Ch12,2298736.576922,2298736.572265625,1.6504935985263745
PB20.13.13_Comb12Ch13,2355957.035907,2355957.03125,1.61204824547519
PB20.13.13_Comb12Ch14,2420730.595477,2420730.5908203125,1.3700206804385797
PB20.13.13_Comb12Ch15,2486419.682391,2486419.677734375,1.5795636653116283
PB20.13.13_Comb12Ch16,2564620.976336,2564620.9716796875,1.8576882431810504
PB20.13.13_Comb12Ch17,2613296.513446,2613296.5087890625,1.5718709422194255
PB20.13.13_Comb12Ch18,2690048.22243,2690048.2177734375,1.641925732877551
PB20.13.13_Comb12Ch19,2757110.60036,2757110.595703125,1.1293240931897128
PB20.13.13_Comb12Ch20,2842483.525164,2842483.5205078125,1.9160071604864268
PB20.13.13_Comb12Ch21,2911529.545672,2911529.541015625,1.8428493011244313
PB20.13.13_Comb12Ch22,2984924.321063,2984924.31640625,1.6476399019454384
PB20.13.13_Comb12Ch23,3058853.154071,3058853.1494140625,2.041461554557912
PB20.13.13_Comb12Ch24,3130874.638446,3130874.6337890625,1.358471062961162
PB20.13.13_Comb12Ch25,3292770.390399,3292770.3857421875,1.515221710462831
PB20.13.13_Comb12Ch26,3371658.329852,3371658.3251953125,1.3774259753209785
PB20.13.13_Comb12Ch27,3465499.882586,3465499.8779296875,2.184506358870755
PB20.13.13_Comb12Ch28,3526916.508563,3526916.50390625,1.5662580911667168
PB20.13.13_Comb12Ch29,3629074.101336,3629074.0966796875,1.3150998314636329
PB20.13.13_Comb12Ch30,3722457.890399,3722457.8857421875,2.256845963828445
PB20.13.13_Comb12Ch31,3815002.446063,3815002.44140625,2.291556849733771
PB20.13.13_Comb12Ch32,3886184.697039,3886184.6923828125,1.4869237201900776
PB20.13.13_Comb12Ch33,3981018.071063,3981018.06640625,1.3855018793554357
PB20.13.13_Comb12Ch34,4066085.820086,4066085.8154296875,1.2347226084187999
PB20.13.13_Comb12Ch35,4185791.020282,4185791.015625,1.9235046025969038
PB20.13.13_Comb12Ch36,4264984.135516,4264984.130859375,1.166470780793759
PB20.13.13_Comb12Ch37,4370727.543719,4370727.5390625,1.6773975763655236
PB20.13.13_Comb12Ch38,4377899.174578,4377899.169921875,1.5509533603337016
PB20.13.13_Comb22Ch01,1639099.12575,1639099.12109375,1.2517563206052742
PB20.13.13_Comb22Ch02,1684570.317157,1684570.3125,1.3932701209110097
PB20.13.13_Comb22Ch03,1736679.081805,1736679.0771484375,1.3312518799853663
PB20.13.13_Comb22Ch04,1889877.323993,1889877.3193359375,1.4636352875556924
PB20.13.13_Comb22Ch05,1947937.016375,1947937.01171875,1.5330471747145857
PB20.13.13_Comb22Ch06,2167663.578875,2167663.57421875,1.4516347989116272
PB20.13.13_Comb22Ch07,2302322.392352,2302322.3876953125,1.4740207258270908
PB20.13.13_Comb22Ch08,2479782.109149,2479782.1044921875,1.479234342005026
PB20.13.13_Comb22Ch09,2552108.769305,2552108.7646484375,1.322318875273579
PB20.13.13_Comb22Ch10,2686538.700946,2686538.6962890625,1.461670738965679
PB20.13.13_Comb22Ch11,2827835.087664,2827835.0830078125,1.2441855998473381
PB20.13.13_Comb22Ch12,2903900.151141,2903900.146484375,1.5142445338659207
PB20.13.13_Comb22Ch13,2979507.450946,2979507.4462890625,1.5081112565210828
PB20.13.13_Comb22Ch14,3037796.025164,3037796.0205078125,1.3408602577554583
PB20.13.13_Comb22Ch15,3140869.145282,3140869.140625,1.4251319389913213
PB20.13.13_Comb22Ch16,3447494.511493,3447494.5068359375,1.5044048721402785
PB20.13.13_Comb22Ch17,3621215.824969,3621215.8203125,1.131211948302184
PB20.13.13_Comb22Ch18,3714752.201922,3714752.197265625,1.5130598244945157
PB20.13.13_Comb22Ch19,3807067.87575,3807067.87109375,1.4609825996554624
PB20.13.13_Comb22Ch20,3895111.088641,3895111.083984375,1.452756291201232
PB20.13.13_Comb22Ch21,4344482.426532,4344482.421875,1.361452139934337
PB20.13.28_Comb10Ch01,1711502.079852,1711502.0751953125,2.041721186825364
PB20.13.28_Comb10Ch02,1760635.380633,1760635.3759765625,1.388172011624287
PB20.13.28_Comb10Ch03,1795959.477313,1795959.47265625,3.7894780423774943
PB20.13.28_Comb10Ch04,1846771.244891,1846771.240234375,1.3349296471547032
PB20.13.28_Comb10Ch05,1905670.170672,1905670.166015625,1.8645088309653344
PB20.13.28_Comb10Ch06,1976013.18825,1976013.18359375,1.8602708311052132
PB20.13.28_Comb10Ch07,2031707.768328,2031707.763671875,1.5496007982600188
PB20.13.28_Comb10Ch08,2080917.363055,2080917.3583984375,1.5927719960654803
PB20.13.28_Comb10Ch09,2136688.237078,2136688.232421875,4.345491695923608
PB20.13.28_Comb10Ch10,2177963.261493,2177963.2568359375,1.0699954571834722
PB20.13.28_Comb10Ch11,2251739.50661,2251739.501953125,2.345595583144992
PB20.13.28_Comb10Ch12,2322158.818133,2322158.8134765625,1.7230564113451874
PB20.13.28_Comb10Ch13,2402648.930438,2402648.92578125,3.113636640014899
PB20.13.28_Comb10Ch14,2432937.626727,2432937.6220703125,1.5981435895086005
PB20.13.28_Comb10Ch15,2518768.315203,2518768.310546875,1.8301095320672505
PB20.13.28_Comb10Ch16,2565078.740008,2565078.7353515625,1.9875312580902036
PB20.13.28_Comb10Ch17,2676391.606219,2676391.6015625,1.2509731462543574
PB20.13.28_Comb10Ch18,2708740.239032,2708740.234375,1.7414282955755778
PB20.13.28_Comb10Ch19,2762298.588641,2762298.583984375,4.443725264019237
PB20.13.28_Comb10Ch20,2857284.550555,2857284.5458984375,1.203156769980755
PB20.13.28_Comb10Ch21,2995147.709735,2995147.705078125,4.988259008456949
PB20.13.28_Comb10Ch22,3176879.887469,3176879.8828125,1.3212213760769445
PB20.13.28_Comb10Ch23,3265914.921649,3265914.9169921875,1.9396621060442691
PB20.13.28_Comb10Ch24,3315277.104266,3315277.099609375,1.5015567295040944
PB20.13.28_Comb10Ch25,3394393.925555,3394393.9208984375,2.331469116334867
PB20.13.28_Comb10Ch26,3483123.783953,3483123.779296875,1.4620375134491104
PB20.13.28_Comb10Ch27,3605804.448016,3605804.443359375,3.8483437465054653
PB20.13.28_Comb10Ch28,3671646.122821,3671646.1181640625,1.7657617870475408
PB20.13.28_Comb10Ch29,3727111.821063,3727111.81640625,1.9025305476870447
PB20.13.28_Comb10Ch30,3835296.635516,NaN,NaN
PB20.13.28_Comb10Ch31,4018936.161883,4018936.1572265625,1.8187217060525094
PB20.13.28_Comb10Ch32,4143600.468524,4143600.4638671875,2.0054541078309143
PB20.13.28_Comb10Ch33,4205551.152118,4205551.1474609375,1.471403351864866
PB20.13.28_Comb10Ch34,4327163.700946,4327163.6962890625,2.2694578742235803
PB20.13.28_Comb10Ch35,4544296.269305,4544296.2646484375,1.4557309926202826
PB20.13.28_Comb10Ch36,4563140.873797,4563140.869140625,1.5697557212116446
PB20.13.13_Comb28Ch01,1639556.889422,1639556.884765625,1.2211441411444963
PB20.13.13_Comb28Ch02,1683044.43825,1683044.43359375,1.2820094779211237
PB20.13.13_Comb28Ch03,1728591.923602,1728591.9189453125,1.286409168692986
PB20.13.13_Comb28Ch04,1780548.10036,1780548.095703125,1.208416990308027
PB20.13.13_Comb28Ch05,1827163.700946,1827163.6962890625,1.266521761831918
PB20.13.13_Comb28Ch06,1890563.9695,1890563.96484375,1.4692918180407817
PB20.13.13_Comb28Ch07,1943969.731219,1943969.7265625,1.4587536138366268
PB20.13.13_Comb28Ch08,1995010.380633,1995010.3759765625,1.5585645526854657
PB20.13.13_Comb28Ch09,2101898.198016,2101898.193359375,1.0124639038253256
PB20.13.13_Comb28Ch10,2166595.463641,2166595.458984375,1.4839589530867492
PB20.13.13_Comb28Ch11,2227859.501727,2227859.4970703125,1.5112740195057455
PB20.13.13_Comb28Ch12,2297592.167743,2297592.1630859375,1.5438482975980192
PB20.13.13_Comb28Ch13,2344589.238055,2344589.2333984375,1.469378977536848
PB20.13.13_Comb28Ch14,2419891.362078,2419891.357421875,1.2614448879841906
PB20.13.13_Comb28Ch15,2489089.970477,2489089.9658203125,1.4445569174883501
PB20.13.13_Comb28Ch16,2549057.011493,2549057.0068359375,1.2738361593924068
PB20.13.13_Comb28Ch17,2613906.865008,2613906.8603515625,1.6144398220982978
PB20.13.13_Comb28Ch18,2692947.392352,2692947.3876953125,1.57235732555927
PB20.13.13_Comb28Ch19,2750625.615008,2750625.6103515625,1.050459230461002
PB20.13.13_Comb28Ch20,2828979.496844,2828979.4921875,1.2568480358305376
PB20.13.13_Comb28Ch21,2907943.730243,2907943.7255859375,1.6068390878561503
PB20.13.13_Comb28Ch22,2982559.208758,2982559.2041015625,1.4287468272016763
PB20.13.13_Comb28Ch23,3036117.558368,3036117.5537109375,1.397859831070339
PB20.13.13_Comb28Ch24,3130340.580828,3130340.576171875,1.2542453906843793
PB20.13.13_Comb28Ch25,3290863.041766,3290863.037109375,1.2038177685188367
PB20.13.13_Comb28Ch26,3372955.326922,3372955.322265625,1.296682661045596
PB20.13.13_Comb28Ch27,3442764.286883,3442764.2822265625,1.6053252623699221
PB20.13.13_Comb28Ch28,3524703.984149,3524703.9794921875,1.6094630259450842
PB20.13.13_Comb28Ch29,3622283.940203,3622283.935546875,1.166569988469628
PB20.13.13_Comb28Ch30,3718948.368914,3718948.3642578125,1.6561665518308106
PB20.13.13_Comb28Ch31,3808746.342547,3808746.337890625,1.4284126344371921
PB20.13.13_Comb28Ch32,3889923.10036,3889923.095703125,1.3919316584613266
PB20.13.13_Comb28Ch33,3967514.042743,3967514.0380859375,1.181749467528294
PB20.13.13_Comb28Ch34,4063873.295672,4063873.291015625,1.1273326606530838
PB20.13.13_Comb28Ch35,4180145.268328,4180145.263671875,1.0938030182726028
PB20.13.13_Comb28Ch36,4268417.363055,4268417.3583984375,1.1156799151792745
PB20.13.13_Comb28Ch37,4346008.305438,4346008.30078125,1.6359093022481848
PB20.13.13_Comb28Ch38,4367980.961688,4367980.95703125,1.655220756963434
PB20.13.15_Comb05Ch01,1639175.419696,1639175.4150390625,1.485134110291617
PB20.13.15_Comb05Ch02,1678466.801532,1678466.796875,1.4646628763773013
PB20.13.15_Comb05Ch03,1729049.687274,1729049.6826171875,1.5944185196349974
PB20.13.15_Comb05Ch04,1785507.206805,1785507.2021484375,1.457888373660629
PB20.13.15_Comb05Ch05,1832199.101336,1832199.0966796875,1.509146799697621
PB20.13.15_Comb05Ch06,1890792.851336,1890792.8466796875,1.650322172609715
PB20.13.15_Comb05Ch07,1938018.803485,1938018.798828125,1.6181117344721487
PB20.13.15_Comb05Ch08,2002258.305438,2002258.30078125,1.6144424584836636
PB20.13.15_Comb05Ch09,2116775.517352,2116775.5126953125,0.9312773543724345
PB20.13.15_Comb05Ch10,2171630.864032,2171630.859375,1.6150244060096344
PB20.13.15_Comb05Ch11,2231445.317157,2231445.3125,1.5649718593360247
PB20.13.15_Comb05Ch12,2291336.064227,2291336.0595703125,1.6522901276771882
PB20.13.15_Comb05Ch13,2357864.384539,2357864.3798828125,1.5506991286945302
PB20.13.15_Comb05Ch14,2414703.373797,2414703.369140625,1.5135362640713543
PB20.13.15_Comb05Ch15,2473754.887469,2473754.8828125,1.5890239730048379
PB20.13.15_Comb05Ch16,2550659.184344,2550659.1796875,1.4754272781016085
PB20.13.15_Comb05Ch17,2766571.049578,2766571.044921875,0.9474244414184267
PB20.13.15_Comb05Ch18,2825851.445086,2825851.4404296875,1.4349963140766844
PB20.13.15_Comb05Ch19,2967453.007586,2967453.0029296875,1.487159443854478
PB20.13.15_Comb05Ch20,3038864.140399,3038864.1357421875,1.3772408074080713
PB20.13.15_Comb05Ch21,3124084.477313,3124084.47265625,1.3852817716467511
PB20.13.15_Comb05Ch22,3198699.955828,3198699.951171875,1.3591722097676175
PB20.13.15_Comb05Ch23,3357009.892352,3357009.8876953125,1.2848165673654437
PB20.13.15_Comb05Ch24,3451461.796649,3451461.7919921875,1.6811644131211305
PB20.13.15_Comb05Ch25,3614044.19411,3614044.189453125,1.2977955842874607
PB20.13.15_Comb05Ch26,3791046.147235,3791046.142578125,1.5101235889294162
PB20.13.15_Comb05Ch27,3873748.783953,3873748.779296875,1.514919358874573
PB20.13.15_Comb05Ch28,3972091.679461,3972091.6748046875,1.3909620693829974
PB20.13.15_Comb05Ch29,4067382.817157,4067382.8125,1.3263566031374776
PB20.13.15_Comb05Ch30,4247360.234149,4247360.2294921875,1.1876543235951817
PB20.13.15_Comb05Ch31,4358520.512469,4358520.5078125,1.7876794817193407
PB20.13.15_Comb05Ch32,4560317.997821,NaN,NaN
PB20.13.28_Comb07Ch01,1694793.705828,1694793.701171875,1.4373515714884133
PB20.13.28_Comb07Ch02,1753463.749774,1753463.7451171875,1.2913945663451947
PB20.13.28_Comb07Ch03,1782302.861102,1782302.8564453125,2.113921042095784
PB20.13.28_Comb07Ch04,1844787.602313,1844787.59765625,1.2532440392559672
PB20.13.28_Comb07Ch05,1901321.415789,1901321.4111328125,1.4391639820090407
PB20.13.28_Comb07Ch06,1964187.626727,1964187.6220703125,1.6339602194639318
PB20.13.28_Comb07Ch07,2014923.10036,NaN,NaN
PB20.13.28_Comb07Ch08,2070999.150164,2070999.1455078125,1.9209705979885243
PB20.13.28_Comb07Ch09,2122726.445086,2122726.4404296875,1.5684321333997606
PB20.13.28_Comb07Ch10,2186126.713641,2186126.708984375,1.0153643485707227
PB20.13.28_Comb07Ch11,2237396.244891,2237396.240234375,1.7351898088751008
PB20.13.28_Comb07Ch12,2309341.435321,2309341.4306640625,1.5123615065316798
PB20.13.28_Comb07Ch13,2387695.317157,2387695.3125,2.3978414561051444
PB20.13.28_Comb07Ch14,2437515.263446,2437515.2587890625,1.5115710885387839
PB20.13.28_Comb07Ch15,2499389.653094,2499389.6484375,1.4669097485331677
PB20.13.28_Comb07Ch16,2572479.252703,2572479.248046875,1.5975952362586343
PB20.13.28_Comb07Ch17,2656555.180438,2656555.17578125,1.6880790092925093
PB20.13.28_Comb07Ch18,2697830.204852,2697830.2001953125,1.8991426828899742
PB20.13.28_Comb07Ch19,2859954.838641,2859954.833984375,1.065166865216474
PB20.13.28_Comb07Ch20,2928009.03786,2928009.033203125,1.6704923247020627
PB20.13.28_Comb07Ch21,2999801.640399,2999801.6357421875,1.7057973122710168
PB20.13.28_Comb07Ch22,3085174.565203,3085174.560546875,1.6914665599261158
PB20.13.28_Comb07Ch23,3151245.121844,3151245.1171875,1.847029364109649
PB20.13.28_Comb07Ch24,3250656.132586,3250656.1279296875,1.577029620535316
PB20.13.28_Comb07Ch25,3292694.096453,3292694.091796875,1.371119982593436
PB20.13.28_Comb07Ch26,3394012.455828,3394012.451171875,1.5600021910836104
PB20.13.28_Comb07Ch27,3474273.686297,3474273.681640625,1.272090526699466
PB20.13.28_Comb07Ch28,3581542.973407,3581542.96875,3.344979798553167
PB20.13.28_Comb07Ch29,3634567.265399,3634567.2607421875,2.0893702426584593
PB20.13.28_Comb07Ch30,3730468.754657,3730468.75,1.4580573634420986
PB20.13.28_Comb07Ch31,3839950.56618,3839950.5615234375,1.922574118302055
PB20.13.28_Comb07Ch32,3953170.781024,3953170.7763671875,1.8528668308628604
PB20.13.28_Comb07Ch33,4013900.761493,4013900.7568359375,2.0980640965575517
PB20.13.28_Comb07Ch34,4128799.443133,4128799.4384765625,1.6722098555720375
PB20.13.28_Comb07Ch35,4188842.778094,4188842.7734375,1.4305074811507137
PB20.13.28_Comb07Ch36,4322814.946063,4322814.94140625,1.5955958420291931
PB20.13.28_Comb07Ch37,4403686.528094,4403686.5234375,1.3669417532518666
PB20.13.28_Comb07Ch38,4511795.048602,4511795.0439453125,2.3048635326351574
PB20.13.28_Comb03Ch01,1690368.657,1690368.65234375,2.2124051150736808
PB20.13.28_Comb03Ch02,1731643.681414,1731643.6767578125,1.4798941274522979
PB20.13.28_Comb03Ch03,1778869.633563,1778869.62890625,1.4266691675772505
PB20.13.28_Comb03Ch04,1839141.85036,1839141.845703125,1.3094395065394941
PB20.13.28_Comb03Ch05,1894683.842547,1894683.837890625,1.979424643881066
PB20.13.28_Comb03Ch06,1950225.834735,1950225.830078125,1.564531411895945
PB20.13.28_Comb03Ch07,1994781.498797,1994781.494140625,1.5847986417452216
PB20.13.28_Comb03Ch08,2067413.334735,2067413.330078125,1.6278904762981632
PB20.13.28_Comb03Ch09,2120513.920672,2120513.916015625,1.6938444303157674
PB20.13.28_Comb03Ch10,2190856.93825,2190856.93359375,1.0572318366287465
PB20.13.28_Comb03Ch11,2231521.611102,2231521.6064453125,2.2838758079993218
PB20.13.28_Comb03Ch12,2298583.989032,2298583.984375,1.7140254690351002
PB20.13.28_Comb03Ch13,2361984.257586,2361984.2529296875,1.6231393223366428
PB20.13.28_Comb03Ch14,2436065.678485,2436065.673828125,1.5554679514030654
PB20.13.28_Comb03Ch15,2484970.09743,2484970.0927734375,1.7785617857547147
PB20.13.28_Comb03Ch16,2544708.25661,2544708.251953125,1.6989929088997122
PB20.13.28_Comb03Ch17,2632522.587664,2632522.5830078125,1.3170254654681535
PB20.13.28_Comb03Ch18,2686614.994891,2686614.990234375,1.7519725162846271
PB20.13.28_Comb03Ch19,2758560.185321,2758560.1806640625,1.8232307194025388
PB20.13.28_Comb03Ch20,2851791.386493,2851791.3818359375,1.0542378509441264
PB20.13.28_Comb03Ch21,2912826.542743,2912826.5380859375,2.5592987545125903
PB20.13.28_Comb03Ch22,2982406.620868,2982406.6162109375,1.8545232983110072
PB20.13.28_Comb03Ch23,3053970.341571,3053970.3369140625,1.6577454797475997
PB20.13.28_Comb03Ch24,3135223.393328,3135223.388671875,1.3158727624809625
PB20.13.28_Comb03Ch25,3216934.208758,3216934.2041015625,1.7187166699103225
PB20.13.28_Comb03Ch26,3286972.050555,3286972.0458984375,1.5894975256852926
PB20.13.28_Comb03Ch27,3363723.759539,3363723.7548828125,1.7576506475592455
PB20.13.28_Comb03Ch28,3451004.032977,3451004.0283203125,1.5070090134799463
PB20.13.28_Comb03Ch29,3557434.086688,3557434.08203125,1.7712725821585011
PB20.13.28_Comb03Ch30,3621292.118914,3621292.1142578125,1.766200485114283
PB20.13.28_Comb03Ch31,3708190.922625,3708190.91796875,2.0710020894118912
PB20.13.28_Comb03Ch32,3812637.333758,3812637.3291015625,1.9343530534474265
PB20.13.28_Comb03Ch33,3897171.025164,3897171.0205078125,1.649069538967249
PB20.13.28_Comb03Ch34,3978347.782977,3978347.7783203125,1.7706199185989695
PB20.13.28_Comb03Ch35,4093322.758563,4093322.75390625,2.003532761577606
PB20.13.28_Comb03Ch36,4170913.700946,4170913.6962890625,1.362532617561082
PB20.13.28_Comb03Ch37,4281311.039813,4281311.03515625,1.7762405692215169
PB20.13.28_Comb03Ch38,4359283.451922,4359283.447265625,1.395564458495631
PB20.13.12_Comb26Ch01,1605758.671649,1605758.6669921875,1.3464302626341096
PB20.13.12_Comb26Ch02,1656951.908953,1656951.904296875,1.972284779913338
PB20.13.12_Comb26Ch03,1694259.648211,1694259.6435546875,1.4742191501999506
PB20.13.12_Comb26Ch04,1751785.282977,1751785.2783203125,2.033473133905588
PB20.13.12_Comb26Ch05,1810989.384539,1810989.3798828125,1.4902375263408032
PB20.13.12_Comb26Ch06,1856307.988055,1856307.9833984375,1.676859719858716
PB20.13.12_Comb26Ch07,1961059.574969,1961059.5703125,1.6172240151790687
PB20.13.12_Comb26Ch08,2015380.864032,2015380.859375,1.3275246359111839
PB20.13.12_Comb26Ch09,2085723.88161,2085723.876953125,1.082612790158412
PB20.13.12_Comb26Ch10,2133331.303485,2133331.298828125,1.4076688258651668
PB20.13.12_Comb26Ch11,2194213.871844,2194213.8671875,2.0689911609040217
PB20.13.12_Comb26Ch12,2312774.66286,2312774.658203125,2.0036897715201594
PB20.13.12_Comb26Ch13,2374114.994891,2374114.990234375,1.5190223428351046
PB20.13.12_Comb26Ch14,2423934.94118,2423934.9365234375,1.6856016547106802
PB20.13.12_Comb26Ch15,2518920.903094,2518920.8984375,1.6736922724100107
PB20.13.12_Comb26Ch16,2551269.535907,2551269.53125,1.6883618329618952
PB20.13.12_Comb26Ch17,2621688.84743,2621688.8427734375,1.3036831517828635
PB20.13.12_Comb26Ch18,2719802.861102,2719802.8564453125,1.0579853049648928
PB20.13.12_Comb26Ch19,2787399.296649,2787399.2919921875,1.5342575995344525
PB20.13.12_Comb26Ch20,2829513.554461,2829513.5498046875,1.3395625616543747
PB20.13.12_Comb26Ch21,2903366.093524,2903366.0888671875,1.7014472889620165
PB20.13.12_Comb26Ch22,3014984.135516,3014984.130859375,1.6418874522234244
PB20.13.12_Comb26Ch23,3079223.637469,3079223.6328125,1.7105637745458948
PB20.13.12_Comb26Ch24,3143920.903094,3143920.8984375,1.9997822828999956
PB20.13.12_Comb26Ch25,3230972.294696,3230972.2900390625,1.4821444559477757
PB20.13.12_Comb26Ch26,3304672.245868,3304672.2412109375,1.9314244778516094
PB20.13.12_Comb26Ch27,3371810.917743,3371810.9130859375,1.6279226067593129
PB20.13.12_Comb26Ch28,3439865.116961,3439865.1123046875,1.6417574530550496
PB20.13.12_Comb26Ch29,3555908.207782,NaN,NaN
PB20.13.12_Comb26Ch30,3613433.842547,3613433.837890625,1.4117208621465949
PB20.13.12_Comb26Ch31,3704910.282977,3704910.2783203125,1.8727402273423268
PB20.13.12_Comb26Ch32,3775177.00661,3775177.001953125,1.4111772763588224
PB20.13.12_Comb26Ch33,3921966.557391,3921966.552734375,1.97485459197019
PB20.13.12_Comb26Ch34,3997116.093524,3997116.0888671875,1.713641534264825
PB20.13.12_Comb26Ch35,4108200.077899,4108200.0732421875,1.4084026131820715
PB20.13.12_Comb26Ch36,4197769.169696,4197769.1650390625,1.7545273185989778
PB20.13.12_Comb26Ch37,4244689.946063,4244689.94140625,1.3556137472025596
PB20.13.12_Comb26Ch38,4342575.077899,4342575.0732421875,1.5129635124097374
PB20.13.13_Comb09Ch01,1637649.540789,1637649.5361328125,1.2229225908011803
PB20.13.13_Comb09Ch02,1683273.320086,1683273.3154296875,1.3434149926434926
PB20.13.13_Comb09Ch03,1731567.387469,1731567.3828125,1.2778941613024577
PB20.13.13_Comb09Ch04,1783218.388446,1783218.3837890625,1.2854324474960848
PB20.13.13_Comb09Ch05,1825561.528094,1825561.5234375,1.3067452090099558
PB20.13.13_Comb09Ch06,1888351.445086,1888351.4404296875,1.5617742673884698
PB20.13.13_Comb09Ch07,1945419.31618,1945419.3115234375,1.4593370197994773
PB20.13.13_Comb09Ch08,1996154.789813,1996154.78515625,1.4999277284755288
PB20.13.13_Comb09Ch09,2055816.655047,2055816.650390625,1.5148497446225748
PB20.13.13_Comb09Ch10,2106094.365008,2106094.3603515625,1.0772708694879418
PB20.13.13_Comb09Ch11,2168121.342547,2168121.337890625,1.5352213873011389
PB20.13.13_Comb09Ch12,2223968.510516,2223968.505859375,1.6786933946484661
PB20.13.13_Comb09Ch13,2299041.752703,2299041.748046875,1.4897524677840173
PB20.13.13_Comb09Ch14,2349700.932391,2349700.927734375,1.532667656014466
PB20.13.13_Comb09Ch15,2421569.828875,2421569.82421875,1.359936872014413
PB20.13.13_Comb09Ch16,2493133.549578,2493133.544921875,1.5056838374704493
PB20.13.13_Comb09Ch17,2546310.429461,2546310.4248046875,1.3356434783140736
PB20.13.13_Comb09Ch18,2619781.498797,2619781.494140625,1.5757352858115017
PB20.13.13_Comb09Ch19,2702331.547625,2702331.54296875,1.489137433003611
PB20.13.13_Comb09Ch20,2753067.021258,2753067.0166015625,1.089144324507092
PB20.13.13_Comb09Ch21,2824783.329852,NaN,NaN
PB20.13.13_Comb09Ch22,2911376.957782,2911376.953125,1.552974765303604
PB20.13.13_Comb09Ch23,2982788.090594,2982788.0859375,1.5414715905446221
PB20.13.13_Comb09Ch24,3130722.050555,3130722.0458984375,1.2831975297899525
PB20.13.13_Comb09Ch25,3206558.232196,3206558.2275390625,1.2863396467267962
PB20.13.13_Comb09Ch26,3293228.154071,3293228.1494140625,1.2476637435256084
PB20.13.13_Comb09Ch27,3379135.136493,3379135.1318359375,1.3179290438792772
PB20.13.13_Comb09Ch28,3444290.165789,3444290.1611328125,1.614104578003597
PB20.13.13_Comb09Ch29,3528671.269305,3528671.2646484375,1.5343469030710373
PB20.13.13_Comb09Ch30,3634033.207782,3634033.203125,1.188378810677479
PB20.13.13_Comb09Ch31,3718490.605243,3718490.6005859375,1.6347638990588071
PB20.13.13_Comb09Ch32,3807754.521258,3807754.5166015625,1.4923016834496048
PB20.13.13_Comb09Ch33,3894653.324969,3894653.3203125,1.4335877820182508
PB20.13.13_Comb09Ch34,3964614.872821,3964614.8681640625,1.2449999912889227
PB20.13.13_Comb09Ch35,4075775.151141,4075775.146484375,1.2031254146276227
PB20.13.13_Comb09Ch36,4178543.095477,4178543.0908203125,1.131349790980923
PB20.13.13_Comb09Ch37,4267959.599383,4267959.5947265625,1.1322901374216952
PB20.13.13_Comb09Ch38,4346389.775164,4346389.7705078125,1.6694477102593168
PB20.13.13_Comb09Ch39,4370117.192157,4370117.1875,1.4107732774304091
PB20.13.13_Comb01Ch01,1690216.06911,1690216.064453125,1.3479346412181898
PB20.13.13_Comb01Ch02,1742630.009539,1742630.0048828125,1.2423658708470124
PB20.13.13_Comb01Ch03,1781692.509539,1781692.5048828125,1.3054898392938592
PB20.13.13_Comb01Ch04,1833496.098407,1833496.09375,1.3042289406925616
PB20.13.13_Comb01Ch05,1891632.084735,1891632.080078125,1.3383887014011604
PB20.13.13_Comb01Ch06,1954956.059344,1954956.0546875,1.6242959394696355
PB20.13.13_Comb01Ch07,2003936.772235,2003936.767578125,1.6314894588861704
PB20.13.13_Comb01Ch08,2060699.467547,2060699.462890625,1.7758050062618376
PB20.13.13_Comb01Ch09,2177963.261493,2177963.2568359375,1.0252727858833774
PB20.13.13_Comb01Ch10,2235870.365985,2235870.361328125,1.6916868016889965
PB20.13.13_Comb01Ch11,2303237.919696,2303237.9150390625,1.5897706440694834
PB20.13.13_Comb01Ch12,2368545.536883,NaN,NaN
PB20.13.13_Comb01Ch13,2430877.690203,2430877.685546875,1.619603893882572
PB20.13.13_Comb01Ch14,2488021.855243,2488021.8505859375,1.4710809906232027
PB20.13.13_Comb01Ch15,2571029.667743,2571029.6630859375,1.683168718079041
PB20.13.13_Comb01Ch16,2638778.69118,2638778.6865234375,1.32023911059398
PB20.13.13_Comb01Ch17,2691726.689227,2691726.6845703125,1.6478306861257717
PB20.13.13_Comb01Ch18,2781829.838641,2781829.833984375,1.6014826721596729
PB20.13.13_Comb01Ch19,2843017.582782,2843017.578125,1.0876320619144053
PB20.13.13_Comb01Ch20,2916870.121844,2916870.1171875,1.4512539076286013
PB20.13.13_Comb01Ch21,2996292.118914,2996292.1142578125,1.6600858023414868
PB20.13.13_Comb01Ch22,3136901.860125,3136901.85546875,1.3632908263036976
PB20.13.13_Comb01Ch23,3224792.485125,3224792.48046875,1.4397875633586334
PB20.13.13_Comb01Ch24,3474121.098407,3474121.09375,1.32990920393412
PB20.13.13_Comb01Ch25,3559188.84743,3559188.8427734375,1.7114698320749209
PB20.13.13_Comb01Ch26,3613204.960711,3613204.9560546875,1.690794533682488
PB20.13.13_Comb01Ch27,3828582.768328,3828582.763671875,1.6024997043375646
PB20.13.13_Comb01Ch28,3933334.355243,3933334.3505859375,1.5981917104110164
PB20.13.13_Comb01Ch29,4007873.539813,4007873.53515625,1.6166608011961952
PB20.13.13_Comb01Ch30,4098587.040789,4098587.0361328125,1.2657210044293599
PB20.13.13_Comb01Ch31,4172668.461688,4172668.45703125,1.2282043540654561
PB20.13.13_Comb01Ch32,4307098.393328,4307098.388671875,1.2132457169974562
PB20.13.13_Comb01Ch33,4387130.741961,4387130.7373046875,1.0754341786333546
PB20.13.13_Comb01Ch34,4483032.231219,4483032.2265625,1.7902620714598376
PB20.13.13_Comb01Ch35,4493637.089618,4493637.0849609375,1.4264901943737598
PB20.13.11_Comb25Ch01,1790618.901141,1790618.896484375,1.2286971253104533
PB20.13.11_Comb25Ch02,1854400.639422,1854400.634765625,1.2063333559026668
PB20.13.11_Comb25Ch03,1917953.495868,1917953.4912109375,1.1825370551923495
PB20.13.11_Comb25Ch04,1990966.801532,1990966.796875,1.4138032870041481
PB20.13.11_Comb25Ch05,2036285.405047,2036285.400390625,1.4438484305113728
PB20.13.11_Comb25Ch06,2094345.09743,2094345.0927734375,1.4428806523512885
PB20.13.11_Comb25Ch07,2187805.180438,2187805.17578125,1.0123742317301987
PB20.13.11_Comb25Ch08,2257690.434344,2257690.4296875,1.4630562227588202
PB20.13.11_Comb25Ch09,2327880.864032,2327880.859375,1.4416564726693772
PB20.13.11_Comb25Ch10,2421112.065203,2421112.060546875,1.4022185721455642
PB20.13.11_Comb25Ch11,2443084.721453,2443084.716796875,1.4751456592722305
PB20.13.11_Comb25Ch12,2513351.445086,2513351.4404296875,1.216193746476117
PB20.13.11_Comb25Ch13,2575225.834735,2575225.830078125,1.5115426088045052
PB20.13.11_Comb25Ch14,2697982.792743,NaN,NaN
PB20.13.11_Comb25Ch15,2701721.196063,NaN,NaN
PB20.13.11_Comb25Ch16,2771301.274188,NaN,NaN
PB20.13.11_Comb25Ch17,2872390.751727,2872390.7470703125,1.0182335968989373
PB20.13.11_Comb25Ch18,3014526.371844,3014526.3671875,1.5462588818815133
PB20.13.11_Comb25Ch19,3117294.31618,3117294.3115234375,1.408560020683846
PB20.13.11_Comb25Ch20,3190765.385516,3190765.380859375,1.2322527144630542
PB20.13.11_Comb25Ch21,3279342.656024,3279342.6513671875,1.137274002367619
PB20.13.11_Comb25Ch22,3300323.490985,3300323.486328125,1.2519901301985592
PB20.13.11_Comb25Ch23,3412017.826922,3412017.822265625,1.240835516515529
PB20.13.11_Comb25Ch24,3485565.190203,3485565.185546875,1.2559276805078938
PB20.13.11_Comb25Ch25,3633804.325946,3633804.3212890625,1.5009923129573992
PB20.13.11_Comb25Ch26,3667984.013446,3667984.0087890625,1.4874365651418078
PB20.13.11_Comb25Ch27,3734970.09743,3734970.0927734375,1.2723477628252753
PB20.13.11_Comb25Ch28,3858261.113055,3858261.1083984375,1.6387415682036783
PB20.13.11_Comb25Ch29,3992614.75075,3992614.74609375,1.4002174812774095
PB20.13.11_Comb25Ch30,4030990.605243,4030990.6005859375,1.4084137330893536
PB20.13.11_Comb25Ch31,4177551.274188,4177551.26953125,1.0578137380872261
PB20.13.11_Comb25Ch32,4198150.639422,4198150.634765625,1.137440361943041
PB20.13.11_Comb25Ch33,4357681.279071,4357681.2744140625,1.1228719102323184
PB20.13.11_Comb25Ch34,4562606.81618,4562606.8115234375,1.2962534253421185
PB20.13.13_Comb21Ch01,1707992.558368,1707992.5537109375,1.292410183749758
PB20.13.13_Comb21Ch02,1771698.002703,1771697.998046875,1.2329800241625175
PB20.13.13_Comb21Ch03,1791076.664813,1791076.66015625,1.28758898780259
PB20.13.13_Comb21Ch04,1853103.642352,1853103.6376953125,1.2930542899873192
PB20.13.13_Comb21Ch05,1914596.562274,1914596.5576171875,1.299634893355622
PB20.13.13_Comb21Ch06,1978149.418719,1978149.4140625,1.5271058185750521
PB20.13.13_Comb21Ch07,2032470.707782,2032470.703125,1.7965158612488794
PB20.13.13_Comb21Ch08,2085418.705828,2085418.701171875,1.7623905915396347
PB20.13.13_Comb21Ch09,2192611.698993,2192611.6943359375,1.009884700415752
PB20.13.13_Comb21Ch10,2246856.69411,2246856.689453125,1.637737081996143
PB20.13.13_Comb21Ch11,2412414.555438,2412414.55078125,1.5703635608818478
PB20.13.13_Comb21Ch12,2446746.830828,2446746.826171875,1.522045373856973
PB20.13.13_Comb21Ch13,2517852.78786,2517852.783203125,1.3860951382800162
PB20.13.13_Comb21Ch14,2572784.428485,2572784.423828125,1.6530464351571739
PB20.13.13_Comb21Ch15,2685317.997821,NaN,NaN
PB20.13.13_Comb21Ch16,2706451.420672,2706451.416015625,1.8947603986960941
PB20.13.13_Comb21Ch17,2773132.328875,2773132.32421875,1.5142869841468107
PB20.13.13_Comb21Ch18,2866592.411883,2866592.4072265625,1.0597258394362876
PB20.13.13_Comb21Ch19,2952957.157977,2952957.1533203125,1.3373649730569046
PB20.13.13_Comb21Ch20,3010330.204852,3010330.2001953125,1.6193297620571807
PB20.13.13_Comb21Ch21,3177642.826922,3177642.822265625,1.3663429083252339
PB20.13.13_Comb21Ch22,3274383.549578,3274383.544921875,1.3872366748181528
PB20.13.13_Comb21Ch23,3402023.320086,3402023.3154296875,1.3660028333580376
PB20.13.13_Comb21Ch24,3476181.03493,3476181.0302734375,1.2426992094425002
PB20.13.13_Comb21Ch25,3615493.779071,3615493.7744140625,1.7521596371874557
PB20.13.13_Comb21Ch26,3663101.200946,3663101.1962890625,1.745791452497684
PB20.13.13_Comb21Ch27,3727645.87868,3727645.8740234375,1.323552119955668
PB20.13.13_Comb21Ch28,3850021.366961,3850021.3623046875,1.6277059400731122
PB20.13.13_Comb21Ch29,3972930.91286,3972930.908203125,1.5662021479952148
PB20.13.13_Comb21Ch30,4023208.622821,4023208.6181640625,1.736739024598947
PB20.13.13_Comb21Ch31,4159164.433368,4159164.4287109375,1.3375539445837281
PB20.13.13_Comb21Ch32,4196319.584735,4196319.580078125,1.2168154224251586
PB20.13.13_Comb21Ch33,4343109.135516,4343109.130859375,1.2749798942500845
PB20.13.13_Comb21Ch34,4425201.420672,4425201.416015625,1.3537733327117605
PB20.13.13_Comb21Ch35,4529113.774188,4529113.76953125,1.635373570359973
PB20.13.13_Comb21Ch36,4536437.992938,4536437.98828125,1.400110685138817
PB20.13.13_Comb25Ch01,1705551.152118,1705551.1474609375,1.4764013715761293
PB20.13.13_Comb25Ch02,1961669.926532,1961669.921875,1.588030271917041
PB20.13.13_Comb25Ch03,2311172.490008,2311172.4853515625,1.6255302456271945
PB20.13.13_Comb25Ch04,2556076.054461,2556076.0498046875,1.6213598294152034
PB20.13.13_Comb25Ch05,2932357.792743,2932357.7880859375,1.6191720396638511
PB20.13.13_Comb25Ch06,3073196.415789,3073196.4111328125,1.661077606805503
PB20.13.13_Comb25Ch07,3391189.579852,3391189.5751953125,1.683935377824284
PB20.13.13_Comb25Ch08,3925628.666766,3925628.662109375,1.558869005367926
PB20.13.13_Comb25Ch09,4313507.084735,4313507.080078125,1.6906817015342193
PB20.13.28_Comb01Ch01,1697845.463641,1697845.458984375,1.4869454721650386
PB20.13.28_Comb01Ch02,1778335.575946,1778335.5712890625,1.4758470008392002
PB20.13.28_Comb01Ch03,1789550.785907,1789550.78125,2.4737795911304072
PB20.13.28_Comb01Ch04,1857299.809344,1857299.8046875,1.3969122085506664
PB20.13.28_Comb01Ch05,1911926.274188,1911926.26953125,1.5132573040088364
PB20.13.28_Comb01Ch06,1979827.885516,1979827.880859375,1.869634676521159
PB20.13.28_Comb01Ch07,2087554.936297,2087554.931640625,1.9115088466037153
PB20.13.28_Comb01Ch08,2123489.384539,2123489.3798828125,1.7118965323069124
PB20.13.28_Comb01Ch09,2183456.425555,2183456.4208984375,1.0989552197385761
PB20.13.28_Comb01Ch10,2233047.490008,2233047.4853515625,1.84460374604504
PB20.13.28_Comb01Ch11,2313690.190203,2313690.185546875,1.7290995881557685
PB20.13.28_Comb01Ch12,2438507.084735,2438507.080078125,1.695854582847487
PB20.13.28_Comb01Ch13,2526855.473407,2526855.46875,1.5371198062210587
PB20.13.28_Comb01Ch14,2581100.468524,2581100.4638671875,1.9035656566979384
PB20.13.28_Comb01Ch15,2694091.801532,2694091.796875,1.699641370295603
PB20.13.28_Comb01Ch16,2707672.123797,2707672.119140625,2.0642716376153873
PB20.13.28_Comb01Ch17,2777252.201922,2777252.197265625,1.7889470624094923
PB20.13.28_Comb01Ch18,2868881.230243,2868881.2255859375,1.1407915452892377
PB20.13.28_Comb01Ch19,2942428.593524,2942428.5888671875,1.703458399863362
PB20.13.28_Comb01Ch20,2997970.585711,2997970.5810546875,2.007044862649989
PB20.13.28_Comb01Ch21,3112869.267352,3112869.2626953125,2.08253036334241
PB20.13.28_Comb01Ch22,3175354.008563,3175354.00390625,1.7444705102855513
PB20.13.28_Comb01Ch23,3295211.796649,3295211.7919921875,1.2773702775315154
PB20.13.28_Comb01Ch24,3303680.424578,3303680.419921875,1.5678954327445334
PB20.13.28_Comb01Ch25,3396987.919696,3396987.9150390625,1.6582429927662268
PB20.13.28_Comb01Ch26,3484649.66286,3484649.658203125,1.479562447060227
PB20.13.28_Comb01Ch27,3732376.103289,3732376.0986328125,1.4505803672338342
PB20.13.28_Comb01Ch28,3841705.326922,3841705.322265625,2.1267761272275045
PB20.13.28_Comb01Ch29,4001998.906024,4001998.9013671875,2.5306807333184733
PB20.13.28_Comb01Ch30,4042968.754657,4042968.75,2.051638675367073
PB20.13.28_Comb01Ch31,4183578.495868,4183578.4912109375,1.8221036911861868
PB20.13.28_Comb01Ch32,4203643.803485,4203643.798828125,1.3840400150172334
PB20.13.28_Comb01Ch33,4339447.026141,4339447.021484375,1.8556331323197575
PB20.13.28_Comb01Ch34,4442825.322039,4442825.3173828125,1.7121004955437014
PB20.13.28_Comb01Ch35,4574890.141375,4574890.13671875,2.1139370046644332
PB20.13.12_Comb20Ch01,1726379.399188,1726379.39453125,1.292151294200294
PB20.13.12_Comb20Ch02,1780700.68825,1780700.68359375,1.8390508191055275
PB20.13.12_Comb20Ch03,1836547.856219,1836547.8515625,1.3239016441976994
PB20.13.12_Comb20Ch04,1879959.111102,1879959.1064453125,1.4846352538651442
PB20.13.12_Comb20Ch05,1937332.157977,1937332.1533203125,1.6237820549187827
PB20.13.12_Comb20Ch06,1993637.089618,1993637.0849609375,1.5820739088386715
PB20.13.12_Comb20Ch07,2053298.954852,2053298.9501953125,1.5742941390684355
PB20.13.12_Comb20Ch08,2104873.661883,2104873.6572265625,3.7266269859727568
PB20.13.12_Comb20Ch09,2167129.521258,2167129.5166015625,1.074469589129675
PB20.13.12_Comb20Ch10,2228469.853289,2228469.8486328125,1.9356870321290254
PB20.13.12_Comb20Ch11,2356109.623797,2356109.619140625,2.902370890954429
PB20.13.12_Comb20Ch12,2415313.72536,2415313.720703125,1.5901542245926845
PB20.13.12_Comb20Ch13,2488021.855243,2488021.8505859375,1.5493870451113358
PB20.13.12_Comb20Ch14,2548751.835711,2548751.8310546875,1.6812397993399792
PB20.13.12_Comb20Ch15,2620239.262469,2620239.2578125,1.3527499301863737
PB20.13.12_Comb20Ch16,2705459.599383,2705459.5947265625,1.622005861070114
PB20.13.12_Comb20Ch17,2844238.285907,2844238.28125,1.1641333785350174
PB20.13.12_Comb20Ch18,3043975.834735,3043975.830078125,1.7151206880933907
PB20.13.12_Comb20Ch19,3215255.741961,3215255.7373046875,1.4976937996853739
PB20.13.12_Comb20Ch20,3304443.364032,3304443.359375,1.321244280046135
PB20.13.12_Comb20Ch21,3361053.471453,3361053.466796875,1.6746903822886703
PB20.13.12_Comb20Ch22,3458328.251727,3458328.2470703125,1.3557745938345869
PB20.13.12_Comb20Ch23,3538131.718524,3538131.7138671875,2.8733992268631736
PB20.13.12_Comb20Ch24,3624801.640399,3624801.6357421875,1.7326771806883667
PB20.13.12_Comb20Ch25,3705291.752703,3705291.748046875,1.556391677714032
PB20.13.12_Comb20Ch26,3793258.671649,3793258.6669921875,2.891620101705457
PB20.13.12_Comb20Ch27,3890151.982196,3890151.9775390625,1.7280019850074846
PB20.13.12_Comb20Ch28,3991012.577899,3991012.5732421875,1.7037844253230654
PB20.13.12_Comb20Ch29,4075317.387469,4075317.3828125,1.5503871845244253
PB20.13.12_Comb20Ch30,4187622.074969,4187622.0703125,1.4185398517154164
PB20.13.12_Comb20Ch31,4274978.642352,4274978.6376953125,1.449640077424842
PB20.13.12_Comb20Ch32,4356994.633563,4356994.62890625,1.3891324151632158
PB20.13.12_Comb20Ch33,4488449.101336,4488449.0966796875,1.9883727638579454
