Name,Nominal Frequency,Actual Frequency,Resistance
PB20.13.28_Comb21Ch15,2355499.272235,2355499.267578125,459.012777235708
PB20.13.11_Comb11Ch15,2443618.779071,2443618.7744140625,458.278754782776
PB20.13.28_Comb05Ch15,2493362.431414,2493362.4267578125,14.293121070046858
PB20.13.12_Comb12Ch15,2375030.522235,2375030.517578125,75.39982844525461
PB20.13.15_Comb24Ch15,2748413.090594,2748413.0859375,152.35909785525857
PB20.13.10_Comb22Ch15,3399124.150164,3399124.1455078125,1.4269649142569576
PB20.13.15_Comb08Ch15,2433624.272235,2433624.267578125,152.8237147814442
PB20.13.11_Comb15Ch15,2535552.983172,2535552.978515625,458.40608352086315
PB20.13.15_Comb13Ch15,2409210.209735,2409210.205078125,50.993403007377125
PB20.13.13_Comb07Ch15,2553558.354266,2553558.349609375,91.61120439210423
PB20.13.28_Comb17Ch15,2413482.670672,2413482.666015625,5.098427964984956
PB20.13.28_Comb29Ch15,2708053.593524,2708053.5888671875,3.270436532717397
PB20.13.12_Comb29Ch15,2419052.12868,2419052.1240234375,7.077845984503097
PB20.13.10_Comb13Ch15,2841033.940203,2841033.935546875,30.47507689129535
PB20.13.31_Comb09Ch15,2489471.440203,2489471.435546875,19.081260436507893
PB20.13.13_Comb24Ch15,2477264.408953,2477264.404296875,0.5333203937713036
PB20.13.31_Comb17Ch15,2512435.917743,2512435.9130859375,10.42583162835897
PB20.13.13_Comb05Ch15,2411422.734149,2411422.7294921875,152.96603610971616
PB20.13.10_Comb16Ch15,2723007.206805,2723007.2021484375,7.599959646454075
PB20.13.10_Comb24Ch15,2365341.19118,2365341.1865234375,145.093081979456
PB20.13.12_Comb19Ch15,2483978.276141,2483978.271484375,57.306731947735706
PB20.13.12_Comb23Ch15,2408676.152118,2408676.1474609375,0.7824965258613769
PB20.13.10_Comb28Ch15,2397232.060321,2397232.0556640625,21.84052373101795
PB20.13.10_Comb26Ch15,2360229.496844,2360229.4921875,324.50710963210986
PB20.13.28_Comb23Ch15,2391891.484149,2391891.4794921875,19.907993597978404
PB20.13.28_Comb04Ch15,2713851.933368,2713851.9287109375,228.87928330500756
PB20.13.15_Comb26Ch15,2410812.382586,2410812.3779296875,50.678113763154194
PB20.13.10_Comb18Ch15,3134994.511493,3134994.5068359375,113.98448398679508
PB20.13.15_Comb10Ch15,2376098.637469,2376098.6328125,32.67523735400045
PB20.13.31_Comb12Ch15,2396316.532977,2396316.5283203125,144.90557215696853
PB20.13.10_Comb01Ch15,2410964.970477,2410964.9658203125,6.5558129396041895
PB20.13.12_Comb09Ch15,2411880.497821,2411880.4931640625,26.94690817296106
PB20.13.28_Comb30Ch15,2561111.454852,2561111.4501953125,204.7831661461397
PB20.13.31_Comb21Ch15,2461929.325946,2461929.3212890625,45.8880008839824
PB20.13.11_Comb13Ch15,2463150.029071,2463150.0244140625,145.10314360134817
PB20.13.15_Comb04Ch15,2377929.692157,2377929.6875,56.880315885786636
PB20.13.28_Comb24Ch15,2402267.460711,2402267.4560546875,153.02467040105242
PB20.13.12_Comb27Ch15,2550964.360125,2550964.35546875,1.4138263811115919
PB20.13.31_Comb03Ch15,2550430.302508,2550430.2978515625,45.81168605285073
PB20.13.31_Comb06Ch15,2477874.760516,2477874.755859375,162.12964109422697
PB20.13.12_Comb01Ch15,2845993.046649,2845993.0419921875,32.64484104397259
PB20.13.11_Comb06Ch15,2355804.448016,2355804.443359375,75.46027682264547
PB20.13.10_Comb02Ch15,2405624.394305,2405624.3896484375,24.12500501260867
PB20.13.10_Comb17Ch15,2558822.636493,2558822.6318359375,7.154651897652827
PB20.13.13_Comb02Ch15,2486038.212664,2486038.2080078125,5.037212516350639
PB20.13.13_Comb19Ch15,2621231.083758,2621231.0791015625,75.2429824919788
PB20.13.28_Comb26Ch15,2374572.758563,2374572.75390625,21.84038147372265
PB20.13.12_Comb08Ch15,2379913.334735,2379913.330078125,205.06791555257817
PB20.13.10_Comb19Ch15,2498092.656024,2498092.6513671875,56.830331976357364
PB20.13.28_Comb06Ch15,2395629.887469,2395629.8828125,144.9097326333091
PB20.13.12_Comb25Ch15,2493362.431414,2493362.4267578125,0.5494836436391017
PB20.13.15_Comb07Ch15,3283233.647235,3283233.642578125,7.120493210961922
PB20.13.13_Comb23Ch15,2562255.864032,2562255.859375,16.35310040967706
PB20.13.13_Comb30Ch15,2560195.927508,2560195.9228515625,1.9819032939534549
PB20.13.12_Comb03Ch15,2393569.950946,2393569.9462890625,229.14213834852183
PB20.13.31_Comb07Ch15,2536087.040789,2536087.0361328125,458.3957049448762
PB20.13.10_Comb07Ch15,2416534.428485,2416534.423828125,50.97776153726029
PB20.13.13_Comb29Ch15,2625503.544696,2625503.5400390625,0.42528015931798785
PB20.13.13_Comb27Ch15,2397689.823993,2397689.8193359375,1.7389971081687547
PB20.13.13_Comb17Ch15,2481155.400164,2481155.3955078125,4.956558410040105
PB20.13.13_Comb26Ch15,2482604.985125,2482604.98046875,16.96912140932509
PB20.13.15_Comb20Ch15,2410964.970477,2410964.9658203125,152.9689685907644
PB20.13.12_Comb28Ch15,2537231.449969,2537231.4453125,1.2983781584267708
PB20.13.28_Comb22Ch15,2454147.343524,2454147.3388671875,85.23978474437703
PB20.13.10_Comb15Ch15,3081054.692157,3081054.6875,89.44547624277483
PB20.13.13_Comb12Ch15,2485580.448993,2485580.4443359375,0.5884730529936602
PB20.13.11_Comb18Ch15,2375564.579852,2375564.5751953125,50.64710382938105
PB20.13.10_Comb03Ch15,4236297.612078,4236297.607421875,62.35457663244391
PB20.13.11_Comb22Ch15,2358703.617938,2358703.61328125,229.47576336805415
PB20.13.31_Comb01Ch15,2507553.105243,2507553.1005859375,0.4261365106312525
PB20.13.10_Comb25Ch15,2445449.833758,2445449.8291015625,0.8604104589000078
PB20.13.13_Comb22Ch15,3123931.889422,3123931.884765625,227.6155129944223
PB20.13.28_Comb10Ch15,2509613.041766,2509613.037109375,41.54774461868934
PB20.13.12_Comb15Ch15,2368087.773211,2368087.7685546875,91.75441598837476
PB20.13.28_Comb12Ch15,2416458.134539,2416458.1298828125,324.42152497188783
PB20.13.13_Comb28Ch15,2481002.812274,2481002.8076171875,2.952964887430292
PB20.13.15_Comb28Ch15,2398986.821063,2398986.81640625,41.73972903891741
PB20.13.15_Comb29Ch15,2416229.252703,2416229.248046875,30.519302558149434
PB20.13.15_Comb05Ch15,2470169.072039,2470169.0673828125,2.226793519153852
PB20.13.28_Comb07Ch15,2485809.330828,2485809.326171875,91.68368841672942
PB20.13.28_Comb03Ch15,2470474.247821,2470474.2431640625,35.285762977211114
PB20.13.12_Comb18Ch15,2420425.419696,2420425.4150390625,1.8858262011681388
PB20.13.10_Comb08Ch15,3769226.078875,3769226.07421875,146.62416590403012
PB20.13.31_Comb05Ch15,2653503.422625,2653503.41796875,152.6666801187214
PB20.13.12_Comb24Ch15,2415695.195086,2415695.1904296875,0.6302393623717752
PB20.13.12_Comb26Ch15,2516555.790789,2516555.7861328125,3.2409320222771045
PB20.13.11_Comb21Ch15,2317962.651141,2317962.646484375,38.230799670962746
PB20.13.12_Comb04Ch15,2345581.059344,2345581.0546875,145.21251251968212
PB20.13.10_Comb14Ch15,2373199.467547,2373199.462890625,89.95342875460686
PB20.13.31_Comb04Ch15,4171524.052508,4171524.0478515625,4.96971152860341
PB20.13.10_Comb09Ch15,2385711.674578,2385711.669921875,229.21739419884605
PB20.13.10_Comb12Ch15,3230056.767352,3230056.7626953125,113.74387639873306
PB20.13.13_Comb09Ch15,2419128.422625,2419128.41796875,25.44687049633842
PB20.13.13_Comb01Ch15,2565765.385516,2565765.380859375,15.81959806986385
PB20.13.11_Comb01Ch15,2355575.56618,2355575.5615234375,111.32659716040509
PB20.13.11_Comb02Ch15,2500228.886493,2500228.8818359375,91.62788725182372
PB20.13.10_Comb30Ch15,2534484.867938,2534484.86328125,19.08455905235678
PB20.13.10_Comb06Ch15,2360305.790789,2360305.7861328125,22.917415956690682
PB20.13.10_Comb23Ch15,2393112.187274,2393112.1826171875,91.65860926952467
PB20.13.12_Comb16Ch15,2422027.592547,2422027.587890625,45.6417821275663
PB20.13.15_Comb17Ch15,2414474.491961,2414474.4873046875,114.70986313569134
PB20.13.11_Comb04Ch15,2380447.392352,2380447.3876953125,114.63389403866947
PB20.13.11_Comb25Ch15,2763977.055438,2763977.05078125,11.73620714911119
PB20.13.13_Comb18Ch15,2539443.974383,2539443.9697265625,324.0885774808197
PB20.13.13_Comb21Ch15,2671432.499774,2671432.4951171875,110.99598364740879
PB20.13.13_Comb10Ch15,2590866.093524,2590866.0888671875,89.875810749588
PB20.13.10_Comb11Ch15,3990097.050555,3990097.0458984375,475.7317204070805
PB20.13.12_Comb06Ch15,2368621.830828,2368621.826171875,32.68542948380469
PB20.13.12_Comb17Ch15,2405319.218524,2405319.2138671875,153.00512922865838
PB20.13.11_Comb14Ch15,2419128.422625,2419128.41796875,16.80729890458313
PB20.13.11_Comb19Ch15,2505950.932391,2505950.927734375,50.89207322237598
PB20.13.28_Comb01Ch15,2670516.97243,2670516.9677734375,57.20826731479215
PB20.13.10_Comb10Ch15,2485885.624774,2485885.6201171875,38.20141387028572
PB20.13.13_Comb14Ch15,2446670.536883,2446670.5322265625,144.9018830107246
PB20.13.10_Comb27Ch15,2407760.624774,2407760.6201171875,19.057628875646405
PB20.13.10_Comb29Ch15,2386627.201922,2386627.197265625,91.22844382451085
PB20.13.12_Comb20Ch15,2621536.259539,2621536.2548828125,13.076549358283037
