Name,Nominal Frequency,Actual Frequency,Resistance
PB20.13.28_Comb05Ch01,1694564.823993,1694564.8193359375,1.6540648537437854
PB20.13.28_Comb05Ch02,1748046.879657,1748046.875,1.4949705175728762
PB20.13.28_Comb05Ch03,1784591.679461,1784591.6748046875,2.250411701551999
PB20.13.28_Comb05Ch04,1846771.244891,1846771.240234375,1.3784719300220811
PB20.13.28_Comb05Ch05,1901016.240008,1901016.2353515625,1.5627056999844675
PB20.13.28_Comb05Ch06,1958465.580828,1958465.576171875,1.7411230785697946
PB20.13.28_Comb05Ch07,2012786.869891,2012786.865234375,1.7321891697579854
PB20.13.28_Comb05Ch08,2073669.43825,2073669.43359375,1.6311352208183825
PB20.13.28_Comb05Ch09,2120437.626727,2120437.6220703125,2.976943370617393
PB20.13.28_Comb05Ch10,2189559.94118,2189559.9365234375,1.0630873979403412
PB20.13.28_Comb05Ch11,2234573.368914,2234573.3642578125,1.7606199034453676
PB20.13.28_Comb05Ch12,2304229.740985,NaN,NaN
PB20.13.28_Comb05Ch13,2381668.095477,2381668.0908203125,2.4094888712075675
PB20.13.28_Comb05Ch14,2439346.318133,2439346.3134765625,1.6173895267095364
PB20.13.28_Comb05Ch15,2500686.650164,2500686.6455078125,1.6383562693461642
PB20.13.28_Comb05Ch16,2557678.227313,2557678.22265625,1.7540376244749851
PB20.13.28_Comb05Ch17,2650299.076922,2650299.072265625,1.5369363032030294
PB20.13.28_Comb05Ch18,2697677.616961,2697677.6123046875,1.7172475982965398
PB20.13.28_Comb05Ch19,2757339.482196,2757339.4775390625,2.46864808544501
PB20.13.28_Comb05Ch20,2859268.193133,2859268.1884765625,1.1562664765610267
PB20.13.28_Comb05Ch21,2918624.882586,2918624.8779296875,1.8274402403505763
PB20.13.28_Comb05Ch22,2985229.496844,2985229.4921875,2.463799452647514
PB20.13.28_Comb05Ch23,3073120.121844,3073120.1171875,1.7763190333726617
PB20.13.28_Comb05Ch24,3147811.894305,3147811.8896484375,1.4907565026717362
PB20.13.28_Comb05Ch25,3244476.323016,3244476.318359375,1.7690547576922415
PB20.13.28_Comb05Ch26,3291931.157,3291931.15234375,1.3603929663259178
PB20.13.28_Comb05Ch27,3375778.202899,3375778.1982421875,1.490085425940095
PB20.13.28_Comb05Ch28,3462829.5945,3462829.58984375,1.3921633377839762
PB20.13.28_Comb05Ch29,3577575.68825,3577575.68359375,2.4671448177825805
PB20.13.28_Comb05Ch30,3642959.599383,3642959.5947265625,1.8996767446994325
PB20.13.28_Comb05Ch31,3715209.965594,3715209.9609375,1.378768199275102
PB20.13.28_Comb05Ch32,3814086.918719,3814086.9140625,2.9279485110796077
PB20.13.28_Comb05Ch33,3921966.557391,3921966.552734375,1.9853584628482783
PB20.13.28_Comb05Ch34,3998870.854266,3998870.849609375,1.6844704413427087
PB20.13.28_Comb05Ch35,4118499.760516,4118499.755859375,1.8166894255443642
PB20.13.28_Comb05Ch36,4185333.25661,4185333.251953125,1.4168946107812963
PB20.13.28_Comb05Ch37,4296340.947039,4296340.9423828125,1.6202237824400394
PB20.13.28_Comb05Ch38,4392547.612078,4392547.607421875,1.4340348910428737
PB20.13.28_Comb05Ch39,4507675.175555,4507675.1708984375,1.9899890914886045
PB20.13.11_Comb15Ch01,1666412.358172,1666412.353515625,1.879321212559629
PB20.13.11_Comb15Ch02,1698455.815203,1698455.810546875,1.3539709989612363
PB20.13.11_Comb15Ch03,1729812.626727,1729812.6220703125,2.507828187827516
PB20.13.11_Comb15Ch04,1856307.988055,1856307.9833984375,1.348390702843989
PB20.13.11_Comb15Ch05,1912765.507586,1912765.5029296875,5.849882626538964
PB20.13.11_Comb15Ch06,1954269.413836,1954269.4091796875,1.5900371766650168
PB20.13.11_Comb15Ch07,2071914.677508,2071914.6728515625,1.9234328327983001
PB20.13.11_Comb15Ch08,2126388.554461,2126388.5498046875,1.0393071956655402
PB20.13.11_Comb15Ch09,2196044.926532,2196044.921875,2.0389878196356235
PB20.13.11_Comb15Ch10,2258682.255633,2258682.2509765625,1.9936279202966962
PB20.13.11_Comb15Ch11,2316589.360125,2316589.35546875,1.88165377787118
PB20.13.11_Comb15Ch12,2368545.536883,2368545.5322265625,1.826102138976496
PB20.13.11_Comb15Ch13,2428665.165789,2428665.1611328125,1.7286470905624987
PB20.13.11_Comb15Ch14,2484970.09743,2484970.0927734375,2.72997892927298
PB20.13.11_Comb15Ch15,2584228.520282,2584228.515625,1.45462267103575
PB20.13.11_Comb15Ch16,2610321.049578,2610321.044921875,3.203845759028402
PB20.13.11_Comb15Ch17,2683944.706805,2683944.7021484375,2.763745195297114
PB20.13.11_Comb15Ch18,2769012.455828,2769012.451171875,1.105081615519973
PB20.13.11_Comb15Ch19,2855682.377703,2855682.373046875,1.5470173962583202
PB20.13.11_Comb15Ch20,2914123.539813,2914123.53515625,2.7967438747817646
PB20.13.11_Comb15Ch21,2996521.00075,2996520.99609375,1.8605670963477672
PB20.13.11_Comb15Ch22,3089904.789813,3089904.78515625,1.3249713944111454
PB20.13.11_Comb15Ch23,3152008.061297,3152008.056640625,1.817008864118185
PB20.13.11_Comb15Ch24,3193435.673602,3193435.6689453125,3.006958311101112
PB20.13.11_Comb15Ch25,3295745.854266,3295745.849609375,2.452089152701925
PB20.13.11_Comb15Ch26,3367233.281024,3367233.2763671875,2.269662914877331
PB20.13.11_Comb15Ch27,3487701.420672,3487701.416015625,2.0383164813594625
PB20.13.11_Comb15Ch28,3542251.591571,3542251.5869140625,1.9382076926814156
PB20.13.11_Comb15Ch29,3618469.242938,3618469.23828125,3.004201283892177
PB20.13.11_Comb15Ch30,3732604.985125,3732604.98046875,2.579662465744833
PB20.13.11_Comb15Ch31,3832778.935321,3832778.9306640625,1.7011462586367017
PB20.13.11_Comb15Ch32,3890533.451922,3890533.447265625,2.239781960663599
PB20.13.11_Comb15Ch33,4011840.824969,4011840.8203125,2.381204089741412
PB20.13.11_Comb15Ch34,4070816.044696,4070816.0400390625,1.454718584927661
PB20.13.11_Comb15Ch35,4202575.68825,4202575.68359375,1.2856503910610495
PB20.13.11_Comb15Ch36,4281387.333758,4281387.3291015625,1.145799302462185
PB20.13.11_Comb15Ch37,4392318.730243,4392318.7255859375,1.9553249704927231
PB20.13.11_Comb15Ch38,4407730.107196,4407730.1025390625,1.5830789349926357
PB20.13.15_Comb13Ch01,1633148.198016,1633148.193359375,1.4476973491214598
PB20.13.15_Comb13Ch02,1679611.210711,1679611.2060546875,1.4914891303458562
PB20.13.15_Comb13Ch03,1735687.260516,1735687.255859375,1.4976572618276645
PB20.13.15_Comb13Ch04,1785507.206805,1785507.2021484375,1.5068373296290627
PB20.13.15_Comb13Ch05,1824874.882586,1824874.8779296875,1.4669813042396176
PB20.13.15_Comb13Ch06,1881713.871844,1881713.8671875,1.8315577484144068
PB20.13.15_Comb13Ch07,1944732.670672,1944732.666015625,1.7713680330390857
PB20.13.15_Comb13Ch08,1996765.141375,1996765.13671875,1.7478275852518648
PB20.13.15_Comb13Ch09,2045516.97243,2045516.9677734375,1.7621656304677489
PB20.13.15_Comb13Ch10,2106399.540789,2106399.5361328125,1.0402230848984093
PB20.13.15_Comb13Ch11,2160949.711688,2160949.70703125,1.7722618169085176
PB20.13.15_Comb13Ch12,2221450.810321,2221450.8056640625,1.7593943370783554
PB20.13.15_Comb13Ch13,2297210.698016,2297210.693359375,1.7812122053576882
PB20.13.15_Comb13Ch14,2345733.647235,2345733.642578125,1.8133223716201807
PB20.13.15_Comb13Ch15,2426605.229266,2426605.224609375,1.4917260931969647
PB20.13.15_Comb13Ch16,2484054.570086,2484054.5654296875,1.8238583062368607
PB20.13.15_Comb13Ch17,2542800.907977,2542800.9033203125,1.5629135991317515
PB20.13.15_Comb13Ch18,2625732.426532,2625732.421875,1.769479660464845
PB20.13.15_Comb13Ch19,2757644.657977,2757644.6533203125,1.0337794707317898
PB20.13.15_Comb13Ch20,2813949.589618,2813949.5849609375,1.495046255299774
PB20.13.15_Comb13Ch21,2972869.877703,2972869.873046875,1.7778876121600817
PB20.13.15_Comb13Ch22,3030090.336688,3030090.33203125,1.5020567259686766
PB20.13.15_Comb13Ch23,3134231.572039,3134231.5673828125,1.4375013035152557
PB20.13.15_Comb13Ch24,3210525.517352,3210525.5126953125,1.5510825118913876
PB20.13.15_Comb13Ch25,3280029.301532,3280029.296875,1.4391410160080016
PB20.13.15_Comb13Ch26,3374252.323993,3374252.3193359375,1.4085046645446422
PB20.13.15_Comb13Ch27,3440780.644305,3440780.6396484375,1.8683397084346314
PB20.13.15_Comb13Ch28,3536529.545672,3536529.541015625,1.8489637637790368
PB20.13.15_Comb13Ch29,3614883.427508,3614883.4228515625,1.3976844809608338
PB20.13.15_Comb13Ch30,3698425.297625,3698425.29296875,1.9268342591781824
PB20.13.15_Comb13Ch31,3791046.147235,3791046.142578125,1.8488286682620807
PB20.13.15_Comb13Ch32,3896484.379657,3896484.375,1.7366014891243353
PB20.13.15_Comb13Ch33,3964920.048602,3964920.0439453125,1.3864883126018752
PB20.13.15_Comb13Ch34,4079284.672625,4079284.66796875,1.44674084103442
PB20.13.15_Comb13Ch35,4161148.075946,4161148.0712890625,1.3573040416120172
PB20.13.15_Comb13Ch36,4263916.020282,4263916.015625,1.2862844605475063
PB20.13.15_Comb13Ch37,4338378.910907,4338378.90625,2.0455967143850935
PB20.13.15_Comb13Ch38,4376983.647235,4376983.642578125,1.868777405910893
PB20.13.13_Comb07Ch01,1651687.626727,1651687.6220703125,1.2267733654714295
PB20.13.13_Comb07Ch02,1690444.950946,1690444.9462890625,1.228687895062559
PB20.13.13_Comb07Ch03,1735229.496844,1735229.4921875,1.337715730733931
PB20.13.13_Comb07Ch04,1789779.667743,1789779.6630859375,1.2687853581885873
PB20.13.13_Comb07Ch05,1840286.259539,1840286.2548828125,1.3224015547322137
PB20.13.13_Comb07Ch06,1902771.00075,1902770.99609375,1.5022984884926216
PB20.13.13_Comb07Ch07,1951370.243914,1951370.2392578125,1.5349906149294112
PB20.13.13_Comb07Ch08,2010955.815203,2010955.810546875,1.5512482600536555
PB20.13.13_Comb07Ch09,2115173.3445,2115173.33984375,1.0019326134166837
PB20.13.13_Comb07Ch10,2244644.169696,2244644.1650390625,1.4386673279840854
PB20.13.13_Comb07Ch11,2307128.910907,2307128.90625,1.502682062395848
PB20.13.13_Comb07Ch12,2363128.666766,2363128.662109375,1.5110444386520983
PB20.13.13_Comb07Ch13,2427978.520282,2427978.515625,1.3293855112989845
PB20.13.13_Comb07Ch14,2488098.149188,2488098.14453125,1.5820617174783325
PB20.13.13_Comb07Ch15,2568817.143328,2568817.138671875,1.2484417475330178
PB20.13.13_Comb07Ch16,2619781.498797,2619781.494140625,1.7510046937648693
PB20.13.13_Comb07Ch17,2693634.03786,2693634.033203125,1.4775955730829609
PB20.13.13_Comb07Ch18,2771224.980243,2771224.9755859375,1.0099986108777848
PB20.13.13_Comb07Ch19,2916946.415789,2916946.4111328125,1.489196256441078
PB20.13.13_Comb07Ch20,2989959.721453,2989959.716796875,1.5192825167193742
PB20.13.13_Comb07Ch21,3060226.445086,3060226.4404296875,1.2416190724257117
PB20.13.13_Comb07Ch22,3144912.724383,3144912.7197265625,1.3019714490439327
PB20.13.13_Comb07Ch23,3210678.105243,3210678.1005859375,1.336451615131653
PB20.13.13_Comb07Ch24,3375625.615008,NaN,NaN
PB20.13.13_Comb07Ch25,3473205.571063,3473205.56640625,1.6322271823844572
PB20.13.13_Comb07Ch26,3540878.300555,3540878.2958984375,1.7500776941721454
PB20.13.13_Comb07Ch27,3818283.085711,3818283.0810546875,1.6568662571468036
PB20.13.13_Comb07Ch28,3895492.558368,3895492.5537109375,1.7281769643794653
PB20.13.13_Comb07Ch29,3997802.739032,3997802.734375,1.226951506080889
PB20.13.13_Comb07Ch30,4080734.257586,4080734.2529296875,1.238600371887815
PB20.13.13_Comb07Ch31,4274444.584735,4274444.580078125,1.097319906857187
PB20.13.13_Comb07Ch32,4389266.97243,4389266.9677734375,1.4276162224813906
PB20.13.13_Comb07Ch33,4382705.693133,4382705.6884765625,1.7355735573779443
PB20.13.28_Comb17Ch01,1645278.935321,1645278.9306640625,1.6007559632440225
PB20.13.28_Comb17Ch02,1683502.201922,1683502.197265625,1.3209006512664891
PB20.13.28_Comb17Ch03,1732711.796649,1732711.7919921875,2.678040215828495
PB20.13.28_Comb17Ch04,1790618.901141,1790618.896484375,1.3704204209273363
PB20.13.28_Comb17Ch05,1838836.674578,1838836.669921875,1.5491895244343492
PB20.13.28_Comb17Ch06,1897430.424578,1897430.419921875,1.6509780968050052
PB20.13.28_Comb17Ch07,1944046.025164,1944046.0205078125,2.0827373113891716
PB20.13.28_Comb17Ch08,2009429.936297,2009429.931640625,2.049976533959755
PB20.13.28_Comb17Ch09,2064666.752703,2064666.748046875,1.5929723326627692
PB20.13.28_Comb17Ch10,2122802.739032,2122802.734375,1.0287517671423658
PB20.13.28_Comb17Ch11,2180099.491961,2180099.4873046875,2.0904579551451117
PB20.13.28_Comb17Ch12,2240295.414813,2240295.41015625,1.564227428546707
PB20.13.28_Comb17Ch13,2299728.398211,2299728.3935546875,4.464406117344738
PB20.13.28_Comb17Ch14,2365417.485125,2365417.48046875,1.6829971784044009
PB20.13.28_Comb17Ch15,2422409.062274,2422409.0576171875,1.7869795866448233
PB20.13.28_Comb17Ch16,2477416.996844,2477416.9921875,1.8509833611035014
PB20.13.28_Comb17Ch17,2560272.221453,2560272.216796875,2.0195944075228303
PB20.13.28_Comb17Ch18,2614593.510516,2614593.505859375,2.487675787280143
PB20.13.28_Comb17Ch19,2685470.585711,2685470.5810546875,1.658311585946881
PB20.13.28_Comb17Ch20,2772903.447039,2772903.4423828125,1.060380691689783
PB20.13.28_Comb17Ch21,2836380.009539,2836380.0048828125,1.7561363014655884
PB20.13.28_Comb17Ch22,2975158.696063,2975158.69140625,1.784218554341008
PB20.13.28_Comb17Ch23,3050079.35036,3050079.345703125,2.433289803319922
PB20.13.28_Comb17Ch24,3134994.511493,3134994.5068359375,1.891673963360174
PB20.13.28_Comb17Ch25,3203277.592547,3203277.587890625,1.6977238390545324
PB20.13.28_Comb17Ch26,3282241.825946,3282241.8212890625,1.7779118571920407
PB20.13.28_Comb17Ch27,3363494.877703,3363494.873046875,1.395091525526049
PB20.13.28_Comb17Ch28,3463287.358172,NaN,NaN
PB20.13.28_Comb17Ch29,3533630.37575,3533630.37109375,2.8870440308858756
PB20.13.28_Comb17Ch30,3617935.185321,3617935.1806640625,1.8346061181994981
PB20.13.28_Comb17Ch31,3799972.538836,3799972.5341796875,1.7908819397734586
PB20.13.28_Comb17Ch32,3883209.233172,3883209.228515625,2.244774736585511
PB20.13.28_Comb17Ch33,3987274.174578,3987274.169921875,1.5904699938558005
PB20.13.28_Comb17Ch34,4073333.744891,4073333.740234375,1.402780229272144
PB20.13.28_Comb17Ch35,4175491.337664,4175491.3330078125,1.5108621597666927
PB20.13.28_Comb17Ch36,4253387.455828,4253387.451171875,1.1989210707827527
PB20.13.28_Comb17Ch37,4370651.249774,4370651.2451171875,3.56991242842906
PB20.13.28_Comb17Ch38,4379959.111102,4379959.1064453125,1.9370633659002179
PB20.13.12_Comb29Ch01,1593475.346453,1593475.341796875,1.3120505571188614
PB20.13.12_Comb29Ch02,1651992.802508,1651992.7978515625,1.6394709768791185
PB20.13.12_Comb29Ch03,1693725.590594,1693725.5859375,1.3718561063134078
PB20.13.12_Comb29Ch04,1804351.811297,1804351.806640625,1.510265868639404
PB20.13.12_Comb29Ch05,1849899.296649,1849899.2919921875,2.026234897629489
PB20.13.12_Comb29Ch06,1902084.355243,1902084.3505859375,1.5370900322861403
PB20.13.12_Comb29Ch07,1962814.335711,1962814.3310546875,1.2395937489513034
PB20.13.12_Comb29Ch08,1999359.135516,1999359.130859375,1.2674245448812878
PB20.13.12_Comb29Ch09,2077560.429461,2077560.4248046875,0.9852605501858787
PB20.13.12_Comb29Ch10,2110366.825946,2110366.8212890625,1.2402500459345136
PB20.13.12_Comb29Ch11,2181320.195086,2181320.1904296875,1.4002450328984668
PB20.13.12_Comb29Ch12,2254714.970477,2254714.9658203125,1.4367265338346682
PB20.13.12_Comb29Ch13,2301788.334735,2301788.330078125,1.982275514412797
PB20.13.12_Comb29Ch14,2376251.22536,2376251.220703125,1.6893744615179525
PB20.13.12_Comb29Ch15,2416687.016375,2416687.01171875,2.0468819238586176
PB20.13.12_Comb29Ch16,2512130.741961,2512130.7373046875,1.5293567078678987
PB20.13.12_Comb29Ch17,2549133.305438,2549133.30078125,1.2841649528953136
PB20.13.12_Comb29Ch18,2607803.349383,2607803.3447265625,1.2466261289432707
PB20.13.12_Comb29Ch19,2715911.869891,2715911.865234375,0.9377176688435371
PB20.13.12_Comb29Ch20,2771530.156024,2771530.1513671875,1.299876835868677
PB20.13.12_Comb29Ch21,2817459.111102,2817459.1064453125,1.2164744926717397
PB20.13.12_Comb29Ch22,2894210.820086,2894210.8154296875,1.8104253776056622
PB20.13.12_Comb29Ch23,2999649.052508,2999649.0478515625,1.247267450849043
PB20.13.12_Comb29Ch24,3087921.147235,3087921.142578125,1.520094758523946
PB20.13.12_Comb29Ch25,3131484.990008,3131484.9853515625,1.6510086478684851
PB20.13.12_Comb29Ch26,3214035.038836,3214035.0341796875,1.1684721703981074
PB20.13.12_Comb29Ch27,3302688.603289,3302688.5986328125,1.316601323928045
PB20.13.12_Comb29Ch28,3377609.257586,3377609.2529296875,1.2352122934432856
PB20.13.12_Comb29Ch29,3445968.632586,3445968.6279296875,1.1631489010706384
PB20.13.12_Comb29Ch30,3538589.482196,3538589.4775390625,1.0060977881040558
PB20.13.12_Comb29Ch31,3593521.122821,3593521.1181640625,1.0944555550680843
PB20.13.12_Comb29Ch32,3695144.657977,3695144.6533203125,1.645877538040758
PB20.13.12_Comb29Ch33,3770751.957782,3770751.953125,1.2700811130193255
PB20.13.12_Comb29Ch34,3927993.779071,3927993.7744140625,1.1194414205420593
PB20.13.12_Comb29Ch35,3993682.865985,3993682.861328125,1.2564301745295245
PB20.13.12_Comb29Ch36,4084396.366961,4084396.3623046875,1.08601928653584
PB20.13.12_Comb29Ch37,4189300.541766,4189300.537109375,1.3406036454250128
PB20.13.12_Comb29Ch38,4234237.675555,4234237.6708984375,0.9248694367167362
PB20.13.12_Comb29Ch39,4354629.521258,NaN,NaN
PB20.13.13_Comb24Ch01,1647644.047625,1647644.04296875,1.2374417513524025
PB20.13.13_Comb24Ch02,1686630.25368,1686630.2490234375,1.2441704499662423
PB20.13.13_Comb24Ch03,1732559.208758,1732559.2041015625,1.3138000727972836
PB20.13.13_Comb24Ch04,1791000.370868,1791000.3662109375,1.243432699264109
PB20.13.13_Comb24Ch05,1841506.962664,1841506.9580078125,1.3228646684566825
PB20.13.13_Comb24Ch06,1899719.242938,1899719.23828125,1.5079443456133201
PB20.13.13_Comb24Ch07,1948013.310321,1948013.3056640625,1.5595243649219919
PB20.13.13_Comb24Ch08,2010955.815203,2010955.810546875,1.5358795595081567
PB20.13.13_Comb24Ch09,2123565.678485,2123565.673828125,1.03613381377252
PB20.13.13_Comb24Ch10,2180099.491961,2180099.4873046875,1.4659222674445331
PB20.13.13_Comb24Ch11,2241287.236102,2241287.2314453125,1.4764565274871089
PB20.13.13_Comb24Ch12,2304382.328875,2304382.32421875,1.4918109991851614
PB20.13.13_Comb24Ch13,2367782.59743,2367782.5927734375,1.4560158528954132
PB20.13.13_Comb24Ch14,2424240.116961,2424240.1123046875,1.4140188278799408
PB20.13.13_Comb24Ch15,2479858.403094,2479858.3984375,1.536453669513818
PB20.13.13_Comb24Ch16,2565460.209735,2565460.205078125,1.2916990142379496
PB20.13.13_Comb24Ch17,2616500.859149,2616500.8544921875,1.5218199512326172
PB20.13.13_Comb24Ch18,2690429.692157,2690429.6875,1.4502071090438438
PB20.13.13_Comb24Ch19,2775344.853289,2775344.8486328125,1.1116160348270878
PB20.13.13_Comb24Ch20,2841415.40993,2841415.4052734375,1.2901883935502256
PB20.13.13_Comb24Ch21,2914123.539813,2914123.53515625,1.538169868856328
PB20.13.13_Comb24Ch22,2982025.151141,2982025.146484375,1.5364400499592465
PB20.13.13_Comb24Ch23,3055114.75075,3055114.74609375,1.357860501089278
PB20.13.13_Comb24Ch24,3137741.093524,3137741.0888671875,1.4154105453524604
PB20.13.13_Comb24Ch25,3288345.341571,3288345.3369140625,1.2684806691623018
PB20.13.13_Comb24Ch26,3364791.874774,3364791.8701171875,1.2120321873233375
PB20.13.13_Comb24Ch27,3470001.22536,3470001.220703125,1.621275286740997
PB20.13.13_Comb24Ch28,3538208.012469,3538208.0078125,1.5417581614077258
PB20.13.13_Comb24Ch29,3615417.485125,3615417.48046875,1.239145048925523
PB20.13.13_Comb24Ch30,3726348.88161,3726348.876953125,1.5524699244007933
PB20.13.13_Comb24Ch31,3810501.103289,3810501.0986328125,1.5928853051672804
PB20.13.13_Comb24Ch32,3885116.581805,3885116.5771484375,1.455265206807419
PB20.13.13_Comb24Ch33,3993682.865985,3993682.861328125,1.3172538418936985
PB20.13.13_Comb24Ch34,4078369.145282,4078369.140625,1.2020217193344278
PB20.13.13_Comb24Ch35,4186172.490008,4186172.4853515625,1.1782357979700226
PB20.13.13_Comb24Ch36,4262847.905047,4262847.900390625,1.1259791317530443
PB20.13.13_Comb24Ch37,4378051.762469,4378051.7578125,1.6104870036576624
PB20.13.13_Comb24Ch38,4385604.863055,4385604.8583984375,1.6243928991993248
PB20.13.31_Comb17Ch01,1667022.709735,1667022.705078125,1.1282611146550086
PB20.13.31_Comb17Ch02,1708297.734149,1708297.7294921875,1.1812615274020375
PB20.13.31_Comb17Ch03,1768493.657,1768493.65234375,1.2083723941854443
PB20.13.31_Comb17Ch04,1820678.715594,1820678.7109375,1.2176841086346957
PB20.13.31_Comb17Ch05,1863479.618914,1863479.6142578125,1.21964252617678
PB20.13.31_Comb17Ch06,1974563.603289,1974563.5986328125,1.3935395881029349
PB20.13.31_Comb17Ch07,2040023.808368,2040023.8037109375,1.3970793119138905
PB20.13.31_Comb17Ch08,2091522.221453,2091522.216796875,1.3909281058410436
PB20.13.31_Comb17Ch09,2156448.368914,2156448.3642578125,1.0079918994005261
PB20.13.31_Comb17Ch10,2206115.727313,2206115.72265625,1.4789211045652773
PB20.13.31_Comb17Ch11,2265090.947039,2265090.9423828125,1.4559620652544008
PB20.13.31_Comb17Ch12,2331695.561297,2331695.556640625,1.4560890401791629
PB20.13.31_Comb17Ch13,2398452.763446,2398452.7587890625,1.4167505390820183
PB20.13.31_Comb17Ch14,2463302.616961,2463302.6123046875,1.2945860888573895
PB20.13.31_Comb17Ch15,2522125.248797,2522125.244140625,1.4939493737988119
PB20.13.31_Comb17Ch16,2591705.326922,2591705.322265625,1.2514608664117628
PB20.13.31_Comb17Ch17,2665328.984149,2665328.9794921875,1.5890211814931108
PB20.13.31_Comb17Ch18,2730636.601336,2730636.5966796875,1.5115577378100105
PB20.13.31_Comb17Ch19,2816085.820086,2816085.8154296875,1.0635110068640998
PB20.13.31_Comb17Ch20,2869949.345477,2869949.3408203125,1.285493764352604
PB20.13.31_Comb17Ch21,2951507.573016,2951507.568359375,1.5618788895871143
PB20.13.31_Comb17Ch22,3020095.829852,3020095.8251953125,1.4811251072744689
PB20.13.31_Comb17Ch23,3086547.856219,3086547.8515625,1.3741083315697804
PB20.13.31_Comb17Ch24,3181228.642352,3181228.6376953125,1.321456079311614
PB20.13.31_Comb17Ch25,3270950.322039,3270950.3173828125,1.4959098185068083
PB20.13.31_Comb17Ch26,3330917.363055,3330917.3583984375,1.3150857410714487
PB20.13.31_Comb17Ch27,3423995.976336,3423995.9716796875,1.241877033631444
PB20.13.31_Comb17Ch28,3506546.025164,3506546.0205078125,1.8163298459085915
PB20.13.31_Comb17Ch29,3590927.12868,3590927.1240234375,1.6851507510779147
PB20.13.31_Comb17Ch30,3675918.583758,3675918.5791015625,1.4502985942753912
PB20.13.31_Comb17Ch31,3766555.790789,3766555.7861328125,1.8196866079221408
PB20.13.31_Comb17Ch32,3846511.845477,3846511.8408203125,1.6949886120237794
PB20.13.31_Comb17Ch33,3948364.262469,3948364.2578125,1.6652568281362863
PB20.13.31_Comb17Ch34,4036865.239032,4036865.234375,1.421387315834241
PB20.13.31_Comb17Ch35,4148101.811297,4148101.806640625,1.461558910559622
PB20.13.31_Comb17Ch36,4229125.981219,4229125.9765625,1.3315084210824923
PB20.13.31_Comb17Ch37,4440460.209735,4440460.205078125,1.8748812238986958
PB20.13.12_Comb23Ch01,1588668.827899,1588668.8232421875,1.584531830563729
PB20.13.12_Comb23Ch02,1635437.016375,1635437.01171875,1.4509637230559578
PB20.13.12_Comb23Ch03,1684188.84743,1684188.8427734375,1.3811690040635338
PB20.13.12_Comb23Ch04,1731414.799578,1731414.794921875,1.4678503139899233
PB20.13.12_Comb23Ch05,1784744.267352,1784744.2626953125,1.7184292693107481
PB20.13.12_Comb23Ch06,1836242.680438,1836242.67578125,1.3655176701557286
PB20.13.12_Comb23Ch07,1884613.041766,1884613.037109375,1.4020974934492756
PB20.13.12_Comb23Ch08,1937561.039813,1937561.03515625,1.4723301070898343
PB20.13.12_Comb23Ch09,1998748.783953,1998748.779296875,1.444232789058037
PB20.13.12_Comb23Ch10,2112350.468524,2112350.4638671875,1.9187615337276078
PB20.13.12_Comb23Ch11,2169418.339618,2169418.3349609375,1.4943949277656288
PB20.13.12_Comb23Ch12,2223434.452899,2223434.4482421875,1.4131217910715606
PB20.13.12_Comb23Ch13,2282791.142352,2282791.1376953125,1.366966647518069
PB20.13.12_Comb23Ch14,2353057.865985,2353057.861328125,1.9495901934125717
PB20.13.12_Comb23Ch15,2409667.973407,2409667.96875,1.412212270731461
PB20.13.12_Comb23Ch16,2483291.630633,2483291.6259765625,1.4119816877327185
PB20.13.12_Comb23Ch17,2529983.525164,2529983.5205078125,1.49010190035232
PB20.13.12_Comb23Ch18,2679977.421649,2679977.4169921875,1.097151992903639
PB20.13.12_Comb23Ch19,2761077.885516,2761077.880859375,1.707478831925921
PB20.13.12_Comb23Ch20,2813339.238055,2813339.2333984375,1.4624694359967798
PB20.13.12_Comb23Ch21,2881851.200946,2881851.1962890625,1.4132177268868154
PB20.13.12_Comb23Ch22,2973175.053485,2973175.048828125,1.4407157699570663
PB20.13.12_Comb23Ch23,3043441.777118,3043441.7724609375,1.7154106263243436
PB20.13.12_Comb23Ch24,3120956.425555,3120956.4208984375,1.4110617788318036
PB20.13.12_Comb23Ch25,3205108.647235,3205108.642578125,2.3750644805821786
PB20.13.12_Comb23Ch26,3281707.768328,3281707.763671875,1.516708425579179
PB20.13.12_Comb23Ch27,3333282.47536,3333282.470703125,1.453092356784662
PB20.13.12_Comb23Ch28,3405532.841571,3405532.8369140625,1.4341356850594495
PB20.13.12_Comb23Ch29,3535003.666766,3535003.662109375,1.8230512177052336
PB20.13.12_Comb23Ch30,3586044.31618,3586044.3115234375,1.3911902436094516
PB20.13.12_Comb23Ch31,3672256.474383,NaN,NaN
PB20.13.12_Comb23Ch32,3751602.177508,3751602.1728515625,1.3463507333850846
PB20.13.12_Comb23Ch33,3872909.550555,3872909.5458984375,1.4828733011686708
PB20.13.12_Comb23Ch34,3958511.357196,3958511.3525390625,1.2963485600608557
PB20.13.12_Comb23Ch35,4070281.987078,4070281.982421875,1.464799488830806
PB20.13.12_Comb23Ch36,4160690.312274,4160690.3076171875,1.3470925256183561
PB20.13.12_Comb23Ch37,4198455.815203,4198455.810546875,1.236573271946664
PB20.13.12_Comb23Ch38,4296569.828875,4296569.82421875,1.261272779434765
PB20.13.28_Comb23Ch01,1637191.777118,1637191.7724609375,2.1906564900628465
PB20.13.28_Comb23Ch02,1683578.495868,1683578.4912109375,1.855775214425848
PB20.13.28_Comb23Ch03,1714019.780047,1714019.775390625,1.4413455947431097
PB20.13.28_Comb23Ch04,1766433.720477,1766433.7158203125,1.4373573624792255
PB20.13.28_Comb23Ch05,1820907.59743,1820907.5927734375,2.5815099990586488
PB20.13.28_Comb23Ch06,1891098.027118,1891098.0224609375,1.6803818174854654
PB20.13.28_Comb23Ch07,1937408.451922,1937408.447265625,1.7175245117940459
PB20.13.28_Comb23Ch08,1984786.991961,1984786.9873046875,1.8436436628351838
PB20.13.28_Comb23Ch09,2054290.776141,2054290.771484375,1.7612631878746017
PB20.13.28_Comb23Ch10,2092132.573016,2092132.568359375,1.1441327552716183
PB20.13.28_Comb23Ch11,2159194.950946,2159194.9462890625,2.860434315722457
PB20.13.28_Comb23Ch12,2220077.519305,2220077.5146484375,2.398776089549669
PB20.13.28_Comb23Ch13,2292861.943133,2292861.9384765625,1.8793727929246564
PB20.13.28_Comb23Ch14,2332534.794696,2332534.7900390625,1.7425749559150805
PB20.13.28_Comb23Ch15,2403945.927508,2403945.9228515625,3.018541581494975
PB20.13.28_Comb23Ch16,2480163.578875,2480163.57421875,1.73966288367141
PB20.13.28_Comb23Ch17,2554626.4695,2554626.46484375,1.5101168926942434
PB20.13.28_Comb23Ch18,2592315.678485,2592315.673828125,2.3081268158554358
PB20.13.28_Comb23Ch19,2687377.934344,2687377.9296875,1.977858423120396
PB20.13.28_Comb23Ch20,2735290.532,2735290.52734375,1.2218946246481188
PB20.13.28_Comb23Ch21,2837982.182391,2837982.177734375,2.3586648662759977
PB20.13.28_Comb23Ch22,2913055.424578,2913055.419921875,1.9935914262990273
PB20.13.28_Comb23Ch23,2981948.857196,2981948.8525390625,1.8464191688580205
PB20.13.28_Comb23Ch24,3032989.50661,3032989.501953125,1.5121361939261782
PB20.13.28_Comb23Ch25,3115158.085711,3115158.0810546875,2.5129330827372045
PB20.13.28_Comb23Ch26,3167266.85036,3167266.845703125,1.7445821661845415
PB20.13.28_Comb23Ch27,3294982.914813,3294982.91015625,2.579326328554613
PB20.13.28_Comb23Ch28,3349227.90993,3349227.9052734375,2.158075964412335
PB20.13.28_Comb23Ch29,3439407.353289,3439407.3486328125,2.0580014631861636
PB20.13.28_Comb23Ch30,3500595.09743,3500595.0927734375,2.277084613963079
PB20.13.28_Comb23Ch31,3611373.906024,3611373.9013671875,2.5240225311727285
PB20.13.28_Comb23Ch32,3725128.178485,3725128.173828125,2.0391765380915072
PB20.13.28_Comb23Ch33,3816452.031024,3816452.0263671875,2.1557892444703315
PB20.13.28_Comb23Ch34,3865280.156024,3865280.1513671875,1.9228972754480524
PB20.13.28_Comb23Ch35,3960800.175555,3960800.1708984375,2.4990416721794912
PB20.13.28_Comb23Ch36,4031524.66286,4031524.658203125,1.604917086149788
PB20.13.28_Comb23Ch37,4195098.88161,4195098.876953125,2.183348701168835
PB20.13.28_Comb23Ch38,4257354.740985,4257354.736328125,2.0109666753186466
PB20.13.28_Comb23Ch39,4330902.104266,4330902.099609375,1.9012802427448643
PB20.13.28_Comb23Ch40,4342346.196063,4342346.19140625,1.7387901521249645
PB20.13.28_Comb04Ch01,1708068.852313,1708068.84765625,1.3571100040784965
PB20.13.28_Comb04Ch02,1759872.44118,1759872.4365234375,1.9464396970577267
PB20.13.28_Comb04Ch03,1812133.793719,1812133.7890625,1.394892010769839
PB20.13.28_Comb04Ch04,1865158.085711,1865158.0810546875,2.1176552816705554
PB20.13.28_Comb04Ch05,1977157.59743,1977157.5927734375,1.757939436241154
PB20.13.28_Comb04Ch06,2032775.883563,2032775.87890625,1.6142174024320775
PB20.13.28_Comb04Ch07,2097244.267352,2097244.2626953125,1.6578014335659923
PB20.13.28_Comb04Ch08,2212677.00661,2212677.001953125,1.000892685687652
PB20.13.28_Comb04Ch09,2253570.561297,2253570.556640625,1.616591078241024
PB20.13.28_Comb04Ch10,2324066.166766,2324066.162109375,1.9642941189398748
PB20.13.28_Comb04Ch11,2397537.236102,2397537.2314453125,1.613494830152549
PB20.13.28_Comb04Ch12,2466278.080828,2466278.076171875,1.9776936185765344
PB20.13.28_Comb04Ch13,2524185.185321,2524185.1806640625,1.4283712129318926
PB20.13.28_Comb04Ch14,2591552.739032,NaN,NaN
PB20.13.28_Comb04Ch15,2723922.734149,2723922.7294921875,1.6353029658868339
PB20.13.28_Comb04Ch16,2799911.50368,2799911.4990234375,1.6534307617766675
PB20.13.28_Comb04Ch17,2889328.007586,2889328.0029296875,1.080090506469722
PB20.13.28_Comb04Ch18,2945861.821063,2945861.81640625,1.5422017339531588
PB20.13.28_Comb04Ch19,3104476.933368,3104476.9287109375,1.6925791632817766
PB20.13.28_Comb04Ch20,3171539.311297,3171539.306640625,1.4697176886774093
PB20.13.28_Comb04Ch21,3266906.742938,3266906.73828125,1.3911087701983318
PB20.13.28_Comb04Ch22,3336868.290789,3336868.2861328125,1.5369479121036413
PB20.13.28_Comb04Ch23,3413314.823993,3413314.8193359375,1.3325563746987594
PB20.13.28_Comb04Ch24,3521118.168719,3521118.1640625,1.599708405895939
PB20.13.28_Comb04Ch25,3614425.663836,3614425.6591796875,1.83554036192393
PB20.13.28_Comb04Ch26,3677597.050555,3677597.0458984375,1.7686331591141766
PB20.13.28_Comb04Ch27,3777313.237078,3777313.232421875,1.3382289027804914
PB20.13.28_Comb04Ch28,3950576.786883,3950576.7822265625,1.9087343644173018
PB20.13.28_Comb04Ch29,4150619.511493,4150619.5068359375,1.3955059531541447
PB20.13.28_Comb04Ch30,4234542.851336,4234542.8466796875,1.5696663626303038
PB20.13.28_Comb04Ch31,4334030.156024,4334030.1513671875,1.431864096283321
PB20.13.28_Comb04Ch32,4426651.005633,4426651.0009765625,1.9257369878212702
PB20.13.28_Comb04Ch33,4542388.920672,4542388.916015625,1.9620845409655145
PB20.13.10_Comb01Ch01,1646041.874774,1646041.8701171875,1.3461891556121366
PB20.13.10_Comb01Ch02,1680831.913836,1680831.9091796875,1.3739056306710515
PB20.13.10_Comb01Ch03,1728973.393328,1728973.388671875,1.511618401546662
PB20.13.10_Comb01Ch04,1782379.155047,1782379.150390625,1.4052060685583365
PB20.13.10_Comb01Ch05,1832199.101336,1832199.0966796875,1.3975571381383505
PB20.13.10_Comb01Ch06,1895065.312274,1895065.3076171875,1.6174753412905372
PB20.13.10_Comb01Ch07,1939926.152118,1939926.1474609375,1.6610380555427608
PB20.13.10_Comb01Ch08,2001571.65993,2001571.6552734375,1.6560214814553282
PB20.13.10_Comb01Ch09,2064895.634539,2064895.6298828125,1.6176370716435784
PB20.13.10_Comb01Ch10,2109222.416766,2109222.412109375,1.053772614947353
PB20.13.10_Comb01Ch11,2183227.543719,2183227.5390625,1.6779632963812514
PB20.13.10_Comb01Ch12,2237777.714618,2237777.7099609375,1.6363610465886465
PB20.13.10_Comb01Ch13,2293014.531024,2293014.5263671875,1.7004133881076
PB20.13.10_Comb01Ch14,2354354.863055,2354354.8583984375,1.6554234521628255
PB20.13.10_Comb01Ch15,2415390.019305,2415390.0146484375,1.4570991563362221
PB20.13.10_Comb01Ch16,2478866.581805,2478866.5771484375,1.6759077011983052
PB20.13.10_Comb01Ch17,2556915.28786,2556915.283203125,1.425407617340844
PB20.13.10_Comb01Ch18,2610549.931414,2610549.9267578125,1.7448353513595487
PB20.13.10_Comb01Ch19,2685012.822039,2685012.8173828125,1.5787321084077803
PB20.13.10_Comb01Ch20,2758178.715594,2758178.7109375,1.0410304072312635
PB20.13.10_Comb01Ch21,2834014.897235,2834014.892578125,1.4039877418813804
PB20.13.10_Comb01Ch22,2906494.145282,2906494.140625,1.7164943574294478
PB20.13.10_Comb01Ch23,2975387.577899,2975387.5732421875,1.6347731555449057
PB20.13.10_Comb01Ch24,3046340.947039,3046340.9423828125,1.4367760040225095
PB20.13.10_Comb01Ch25,3126678.471453,3126678.466796875,1.38262964337794
PB20.13.10_Comb01Ch26,3202209.477313,3202209.47265625,1.389493542122527
PB20.13.10_Comb01Ch27,3283004.765399,3283004.7607421875,1.376027807402061
PB20.13.10_Comb01Ch28,3363723.759539,3363723.7548828125,1.3138751268042719
PB20.13.10_Comb01Ch29,3456802.372821,3456802.3681640625,1.8470739601960355
PB20.13.10_Comb01Ch30,3525924.687274,3525924.6826171875,1.7493894538112813
PB20.13.10_Comb01Ch31,3622055.058368,3622055.0537109375,1.3276087562663712
PB20.13.10_Comb01Ch32,3718719.487078,3718719.482421875,1.7711728708592014
PB20.13.10_Comb01Ch33,3799667.363055,3799667.3583984375,1.6279824546115782
PB20.13.10_Comb01Ch34,3878326.420672,3878326.416015625,1.6117713491271277
PB20.13.10_Comb01Ch35,3974914.555438,3974914.55078125,1.3118403117031974
PB20.13.10_Comb01Ch36,4064559.94118,4064559.9365234375,1.2863289319330966
PB20.13.10_Comb01Ch37,4173202.519305,4173202.5146484375,1.2472129019193223
PB20.13.10_Comb01Ch38,4252471.928485,4252471.923828125,1.1808646970263097
PB20.13.10_Comb01Ch39,4368286.137469,4368286.1328125,1.0481251196066415
PB20.13.12_Comb09Ch01,1651611.332782,1651611.328125,1.3115948366633967
PB20.13.12_Comb09Ch02,1688766.484149,1688766.4794921875,1.4901546372249146
PB20.13.12_Comb09Ch03,1731796.269305,1731796.2646484375,1.4140822771540782
PB20.13.12_Comb09Ch04,1784133.915789,1784133.9111328125,1.956284686549637
PB20.13.12_Comb09Ch05,1835250.859149,NaN,NaN
PB20.13.12_Comb09Ch06,1903839.115985,1903839.111328125,2.2786619902762575
PB20.13.12_Comb09Ch07,1946563.72536,1946563.720703125,1.690736254307161
PB20.13.12_Comb09Ch08,2005310.06325,2005310.05859375,1.5885365066511696
PB20.13.12_Comb09Ch09,2070541.386493,2070541.3818359375,1.56358345704832
PB20.13.12_Comb09Ch10,2109451.298602,2109451.2939453125,1.067043383236874
PB20.13.12_Comb09Ch11,2184371.952899,2184371.9482421875,1.6565097989823945
PB20.13.12_Comb09Ch12,2246322.636493,2246322.6318359375,1.8072740875862008
PB20.13.12_Comb09Ch13,2302474.980243,2302474.9755859375,1.6434107637269015
PB20.13.12_Comb09Ch14,2357482.914813,2357482.91015625,2.164377074387076
PB20.13.12_Comb09Ch15,2422409.062274,2422409.0576171875,1.5966577895186906
PB20.13.12_Comb09Ch16,2485427.861102,2485427.8564453125,2.004988746733511
PB20.13.12_Comb09Ch17,2566757.206805,2566757.2021484375,1.3974872308389514
PB20.13.12_Comb09Ch18,2614135.746844,2614135.7421875,1.6376169376399872
PB20.13.12_Comb09Ch19,2689285.282977,2689285.2783203125,1.6065837588252976
PB20.13.12_Comb09Ch20,2762451.176532,2762451.171875,1.0429470037275936
PB20.13.12_Comb09Ch21,2847213.749774,2847213.7451171875,1.3741568095204488
PB20.13.12_Comb09Ch22,2913513.18825,2913513.18359375,1.6232208562849237
PB20.13.12_Comb09Ch23,2986907.963641,2986907.958984375,2.117531858023219
PB20.13.12_Comb09Ch24,3057708.744891,3057708.740234375,1.422132505058387
PB20.13.12_Comb09Ch25,3136062.626727,3136062.6220703125,1.5518908760709433
PB20.13.12_Comb09Ch26,3201065.068133,3201065.0634765625,2.0745536199792176
PB20.13.12_Comb09Ch27,3294448.857196,3294448.8525390625,1.3268161934361324
PB20.13.12_Comb09Ch28,3371505.741961,3371505.7373046875,1.3945661751261544
PB20.13.12_Comb09Ch29,3467941.288836,3467941.2841796875,1.8570648702368502
PB20.13.12_Comb09Ch30,3532562.260516,3532562.255859375,1.7781724980090048
PB20.13.12_Comb09Ch31,3626861.576922,3626861.572265625,1.303697316341188
PB20.13.12_Comb09Ch32,3729553.227313,3729553.22265625,1.7698867669693044
PB20.13.12_Comb09Ch33,3816452.031024,3816452.0263671875,2.340071436534121
PB20.13.12_Comb09Ch34,3887405.400164,3887405.3955078125,1.6987656710658676
PB20.13.12_Comb09Ch35,3986434.94118,3986434.9365234375,1.5362384176450177
PB20.13.12_Comb09Ch36,4066848.759539,4066848.7548828125,2.0075497235016484
PB20.13.12_Comb09Ch37,4189910.893328,4189910.888671875,1.224765471346821
PB20.13.12_Comb09Ch38,4268264.775164,4268264.7705078125,1.3046326390514806
PB20.13.12_Comb09Ch39,4377136.235125,4377136.23046875,0.9558246076449212
PB20.13.31_Comb21Ch01,1630935.673602,1630935.6689453125,1.1365675571033635
PB20.13.31_Comb21Ch02,1675720.2195,1675720.21484375,1.2949539549182327
PB20.13.31_Comb21Ch03,1730346.684344,1730346.6796875,1.2560628161553258
PB20.13.31_Comb21Ch04,1779785.160907,1779785.15625,1.2289581937160463
PB20.13.31_Comb21Ch05,1819305.424578,1819305.419921875,1.2187001779448141
PB20.13.31_Comb21Ch06,1878814.701922,1878814.697265625,1.4813233296837047
PB20.13.31_Comb21Ch07,1937561.039813,1937561.03515625,1.445153988496263
PB20.13.31_Comb21Ch08,1990127.568133,1990127.5634765625,1.3067056645426458
PB20.13.31_Comb21Ch09,2044143.681414,2044143.6767578125,1.4121641373998963
PB20.13.31_Comb21Ch10,2099914.555438,2099914.55078125,1.094560997714058
PB20.13.31_Comb21Ch11,2158889.775164,2158889.7705078125,1.4141122645934974
PB20.13.31_Comb21Ch12,2217483.525164,2217483.5205078125,1.448900752632534
PB20.13.31_Comb21Ch13,2291259.770282,2291259.765625,1.4130887635704656
PB20.13.31_Comb21Ch14,2419052.12868,2419052.1240234375,1.2550912226037023
PB20.13.31_Comb21Ch15,2476272.587664,2476272.5830078125,1.8254135643095306
PB20.13.31_Comb21Ch16,2537994.389422,2537994.384765625,1.1882113438070359
PB20.13.31_Comb21Ch17,2615737.919696,2615737.9150390625,1.5033741528900384
PB20.13.31_Comb21Ch18,2671356.205828,2671356.201171875,1.5236773548289626
PB20.13.31_Comb21Ch19,2748718.266375,2748718.26171875,1.0820189908543258
PB20.13.31_Comb21Ch20,2809448.246844,2809448.2421875,1.2674631615673426
PB20.13.31_Comb21Ch21,2964096.073993,2964096.0693359375,1.8852237157711198
PB20.13.31_Comb21Ch22,3022460.942157,3022460.9375,1.2023865659918405
PB20.13.31_Comb21Ch23,3125686.650164,3125686.6455078125,1.2060469531958722
PB20.13.31_Comb21Ch24,3201904.301532,3201904.296875,1.2505480674135796
PB20.13.31_Comb21Ch25,3270721.440203,3270721.435546875,1.2329210743834804
PB20.13.31_Comb21Ch26,3363723.759539,3363723.7548828125,1.5260305606680569
PB20.13.31_Comb21Ch27,3431930.546649,3431930.5419921875,1.5091133864308832
PB20.13.31_Comb21Ch28,3522720.341571,3522720.3369140625,1.5082848964025815
PB20.13.31_Comb21Ch29,3605346.684344,3605346.6796875,1.5558545427051609
PB20.13.31_Comb21Ch30,3783645.634539,3783645.6298828125,1.559165096573384
PB20.13.31_Comb21Ch31,3882141.117938,3882141.11328125,1.6433035747846967
PB20.13.31_Comb21Ch32,3954620.365985,3954620.361328125,1.141895438416075
PB20.13.31_Comb21Ch33,4067153.935321,NaN,NaN
PB20.13.31_Comb21Ch34,4153594.97536,4153594.970703125,1.1045453035827235
PB20.13.31_Comb21Ch35,4249649.052508,4249649.0478515625,1.8414012460329408
PB20.13.31_Comb21Ch36,4329452.519305,4329452.5146484375,1.5444239122884535
PB20.13.31_Comb21Ch37,4363327.031024,4363327.0263671875,1.451699903873575
PB20.13.12_Comb01Ch01,1744155.888446,1744155.8837890625,1.3392241890178866
PB20.13.12_Comb01Ch02,1785278.324969,1785278.3203125,1.7867032662136288
PB20.13.12_Comb01Ch03,1846923.832782,1846923.828125,1.394765232872181
PB20.13.12_Comb01Ch04,1896972.660907,1896972.65625,1.4229612075865083
PB20.13.12_Comb01Ch05,1960906.987078,1960906.982421875,1.7245967203549182
PB20.13.12_Comb01Ch06,2013626.103289,2013626.0986328125,1.7732760460303447
PB20.13.12_Comb01Ch07,2072601.323016,2072601.318359375,1.7771975961959001
PB20.13.12_Comb01Ch08,2127151.493914,2127151.4892578125,1.6678082228204794
PB20.13.12_Comb01Ch09,2178115.849383,2178115.8447265625,1.0713044987473073
PB20.13.12_Comb01Ch10,2247314.457782,2247314.453125,1.8336213995470994
PB20.13.12_Comb01Ch11,2379684.452899,2379684.4482421875,1.9353509846185624
PB20.13.12_Comb01Ch12,2428283.696063,2428283.69140625,1.6691730278647585
PB20.13.12_Comb01Ch13,2498397.831805,2498397.8271484375,1.5521319525439672
PB20.13.12_Comb01Ch14,2697982.792743,2697982.7880859375,1.7550065730055058
PB20.13.12_Comb01Ch15,2856140.141375,2856140.13671875,1.0406737908571921
PB20.13.12_Comb01Ch16,2923812.870868,2923812.8662109375,1.5279676793116297
PB20.13.12_Comb01Ch17,3149719.242938,3149719.23828125,1.4754465403264663
PB20.13.12_Comb01Ch18,3241729.740985,3241729.736328125,1.4801937152084457
PB20.13.12_Comb01Ch19,3295593.266375,3295593.26171875,1.409765017191142
PB20.13.12_Comb01Ch20,3377838.139422,3377838.134765625,1.3500883368879069
PB20.13.12_Comb01Ch21,3468017.582782,3468017.578125,1.305299221202206
PB20.13.12_Comb01Ch22,3574829.106219,3574829.1015625,1.948698315039563
PB20.13.12_Comb01Ch23,3648986.821063,3648986.81640625,1.874754219071402
PB20.13.12_Comb01Ch24,3714599.614032,3714599.609375,1.407188847909175
PB20.13.12_Comb01Ch25,3822708.134539,3822708.1298828125,1.8825801449162909
PB20.13.12_Comb01Ch26,3929367.070086,3929367.0654296875,1.679900393142748
PB20.13.12_Comb01Ch27,4009323.124774,4009323.1201171875,1.767129612510364
PB20.13.12_Comb01Ch28,4117431.645282,4117431.640625,1.4524732947870624
PB20.13.12_Comb01Ch29,4190826.420672,4190826.416015625,1.2913544090749642
PB20.13.12_Comb01Ch30,4297332.768328,4297332.763671875,1.3048723084815228
PB20.13.12_Comb01Ch31,4387283.329852,4387283.3251953125,1.5455393721264141
PB20.13.12_Comb01Ch32,4519195.561297,4519195.556640625,1.965462675632966
PB20.13.13_Comb02Ch01,1640930.180438,1640930.17578125,1.207798374646579
PB20.13.13_Comb02Ch02,1683349.614032,1683349.609375,1.337193768641301
PB20.13.13_Comb02Ch03,1730728.154071,1730728.1494140625,1.282245335564839
PB20.13.13_Comb02Ch04,1787414.555438,1787414.55078125,1.263376430789121
PB20.13.13_Comb02Ch05,1830291.752703,1830291.748046875,1.3314761573172798
PB20.13.13_Comb02Ch06,1891326.908953,1891326.904296875,1.4878467714724781
PB20.13.13_Comb02Ch07,1945190.434344,1945190.4296875,1.5759598885792379
PB20.13.13_Comb02Ch08,1999740.605243,1999740.6005859375,1.455236297209127
PB20.13.13_Comb02Ch09,2112426.762469,2112426.7578125,1.0329658010125788
PB20.13.13_Comb02Ch10,2169418.339618,NaN,NaN
PB20.13.13_Comb02Ch11,2228012.089618,2228012.0849609375,1.6276762087870158
PB20.13.13_Comb02Ch12,2300338.749774,2300338.7451171875,1.5306588611652208
PB20.13.13_Comb02Ch13,2351150.517352,2351150.5126953125,1.5070118892645892
PB20.13.13_Comb02Ch14,2423019.413836,2423019.4091796875,1.3373382668407108
PB20.13.13_Comb02Ch15,2489242.558368,2489242.5537109375,1.503199981491105
PB20.13.13_Comb02Ch16,2550582.890399,2550582.8857421875,1.3807076561677816
PB20.13.13_Comb02Ch17,2619934.086688,2619934.08203125,1.5021744869564009
PB20.13.13_Comb02Ch18,2702255.25368,2702255.2490234375,1.4978393483555652
PB20.13.13_Comb02Ch19,2762527.470477,2762527.4658203125,1.0838795230397413
PB20.13.13_Comb02Ch20,2832183.842547,2832183.837890625,1.3107365358045273
PB20.13.13_Comb02Ch21,2920150.761493,2920150.7568359375,1.576227232997082
PB20.13.13_Comb02Ch22,2983856.205828,2983856.201171875,1.4734112529047398
PB20.13.13_Comb02Ch23,3040161.137469,3040161.1328125,1.4347658709451179
PB20.13.13_Comb02Ch24,3133926.396258,3133926.3916015625,1.3567722820644421
PB20.13.13_Comb02Ch25,3295669.560321,3295669.5556640625,1.260628643740492
PB20.13.13_Comb02Ch26,3372268.681414,3372268.6767578125,1.3164344746106924
PB20.13.13_Comb02Ch27,3446273.808368,3446273.8037109375,1.6287081219975545
PB20.13.13_Comb02Ch28,3534393.315203,3534393.310546875,1.5813507964887792
PB20.13.13_Comb02Ch29,3629760.746844,3629760.7421875,1.15781908331235
PB20.13.13_Comb02Ch30,3730468.754657,3730468.75,1.7129276863921317
PB20.13.13_Comb02Ch31,3810424.809344,3810424.8046875,1.4866780359942997
PB20.13.13_Comb02Ch32,3893203.740008,3893203.7353515625,1.4566288796627085
PB20.13.13_Comb02Ch33,3973617.558368,3973617.5537109375,1.2822769973320023
PB20.13.13_Comb02Ch34,4081573.490985,4081573.486328125,1.1598381159711424
PB20.13.13_Comb02Ch35,4186630.25368,4186630.2490234375,1.1851161207308811
PB20.13.13_Comb02Ch36,4266967.778094,4266967.7734375,1.113711864547778
PB20.13.13_Comb02Ch37,4346694.950946,4346694.9462890625,1.55605871946614
PB20.13.13_Comb02Ch38,4379348.759539,4379348.7548828125,1.501912198815519
PB20.13.12_Comb25Ch01,1591720.585711,1591720.5810546875,1.6145917689213232
PB20.13.12_Comb25Ch02,1641769.413836,1641769.4091796875,1.3711640673418786
PB20.13.12_Comb25Ch03,1688385.014422,1688385.009765625,1.7557290645286312
PB20.13.12_Comb25Ch04,1736068.730243,1736068.7255859375,1.3277271575676866
PB20.13.12_Comb25Ch05,1789245.610125,1789245.60546875,1.5449097489924755
PB20.13.12_Comb25Ch06,1840209.965594,1840209.9609375,1.4613286410329125
PB20.13.12_Comb25Ch07,1888504.032977,1888504.0283203125,1.4579537992410967
PB20.13.12_Comb25Ch08,2006683.354266,2006683.349609375,2.1270836483217885
PB20.13.12_Comb25Ch09,2065811.161883,2065811.1572265625,1.023058414807278
PB20.13.12_Comb25Ch10,2120895.390399,2120895.3857421875,1.7370479567197208
PB20.13.12_Comb25Ch11,2174453.740008,2174453.7353515625,1.4355543462174483
PB20.13.12_Comb25Ch12,2290725.712664,2290725.7080078125,1.281162677734018
PB20.13.12_Comb25Ch13,2362594.609149,2362594.6044921875,1.5329060406003026
PB20.13.12_Comb25Ch14,2416229.252703,2416229.248046875,1.4564300756810593
PB20.13.12_Comb25Ch15,2493438.72536,2493438.720703125,1.34725865467604
PB20.13.12_Comb25Ch16,2538757.328875,2538757.32421875,1.3623382620692834
PB20.13.12_Comb25Ch17,2692565.922625,2692565.91796875,1.004677907514115
PB20.13.12_Comb25Ch18,2766876.22536,2766876.220703125,1.6925167245751513
PB20.13.12_Comb25Ch19,2815551.762469,2815551.7578125,2.0673152111014352
PB20.13.12_Comb25Ch20,2889099.12575,2889099.12109375,1.4122959718530879
PB20.13.12_Comb25Ch21,2983856.205828,2983856.201171875,1.4152328055268635
PB20.13.12_Comb25Ch22,3053970.341571,3053970.3369140625,1.4870770191606721
PB20.13.12_Comb25Ch23,3124771.122821,3124771.1181640625,1.3204021927201808
PB20.13.12_Comb25Ch24,3213195.805438,3213195.80078125,1.6516185731393997
PB20.13.12_Comb25Ch25,3295364.384539,3295364.3798828125,1.3658830765495766
PB20.13.12_Comb25Ch26,3347702.031024,3347702.0263671875,1.807432740447052
PB20.13.12_Comb25Ch27,3416824.345477,3416824.3408203125,1.343724128535881
PB20.13.12_Comb25Ch28,3537826.542743,3537826.5380859375,1.6251505005301043
PB20.13.12_Comb25Ch29,3676452.641375,3676452.63671875,1.2957984245135825
PB20.13.12_Comb25Ch30,3760757.450946,3760757.4462890625,1.2440255029558553
PB20.13.12_Comb25Ch31,3880920.414813,3880920.41015625,1.3217163129854352
PB20.13.12_Comb25Ch32,3964920.048602,3964920.0439453125,1.1920124406784174
PB20.13.12_Comb25Ch33,4079742.436297,4079742.431640625,1.328458796443046
PB20.13.12_Comb25Ch34,4170532.231219,4170532.2265625,1.2318282586515579
PB20.13.12_Comb25Ch35,4212951.664813,4212951.66015625,1.4284601409152824
PB20.13.12_Comb25Ch36,4304275.517352,4304275.5126953125,1.1255948489691052
PB20.13.15_Comb07Ch01,1643524.174578,1643524.169921875,1.5037068127534778
PB20.13.15_Comb07Ch02,1686248.783953,1686248.779296875,1.5605738389742814
PB20.13.15_Comb07Ch03,1893386.845477,1893386.8408203125,1.696031710092027
PB20.13.15_Comb07Ch04,1950454.716571,1950454.7119140625,1.682393078552307
PB20.13.15_Comb07Ch05,2056961.064227,2056961.0595703125,1.7398240656589408
PB20.13.15_Comb07Ch06,2171249.394305,2171249.3896484375,1.6706166668985056
PB20.13.15_Comb07Ch07,2233657.841571,2233657.8369140625,1.7219506265700453
PB20.13.15_Comb07Ch08,2487945.561297,2487945.556640625,1.7173029202574477
PB20.13.15_Comb07Ch09,2558364.872821,2558364.8681640625,1.5033865322374316
PB20.13.15_Comb07Ch10,2689361.576922,2689361.572265625,1.7667432352373331
PB20.13.15_Comb07Ch11,2830963.139422,2830963.134765625,1.4786308692684442
PB20.13.15_Comb07Ch12,2903289.799578,2903289.794921875,1.8212855549627367
PB20.13.15_Comb07Ch13,2981109.623797,2981109.619140625,1.694407447699748
PB20.13.15_Comb07Ch14,3046875.004657,3046875.0,1.5383638821828907
PB20.13.15_Comb07Ch15,3288040.165789,3288040.1611328125,1.5070136599799795
PB20.13.15_Comb07Ch16,3375320.439227,3375320.4345703125,1.53723537077888
PB20.13.15_Comb07Ch17,3623504.643328,3623504.638671875,1.4768124505493956
PB20.13.15_Comb07Ch18,3716354.374774,3716354.3701171875,1.8288952583921008
PB20.13.15_Comb07Ch19,3808593.754657,3808593.75,1.6681772730435298
PB20.13.15_Comb07Ch20,3898696.904071,3898696.8994140625,1.5448109495265876
PB20.13.15_Comb07Ch21,4179840.092547,4179840.087890625,1.5102495694035778
PB20.13.15_Comb07Ch22,4268875.126727,4268875.1220703125,1.4637656893527051
PB20.13.13_Comb23Ch01,1703109.745868,1703109.7412109375,1.2807000753968616
PB20.13.13_Comb23Ch02,1752395.634539,1752395.6298828125,1.3161940090523327
PB20.13.13_Comb23Ch03,1788177.494891,1788177.490234375,1.3121606278021527
PB20.13.13_Comb23Ch04,1847381.596453,1847381.591796875,1.2529810931396725
PB20.13.13_Comb23Ch05,1901626.591571,1901626.5869140625,1.2763687213669126
PB20.13.13_Comb23Ch06,1962585.453875,1962585.44921875,1.5638930904887174
PB20.13.13_Comb23Ch07,2015380.864032,2015380.859375,1.5321620373013656
PB20.13.13_Comb23Ch08,2071838.383563,2071838.37890625,1.6852616305606203
PB20.13.13_Comb23Ch09,2175521.855243,2175521.8505859375,1.0457696639004839
PB20.13.13_Comb23Ch10,2240371.708758,2240371.7041015625,1.5974697923533752
PB20.13.13_Comb23Ch11,2313995.365985,2313995.361328125,1.5814497544272044
PB20.13.13_Comb23Ch12,2391586.308368,2391586.3037109375,1.7147090963936245
PB20.13.13_Comb23Ch13,2433547.978289,2433547.9736328125,1.492740513008073
PB20.13.13_Comb23Ch14,2508392.338641,2508392.333984375,1.3489277625168847
PB20.13.13_Comb23Ch15,2565612.797625,2565612.79296875,1.5444022093069891
PB20.13.13_Comb23Ch16,2662963.871844,2662963.8671875,1.37435630500402
PB20.13.13_Comb23Ch17,2709198.002703,2709197.998046875,1.7960575779478511
PB20.13.13_Comb23Ch18,2761535.649188,2761535.64453125,1.7303173197082555
PB20.13.13_Comb23Ch19,2852783.207782,2852783.203125,1.1107727055532517
PB20.13.13_Comb23Ch20,2935485.8445,2935485.83984375,1.3810712447891909
PB20.13.13_Comb23Ch21,2979812.626727,2979812.6220703125,1.8239652016538703
PB20.13.13_Comb23Ch22,3074569.706805,3074569.7021484375,1.5907426510713785
PB20.13.13_Comb23Ch23,3162689.213641,3162689.208984375,1.420850020136148
PB20.13.13_Comb23Ch24,3259048.466571,3259048.4619140625,1.3442325936341246
PB20.13.13_Comb23Ch25,3382110.60036,3382110.595703125,1.2828120864630195
PB20.13.13_Comb23Ch26,3474197.392352,3474197.3876953125,1.3118271515982456
PB20.13.13_Comb23Ch27,3586120.610125,3586120.60546875,2.1759519934463505
PB20.13.13_Comb23Ch28,3648757.939227,3648757.9345703125,1.7963332574222082
PB20.13.13_Comb23Ch29,3719177.25075,3719177.24609375,1.2347793417541661
PB20.13.13_Comb23Ch30,3817672.734149,3817672.7294921875,1.8218170584497257
PB20.13.13_Comb23Ch31,3939666.752703,3939666.748046875,1.7119758443052941
PB20.13.13_Comb23Ch32,4016876.22536,4016876.220703125,1.5747149704271817
PB20.13.13_Comb23Ch33,4129028.324969,4129028.3203125,1.3749311550375158
PB20.13.13_Comb23Ch34,4195327.763446,4195327.7587890625,1.2637458098896919
PB20.13.13_Comb23Ch35,4314575.199969,4314575.1953125,1.284584865235032
PB20.13.13_Comb23Ch36,4399642.948993,4399642.9443359375,1.26184448221589
PB20.13.13_Comb23Ch37,4508209.233172,4508209.228515625,2.0481401153026053
PB20.13.13_Comb23Ch38,4524841.31325,4524841.30859375,1.5854877157329197
PB20.13.13_Comb30Ch01,1653747.56325,1653747.55859375,1.3425469635536647
PB20.13.13_Comb30Ch02,1694488.530047,1694488.525390625,1.303581126045349
PB20.13.13_Comb30Ch03,1736068.730243,1736068.7255859375,1.3172647207110437
PB20.13.13_Comb30Ch04,1797943.119891,1797943.115234375,1.4861887899437618
PB20.13.13_Comb30Ch05,1843566.899188,1843566.89453125,1.4063452762215065
PB20.13.13_Comb30Ch06,1906127.934344,1906127.9296875,1.6525329107837157
PB20.13.13_Comb30Ch07,1957626.34743,1957626.3427734375,1.5311464575476834
PB20.13.13_Comb30Ch08,2017822.270282,2017822.265625,1.662059558062895
PB20.13.13_Comb30Ch09,2119293.217547,2119293.212890625,1.3682889710137778
PB20.13.13_Comb30Ch10,2247314.457782,2247314.453125,1.611980552048166
PB20.13.13_Comb30Ch11,2317581.181414,2317581.1767578125,1.478721380654941
PB20.13.13_Comb30Ch12,2364273.075946,2364273.0712890625,1.6767323068950042
PB20.13.13_Comb30Ch13,2437210.087664,2437210.0830078125,1.389954465215119
PB20.13.13_Comb30Ch14,2488403.324969,2488403.3203125,1.70465664376557
PB20.13.13_Comb30Ch15,2574310.307391,2574310.302734375,1.3120338253229455
PB20.13.13_Comb30Ch16,2626495.365985,2626495.361328125,1.6460409345309917
PB20.13.13_Comb30Ch17,2782058.720477,2782058.7158203125,1.6362500055821085
PB20.13.13_Comb30Ch18,2848892.216571,2848892.2119140625,1.3911323550714303
PB20.13.13_Comb30Ch19,2993087.773211,2993087.7685546875,1.616615015523584
PB20.13.13_Comb30Ch20,3063583.37868,3063583.3740234375,1.3458820734462806
PB20.13.13_Comb30Ch21,3375320.439227,NaN,NaN
PB20.13.13_Comb30Ch22,3484191.899188,3484191.89453125,1.7098408647261765
PB20.13.13_Comb30Ch23,3558731.083758,3558731.0791015625,1.8854813879244177
PB20.13.13_Comb30Ch24,3628082.280047,3628082.275390625,1.2847307434299402
PB20.13.13_Comb30Ch25,3823776.249774,3823776.2451171875,1.6400119369246573
PB20.13.13_Comb30Ch26,3897323.613055,3897323.6083984375,1.5845962703075847
PB20.13.13_Comb30Ch27,4014053.349383,4014053.3447265625,1.39523040204068
PB20.13.13_Comb30Ch28,4195556.645282,4195556.640625,1.294182896559612
PB20.13.13_Comb30Ch29,4279251.103289,4279251.0986328125,1.167955130617765
PB20.13.13_Comb30Ch30,4385986.332782,4385986.328125,1.9899376049877766
PB20.13.13_Comb30Ch31,4413299.565203,4413299.560546875,1.7975186640008571
PB20.13.13_Comb29Ch01,1685791.020282,1685791.015625,1.3284829342095226
PB20.13.13_Comb29Ch02,1733016.97243,1733016.9677734375,1.3782006847216421
PB20.13.13_Comb29Ch03,1777954.106219,1777954.1015625,1.316553554360646
PB20.13.13_Comb29Ch04,1836090.092547,1836090.087890625,1.3966260890777005
PB20.13.13_Comb29Ch05,1886978.154071,1886978.1494140625,1.3428151411275402
PB20.13.13_Comb29Ch06,1995010.380633,1995010.3759765625,1.5739242403477223
PB20.13.13_Comb29Ch07,2057037.358172,2057037.353515625,1.5255400718297756
PB20.13.13_Comb29Ch08,2178955.082782,2178955.078125,1.0193518253922573
PB20.13.13_Comb29Ch09,2231140.141375,2231140.13671875,1.4894104310983336
PB20.13.13_Comb29Ch10,2296905.522235,2296905.517578125,1.7140868814998895
PB20.13.13_Comb29Ch11,2358856.205828,2358856.201171875,1.5457460254436008
PB20.13.13_Comb29Ch12,2426528.935321,2426528.9306640625,1.5206656632707078
PB20.13.13_Comb29Ch13,2480392.460711,2480392.4560546875,1.366918605457175
PB20.13.13_Comb29Ch14,2562026.982196,2562026.9775390625,1.5195294006570024
PB20.13.13_Comb29Ch15,2625198.368914,2625198.3642578125,1.3639849823121706
PB20.13.13_Comb29Ch16,2689361.576922,2689361.572265625,1.5582140096265022
PB20.13.13_Comb29Ch17,2776870.732196,2776870.7275390625,1.5594288729965908
PB20.13.13_Comb29Ch18,2843399.052508,2843399.0478515625,1.1716427014315114
PB20.13.13_Comb29Ch19,2904357.914813,2904357.91015625,1.280741782405771
PB20.13.13_Comb29Ch20,2987747.197039,2987747.1923828125,1.5065051163518572
PB20.13.13_Comb29Ch21,3059768.681414,3059768.6767578125,1.5008344665755458
PB20.13.13_Comb29Ch22,3126144.413836,3126144.4091796875,1.3445610338679328
PB20.13.13_Comb29Ch23,3215789.799578,3215789.794921875,1.4101558198327722
PB20.13.13_Comb29Ch24,3378372.197039,3378372.1923828125,1.1973114551821618
PB20.13.13_Comb29Ch25,3464965.824969,3464965.8203125,1.2597491541099397
PB20.13.13_Comb29Ch26,3548812.870868,3548812.8662109375,1.5931519765463975
PB20.13.13_Comb29Ch27,3610305.790789,3610305.7861328125,1.6294208125917968
PB20.13.13_Comb29Ch28,3726959.233172,3726959.228515625,1.131556292570335
PB20.13.13_Comb29Ch29,3818130.497821,3818130.4931640625,1.5903247508250125
PB20.13.13_Comb29Ch30,3915710.453875,3915710.44921875,1.4712819390365464
PB20.13.13_Comb29Ch31,3995742.802508,3995742.7978515625,1.4712736299519433
PB20.13.13_Comb29Ch32,4086151.127703,4086151.123046875,1.3344198605293731
PB20.13.13_Comb29Ch33,4175872.807391,4175872.802734375,1.298825925053458
PB20.13.13_Comb29Ch34,4288177.494891,4288177.490234375,1.094235577750436
PB20.13.13_Comb29Ch35,4369125.370868,4369125.3662109375,1.177202718950716
PB20.13.13_Comb29Ch36,4481124.882586,4481124.8779296875,1.6322419117330944
PB20.13.13_Comb29Ch37,4475097.660907,4475097.65625,1.6867406949364896
PB20.13.13_Comb26Ch01,1636657.7195,1636657.71484375,1.2927736985304368
PB20.13.13_Comb26Ch02,1689529.423602,1689529.4189453125,1.3000217107743386
PB20.13.13_Comb26Ch03,1735916.142352,1735916.1376953125,1.3553737049513317
PB20.13.13_Comb26Ch04,1789398.198016,1789398.193359375,1.282978741023278
PB20.13.13_Comb26Ch05,1829681.401141,1829681.396484375,1.3838106054886146
PB20.13.13_Comb26Ch06,1887969.97536,1887969.970703125,1.619728250996212
PB20.13.13_Comb26Ch07,1956405.644305,1956405.6396484375,1.5728589395474915
PB20.13.13_Comb26Ch08,2001113.896258,2001113.8916015625,1.6344435663379713
PB20.13.13_Comb26Ch09,2103576.664813,2103576.66015625,1.0791318205353118
PB20.13.13_Comb26Ch10,2162475.590594,2162475.5859375,1.6152226455315295
PB20.13.13_Comb26Ch11,2225875.859149,2225875.8544921875,1.5478026874124704
PB20.13.13_Comb26Ch12,2312545.781024,2312545.7763671875,1.6870659946915334
PB20.13.13_Comb26Ch13,2344589.238055,2344589.2333984375,1.6084064946346186
PB20.13.13_Comb26Ch14,2436981.205828,2436981.201171875,1.421088725355524
PB20.13.13_Comb26Ch15,2486572.270282,2486572.265625,1.6104675084842077
PB20.13.13_Comb26Ch16,2557067.87575,2557067.87109375,1.415428543632245
PB20.13.13_Comb26Ch17,2629241.948016,2629241.943359375,1.652783378363242
PB20.13.13_Comb26Ch18,2679595.951922,2679595.947265625,1.586119845968591
PB20.13.13_Comb26Ch19,2758941.655047,2758941.650390625,1.1621737136064438
PB20.13.13_Comb26Ch20,2821044.926532,2821044.921875,1.5129969263152838
PB20.13.13_Comb26Ch21,2893981.93825,2893981.93359375,1.591497197394208
PB20.13.13_Comb26Ch22,2983322.148211,2983322.1435546875,1.6648739965887875
PB20.13.13_Comb26Ch23,3041458.134539,3041458.1298828125,1.477073011256375
PB20.13.13_Comb26Ch24,3153762.822039,3153762.8173828125,1.451619836989484
PB20.13.13_Comb26Ch25,3286209.111102,3286209.1064453125,1.3344957907897115
PB20.13.13_Comb26Ch26,3373870.854266,3373870.849609375,1.3208463274893505
PB20.13.13_Comb26Ch27,3457260.136493,3457260.1318359375,1.9013665886444029
PB20.13.13_Comb26Ch28,3550033.573993,3550033.5693359375,1.7494936358262685
PB20.13.13_Comb26Ch29,3701553.349383,3701553.3447265625,1.6847348264522561
PB20.13.13_Comb26Ch30,3804931.645282,3804931.640625,1.7329269929209805
PB20.13.13_Comb26Ch31,3903427.12868,3903427.1240234375,1.6346271719786178
PB20.13.13_Comb26Ch32,3987426.762469,3987426.7578125,1.6197614008295798
PB20.13.13_Comb26Ch33,4085922.245868,4085922.2412109375,1.3018891927173948
PB20.13.13_Comb26Ch34,4173278.81325,4173278.80859375,1.1890488780573707
PB20.13.13_Comb26Ch35,4279174.809344,4279174.8046875,1.2947162267384218
PB20.13.13_Comb26Ch36,4349823.002703,4349822.998046875,2.081958741244858
PB20.13.13_Comb26Ch37,4394836.430438,4394836.42578125,1.7900629836485806
PB20.13.12_Comb28Ch01,1590728.764422,1590728.759765625,1.8780427766209102
PB20.13.12_Comb28Ch02,1635818.486102,1635818.4814453125,1.6396942703004604
PB20.13.12_Comb28Ch03,1740570.073016,1740570.068359375,1.3281172738769982
PB20.13.12_Comb28Ch04,1795730.595477,1795730.5908203125,1.8901513401105263
PB20.13.12_Comb28Ch05,1836471.562274,1836471.5576171875,1.4716966087246046
PB20.13.12_Comb28Ch06,1882934.574969,1882934.5703125,1.4675022809816982
PB20.13.12_Comb28Ch07,1947937.016375,1947937.01171875,1.533245021088888
PB20.13.12_Comb28Ch08,2070541.386493,2070541.3818359375,1.06257269492092
PB20.13.12_Comb28Ch09,2116775.517352,2116775.5126953125,2.089021088259347
PB20.13.12_Comb28Ch10,2172088.627703,2172088.623046875,1.6860706230831715
PB20.13.12_Comb28Ch11,2227249.150164,2227249.1455078125,1.5604714386891951
PB20.13.12_Comb28Ch12,2293777.470477,2293777.4658203125,1.370823542611093
PB20.13.12_Comb28Ch13,2405242.924578,2405242.919921875,1.462815069021635
PB20.13.12_Comb28Ch14,2486114.50661,2486114.501953125,1.4923580191497163
PB20.13.12_Comb28Ch15,2539367.680438,2539367.67578125,1.524575061549661
PB20.13.12_Comb28Ch16,2598648.075946,2598648.0712890625,1.53552160395082
PB20.13.12_Comb28Ch17,2699661.259539,2699661.2548828125,1.077134371941184
PB20.13.12_Comb28Ch18,2758331.303485,2758331.298828125,2.079087378974448
PB20.13.12_Comb28Ch19,2803955.082782,2803955.078125,1.68675842902128
PB20.13.12_Comb28Ch20,2876510.624774,2876510.6201171875,1.6000351687462753
PB20.13.12_Comb28Ch21,2984085.087664,2984085.0830078125,1.630892122605524
PB20.13.12_Comb28Ch22,3129730.229266,3129730.224609375,1.353972760419193
PB20.13.12_Comb28Ch23,3207092.289813,3207092.28515625,2.0063936272461684
PB20.13.12_Comb28Ch24,3283233.647235,3283233.642578125,1.6970420199350003
PB20.13.12_Comb28Ch25,3343048.10036,3343048.095703125,1.5225133889434093
PB20.13.12_Comb28Ch26,3420410.160907,3420410.15625,1.6021893496300594
PB20.13.12_Comb28Ch27,3535232.548602,3535232.5439453125,1.8785476981771918
PB20.13.12_Comb28Ch28,3583755.497821,3583755.4931640625,1.7142719299175528
PB20.13.12_Comb28Ch29,3667907.7195,3667907.71484375,1.546269773265559
PB20.13.12_Comb28Ch30,3741531.376727,3741531.3720703125,1.4497509047873474
PB20.13.12_Comb28Ch31,3891372.685321,3891372.6806640625,1.676260192809655
PB20.13.12_Comb28Ch32,3976058.964618,3976058.9599609375,1.35168702661911
PB20.13.12_Comb28Ch33,4072189.335711,4072189.3310546875,1.8400209103899907
PB20.13.12_Comb28Ch34,4159851.078875,4159851.07421875,1.6357683148372164
PB20.13.12_Comb28Ch35,4316558.842547,4316558.837890625,1.4583136761555187
PB20.13.13_Comb12Ch01,1649856.572039,1649856.5673828125,1.4693546306868244
PB20.13.13_Comb12Ch02,1685867.314227,1685867.3095703125,1.3880683195249268
PB20.13.13_Comb12Ch03,1732254.032977,1732254.0283203125,1.25421898971459
PB20.13.13_Comb12Ch04,1781692.509539,1781692.5048828125,1.3220498000463619
PB20.13.13_Comb12Ch05,1834945.683368,1834945.6787109375,1.5025671315113627
PB20.13.13_Comb12Ch06,1902847.294696,1902847.2900390625,1.9244458772772786
PB20.13.13_Comb12Ch07,1944427.494891,1944427.490234375,1.5111423736253171
PB20.13.13_Comb12Ch08,2002716.06911,2002716.064453125,1.5834245928065287
PB20.13.13_Comb12Ch09,2106094.365008,2106094.3603515625,1.0583414715127122
PB20.13.13_Comb12Ch10,2181854.252703,2181854.248046875,1.6180162643289104
PB20.13.13_Comb12Ch11,2244415.28786,2244415.283203125,1.8366552351307666
PB20.13.13_Comb12Ch12,2298736.576922,2298736.572265625,1.6489110302354293
PB20.13.13_Comb12Ch13,2355957.035907,2355957.03125,1.6096266168299704
PB20.13.13_Comb12Ch14,2420730.595477,2420730.5908203125,1.3701692090403883
PB20.13.13_Comb12Ch15,2486419.682391,2486419.677734375,1.5782701102010777
PB20.13.13_Comb12Ch16,2564620.976336,2564620.9716796875,1.8558946753950754
PB20.13.13_Comb12Ch17,2613296.513446,2613296.5087890625,1.5754396511600555
PB20.13.13_Comb12Ch18,2690048.22243,2690048.2177734375,1.6387949154964288
PB20.13.13_Comb12Ch19,2757110.60036,2757110.595703125,1.1289982411928992
PB20.13.13_Comb12Ch20,2842483.525164,2842483.5205078125,1.9108303562262061
PB20.13.13_Comb12Ch21,2911529.545672,2911529.541015625,1.8439182189441816
PB20.13.13_Comb12Ch22,2984924.321063,2984924.31640625,1.6466012105040706
PB20.13.13_Comb12Ch23,3058853.154071,3058853.1494140625,2.0381487954037705
PB20.13.13_Comb12Ch24,3130874.638446,3130874.6337890625,1.3568577833056892
PB20.13.13_Comb12Ch25,3292770.390399,3292770.3857421875,1.5120276562757546
PB20.13.13_Comb12Ch26,3371658.329852,3371658.3251953125,1.3777976458763697
PB20.13.13_Comb12Ch27,3465499.882586,3465499.8779296875,2.1795102516709712
PB20.13.13_Comb12Ch28,3526916.508563,3526916.50390625,1.5665298742902265
PB20.13.13_Comb12Ch29,3629074.101336,3629074.0966796875,1.3110249155929066
PB20.13.13_Comb12Ch30,3722457.890399,3722457.8857421875,2.2518600146983854
PB20.13.13_Comb12Ch31,3815002.446063,3815002.44140625,2.280976876604749
PB20.13.13_Comb12Ch32,3886184.697039,3886184.6923828125,1.4859257953858542
PB20.13.13_Comb12Ch33,3981018.071063,3981018.06640625,1.3845309793255955
PB20.13.13_Comb12Ch34,4066085.820086,4066085.8154296875,1.2336819746554695
PB20.13.13_Comb12Ch35,4185791.020282,4185791.015625,1.9162237861597275
PB20.13.13_Comb12Ch36,4264984.135516,4264984.130859375,1.1649609612573073
PB20.13.13_Comb12Ch37,4370727.543719,4370727.5390625,1.6737758756526
PB20.13.13_Comb12Ch38,4377899.174578,4377899.169921875,1.5490611871315583
PB20.13.13_Comb22Ch01,1639099.12575,1639099.12109375,1.2517058518829407
PB20.13.13_Comb22Ch02,1684570.317157,1684570.3125,1.3933075882857004
PB20.13.13_Comb22Ch03,1736679.081805,1736679.0771484375,1.331351728258766
PB20.13.13_Comb22Ch04,1889877.323993,1889877.3193359375,1.463500373755865
PB20.13.13_Comb22Ch05,1947937.016375,1947937.01171875,1.5331302703914889
PB20.13.13_Comb22Ch06,2167663.578875,2167663.57421875,1.4512680295923246
PB20.13.13_Comb22Ch07,2302322.392352,2302322.3876953125,1.474034981982923
PB20.13.13_Comb22Ch08,2479782.109149,2479782.1044921875,1.4789820698695948
PB20.13.13_Comb22Ch09,2552108.769305,2552108.7646484375,1.3224640436302917
PB20.13.13_Comb22Ch10,2686538.700946,2686538.6962890625,1.4613589873386907
PB20.13.13_Comb22Ch11,2827835.087664,2827835.0830078125,1.243964004771021
PB20.13.13_Comb22Ch12,2903900.151141,2903900.146484375,1.5139845459975285
PB20.13.13_Comb22Ch13,2979507.450946,2979507.4462890625,1.5080698965659938
PB20.13.13_Comb22Ch14,3037796.025164,3037796.0205078125,1.3410833540530316
PB20.13.13_Comb22Ch15,3140869.145282,3140869.140625,1.4256309168222168
PB20.13.13_Comb22Ch16,3447494.511493,3447494.5068359375,1.5044903503198381
PB20.13.13_Comb22Ch17,3621215.824969,3621215.8203125,1.1307325892583775
PB20.13.13_Comb22Ch18,3714752.201922,3714752.197265625,1.5126778400328986
PB20.13.13_Comb22Ch19,3807067.87575,3807067.87109375,1.4607148082378454
PB20.13.13_Comb22Ch20,3895111.088641,3895111.083984375,1.4528500296339366
PB20.13.13_Comb22Ch21,4344482.426532,4344482.421875,1.3612836134828286
PB20.13.28_Comb10Ch01,1711502.079852,1711502.0751953125,2.0413991805708918
PB20.13.28_Comb10Ch02,1760635.380633,1760635.3759765625,1.3878679906447713
PB20.13.28_Comb10Ch03,1795959.477313,1795959.47265625,3.7891079185565912
PB20.13.28_Comb10Ch04,1846771.244891,1846771.240234375,1.3344814271254164
PB20.13.28_Comb10Ch05,1905670.170672,1905670.166015625,1.8642280008644048
PB20.13.28_Comb10Ch06,1976013.18825,1976013.18359375,1.860001619364499
PB20.13.28_Comb10Ch07,2031707.768328,2031707.763671875,1.5490504568611367
PB20.13.28_Comb10Ch08,2080917.363055,2080917.3583984375,1.5921762666024881
PB20.13.28_Comb10Ch09,2136688.237078,2136688.232421875,4.345120519353741
PB20.13.28_Comb10Ch10,2177963.261493,2177963.2568359375,1.0696681033885982
PB20.13.28_Comb10Ch11,2251739.50661,2251739.501953125,2.3453225023732536
PB20.13.28_Comb10Ch12,2322158.818133,2322158.8134765625,1.7226657289566758
PB20.13.28_Comb10Ch13,2402648.930438,2402648.92578125,3.1130504176497578
PB20.13.28_Comb10Ch14,2432937.626727,2432937.6220703125,1.5976099863287476
PB20.13.28_Comb10Ch15,2518768.315203,2518768.310546875,1.829494312892132
PB20.13.28_Comb10Ch16,2565078.740008,2565078.7353515625,1.9871057114684776
PB20.13.28_Comb10Ch17,2676391.606219,2676391.6015625,1.2503416158959764
PB20.13.28_Comb10Ch18,2708740.239032,2708740.234375,1.740574002329967
PB20.13.28_Comb10Ch19,2762298.588641,2762298.583984375,4.443517729142587
PB20.13.28_Comb10Ch20,2857284.550555,2857284.5458984375,1.2021711376469015
PB20.13.28_Comb10Ch21,2995147.709735,2995147.705078125,4.9880334945754665
PB20.13.28_Comb10Ch22,3176879.887469,3176879.8828125,1.3204458703314266
PB20.13.28_Comb10Ch23,3265914.921649,3265914.9169921875,1.9388139257998742
PB20.13.28_Comb10Ch24,3315277.104266,3315277.099609375,1.500403044309138
PB20.13.28_Comb10Ch25,3394393.925555,3394393.9208984375,2.3311697052176683
PB20.13.28_Comb10Ch26,3483123.783953,3483123.779296875,1.4613168585305938
PB20.13.28_Comb10Ch27,3605804.448016,3605804.443359375,3.847458262078898
PB20.13.28_Comb10Ch28,3671646.122821,3671646.1181640625,1.7645770611295764
PB20.13.28_Comb10Ch29,3727111.821063,3727111.81640625,1.9021335293762351
PB20.13.28_Comb10Ch30,3835296.635516,NaN,NaN
PB20.13.28_Comb10Ch31,4018936.161883,4018936.1572265625,1.8175625371450743
PB20.13.28_Comb10Ch32,4143600.468524,4143600.4638671875,2.004175488452261
PB20.13.28_Comb10Ch33,4205551.152118,4205551.1474609375,1.4698036227849598
PB20.13.28_Comb10Ch34,4327163.700946,4327163.6962890625,2.2692439895200818
PB20.13.28_Comb10Ch35,4544296.269305,4544296.2646484375,1.4544614498711383
PB20.13.28_Comb10Ch36,4563140.873797,4563140.869140625,1.5674808321051654
PB20.13.13_Comb28Ch01,1639556.889422,1639556.884765625,1.2209449902811746
PB20.13.13_Comb28Ch02,1683044.43825,1683044.43359375,1.2818904624793463
PB20.13.13_Comb28Ch03,1728591.923602,1728591.9189453125,1.2862200642650408
PB20.13.13_Comb28Ch04,1780548.10036,1780548.095703125,1.208144220821436
PB20.13.13_Comb28Ch05,1827163.700946,1827163.6962890625,1.266340772137822
PB20.13.13_Comb28Ch06,1890563.9695,1890563.96484375,1.4690303769047905
PB20.13.13_Comb28Ch07,1943969.731219,1943969.7265625,1.4585883215861133
PB20.13.13_Comb28Ch08,1995010.380633,1995010.3759765625,1.5583596193860536
PB20.13.13_Comb28Ch09,2101898.198016,2101898.193359375,1.0122864077439333
PB20.13.13_Comb28Ch10,2166595.463641,2166595.458984375,1.4835251286379783
PB20.13.13_Comb28Ch11,2227859.501727,2227859.4970703125,1.5109686413788215
PB20.13.13_Comb28Ch12,2297592.167743,2297592.1630859375,1.5435393734409026
PB20.13.13_Comb28Ch13,2344589.238055,2344589.2333984375,1.4688888099886876
PB20.13.13_Comb28Ch14,2419891.362078,2419891.357421875,1.2612574440618163
PB20.13.13_Comb28Ch15,2489089.970477,2489089.9658203125,1.4443057263851824
PB20.13.13_Comb28Ch16,2549057.011493,2549057.0068359375,1.2737696852109543
PB20.13.13_Comb28Ch17,2613906.865008,2613906.8603515625,1.6140678215642366
PB20.13.13_Comb28Ch18,2692947.392352,2692947.3876953125,1.5718680933691023
PB20.13.13_Comb28Ch19,2750625.615008,2750625.6103515625,1.0500733726781617
PB20.13.13_Comb28Ch20,2828979.496844,2828979.4921875,1.2567307805732115
PB20.13.13_Comb28Ch21,2907943.730243,2907943.7255859375,1.6063406859854474
PB20.13.13_Comb28Ch22,2982559.208758,2982559.2041015625,1.4288133055026546
PB20.13.13_Comb28Ch23,3036117.558368,3036117.5537109375,1.3975245318298852
PB20.13.13_Comb28Ch24,3130340.580828,3130340.576171875,1.2538274986153612
PB20.13.13_Comb28Ch25,3290863.041766,3290863.037109375,1.2034474596111815
PB20.13.13_Comb28Ch26,3372955.326922,3372955.322265625,1.2960871046216038
PB20.13.13_Comb28Ch27,3442764.286883,3442764.2822265625,1.6050074629463917
PB20.13.13_Comb28Ch28,3524703.984149,3524703.9794921875,1.608670723848206
PB20.13.13_Comb28Ch29,3622283.940203,3622283.935546875,1.16591987783893
PB20.13.13_Comb28Ch30,3718948.368914,3718948.3642578125,1.6556119579468012
PB20.13.13_Comb28Ch31,3808746.342547,3808746.337890625,1.4286218040329843
PB20.13.13_Comb28Ch32,3889923.10036,3889923.095703125,1.3920109565867582
PB20.13.13_Comb28Ch33,3967514.042743,3967514.0380859375,1.1813025146298322
PB20.13.13_Comb28Ch34,4063873.295672,4063873.291015625,1.1264485261187713
PB20.13.13_Comb28Ch35,4180145.268328,4180145.263671875,1.0939463993265772
PB20.13.13_Comb28Ch36,4268417.363055,4268417.3583984375,1.115640587270053
PB20.13.13_Comb28Ch37,4346008.305438,4346008.30078125,1.6344346619855858
PB20.13.13_Comb28Ch38,4367980.961688,4367980.95703125,1.6551083223517007
PB20.13.15_Comb05Ch01,1639175.419696,1639175.4150390625,1.4847934377118683
PB20.13.15_Comb05Ch02,1678466.801532,1678466.796875,1.464469569715928
PB20.13.15_Comb05Ch03,1729049.687274,1729049.6826171875,1.5942016634424125
PB20.13.15_Comb05Ch04,1785507.206805,1785507.2021484375,1.457590578705
PB20.13.15_Comb05Ch05,1832199.101336,1832199.0966796875,1.5089044880923825
PB20.13.15_Comb05Ch06,1890792.851336,1890792.8466796875,1.650005533760161
PB20.13.15_Comb05Ch07,1938018.803485,1938018.798828125,1.6179211186998461
PB20.13.15_Comb05Ch08,2002258.305438,2002258.30078125,1.6141971110383706
PB20.13.15_Comb05Ch09,2116775.517352,2116775.5126953125,0.93099231412159
PB20.13.15_Comb05Ch10,2171630.864032,2171630.859375,1.6146088569877945
PB20.13.15_Comb05Ch11,2231445.317157,2231445.3125,1.564648332633247
PB20.13.15_Comb05Ch12,2291336.064227,2291336.0595703125,1.6520180947337226
PB20.13.15_Comb05Ch13,2357864.384539,2357864.3798828125,1.550337326353377
PB20.13.15_Comb05Ch14,2414703.373797,2414703.369140625,1.5132164954229337
PB20.13.15_Comb05Ch15,2473754.887469,2473754.8828125,1.588750445668287
PB20.13.15_Comb05Ch16,2550659.184344,2550659.1796875,1.475237734473414
PB20.13.15_Comb05Ch17,2766571.049578,2766571.044921875,0.9466212085370641
PB20.13.15_Comb05Ch18,2825851.445086,2825851.4404296875,1.4348144341643756
PB20.13.15_Comb05Ch19,2967453.007586,2967453.0029296875,1.4867404646992857
PB20.13.15_Comb05Ch20,3038864.140399,3038864.1357421875,1.3769082481216826
PB20.13.15_Comb05Ch21,3124084.477313,3124084.47265625,1.3848580735497737
PB20.13.15_Comb05Ch22,3198699.955828,3198699.951171875,1.3587546752718358
PB20.13.15_Comb05Ch23,3357009.892352,3357009.8876953125,1.284417391951328
PB20.13.15_Comb05Ch24,3451461.796649,3451461.7919921875,1.6805899572215954
PB20.13.15_Comb05Ch25,3614044.19411,3614044.189453125,1.297253052895314
PB20.13.15_Comb05Ch26,3791046.147235,3791046.142578125,1.5096864658852887
PB20.13.15_Comb05Ch27,3873748.783953,3873748.779296875,1.5144505820363416
PB20.13.15_Comb05Ch28,3972091.679461,3972091.6748046875,1.3899288996395334
PB20.13.15_Comb05Ch29,4067382.817157,4067382.8125,1.3251976235625682
PB20.13.15_Comb05Ch30,4247360.234149,4247360.2294921875,1.187180007533686
PB20.13.15_Comb05Ch31,4358520.512469,4358520.5078125,1.7868511615651335
PB20.13.15_Comb05Ch32,4560317.997821,NaN,NaN
PB20.13.28_Comb07Ch01,1694793.705828,1694793.701171875,1.4364676690133646
PB20.13.28_Comb07Ch02,1753463.749774,1753463.7451171875,1.2903616136510547
PB20.13.28_Comb07Ch03,1782302.861102,1782302.8564453125,2.1133957421230156
PB20.13.28_Comb07Ch04,1844787.602313,1844787.59765625,1.2526743609365536
PB20.13.28_Comb07Ch05,1901321.415789,1901321.4111328125,1.4384582668353647
PB20.13.28_Comb07Ch06,1964187.626727,1964187.6220703125,1.6329315114254372
PB20.13.28_Comb07Ch07,2014923.10036,NaN,NaN
PB20.13.28_Comb07Ch08,2070999.150164,2070999.1455078125,1.9203091022178567
PB20.13.28_Comb07Ch09,2122726.445086,2122726.4404296875,1.567748104166205
PB20.13.28_Comb07Ch10,2186126.713641,2186126.708984375,1.0148948179020367
PB20.13.28_Comb07Ch11,2237396.244891,2237396.240234375,1.7344090198378184
PB20.13.28_Comb07Ch12,2309341.435321,2309341.4306640625,1.5113156240522938
PB20.13.28_Comb07Ch13,2387695.317157,2387695.3125,2.3968485168161586
PB20.13.28_Comb07Ch14,2437515.263446,2437515.2587890625,1.5108778945843024
PB20.13.28_Comb07Ch15,2499389.653094,2499389.6484375,1.4656395467938026
PB20.13.28_Comb07Ch16,2572479.252703,2572479.248046875,1.596634654462955
PB20.13.28_Comb07Ch17,2656555.180438,2656555.17578125,1.6865975469008165
PB20.13.28_Comb07Ch18,2697830.204852,2697830.2001953125,1.8981531030966425
PB20.13.28_Comb07Ch19,2859954.838641,2859954.833984375,1.0637387197440067
PB20.13.28_Comb07Ch20,2928009.03786,2928009.033203125,1.6691721492405158
PB20.13.28_Comb07Ch21,2999801.640399,2999801.6357421875,1.7044889843915179
PB20.13.28_Comb07Ch22,3085174.565203,3085174.560546875,1.6899973085286366
PB20.13.28_Comb07Ch23,3151245.121844,3151245.1171875,1.8454774738819026
PB20.13.28_Comb07Ch24,3250656.132586,3250656.1279296875,1.5749619259001886
PB20.13.28_Comb07Ch25,3292694.096453,3292694.091796875,1.3696648651622358
PB20.13.28_Comb07Ch26,3394012.455828,3394012.451171875,1.5584907756577253
PB20.13.28_Comb07Ch27,3474273.686297,3474273.681640625,1.270807796098888
PB20.13.28_Comb07Ch28,3581542.973407,3581542.96875,3.343488257319508
PB20.13.28_Comb07Ch29,3634567.265399,3634567.2607421875,2.0878410402748933
PB20.13.28_Comb07Ch30,3730468.754657,3730468.75,1.456183887727522
PB20.13.28_Comb07Ch31,3839950.56618,3839950.5615234375,1.9202792765241306
PB20.13.28_Comb07Ch32,3953170.781024,3953170.7763671875,1.8504352709656964
PB20.13.28_Comb07Ch33,4013900.761493,4013900.7568359375,2.09644549788136
PB20.13.28_Comb07Ch34,4128799.443133,4128799.4384765625,1.669109545334176
PB20.13.28_Comb07Ch35,4188842.778094,4188842.7734375,1.427788016203692
PB20.13.28_Comb07Ch36,4322814.946063,4322814.94140625,1.5926584263306367
PB20.13.28_Comb07Ch37,4403686.528094,NaN,NaN
PB20.13.28_Comb07Ch38,4511795.048602,4511795.0439453125,2.301964816655896
PB20.13.28_Comb03Ch01,1690368.657,1690368.65234375,2.211790843323983
PB20.13.28_Comb03Ch02,1731643.681414,1731643.6767578125,1.4794641428092545
PB20.13.28_Comb03Ch03,1778869.633563,1778869.62890625,1.4260170949034914
PB20.13.28_Comb03Ch04,1839141.85036,1839141.845703125,1.309251519720518
PB20.13.28_Comb03Ch05,1894683.842547,1894683.837890625,1.9792854193592126
PB20.13.28_Comb03Ch06,1950225.834735,1950225.830078125,1.564056050747365
PB20.13.28_Comb03Ch07,1994781.498797,1994781.494140625,1.584309784160923
PB20.13.28_Comb03Ch08,2067413.334735,2067413.330078125,1.6277868099197383
PB20.13.28_Comb03Ch09,2120513.920672,2120513.916015625,1.693323534809398
PB20.13.28_Comb03Ch10,2190856.93825,2190856.93359375,1.0578428472043888
PB20.13.28_Comb03Ch11,2231521.611102,2231521.6064453125,2.2832901617335737
PB20.13.28_Comb03Ch12,2298583.989032,2298583.984375,1.7133615883321314
PB20.13.28_Comb03Ch13,2361984.257586,2361984.2529296875,1.6227207388765152
PB20.13.28_Comb03Ch14,2436065.678485,2436065.673828125,1.5555577013944277
PB20.13.28_Comb03Ch15,2484970.09743,2484970.0927734375,1.7778650275619807
PB20.13.28_Comb03Ch16,2544708.25661,2544708.251953125,1.698067423820363
PB20.13.28_Comb03Ch17,2632522.587664,2632522.5830078125,1.3167982681976687
PB20.13.28_Comb03Ch18,2686614.994891,2686614.990234375,1.7509878545121735
PB20.13.28_Comb03Ch19,2758560.185321,2758560.1806640625,1.8217710539057115
PB20.13.28_Comb03Ch20,2851791.386493,2851791.3818359375,1.0548629475762101
PB20.13.28_Comb03Ch21,2912826.542743,2912826.5380859375,2.558525503106074
PB20.13.28_Comb03Ch22,2982406.620868,2982406.6162109375,1.853310760671061
PB20.13.28_Comb03Ch23,3053970.341571,3053970.3369140625,1.656392508818103
PB20.13.28_Comb03Ch24,3135223.393328,3135223.388671875,1.315560439939445
PB20.13.28_Comb03Ch25,3216934.208758,3216934.2041015625,1.7181358276921124
PB20.13.28_Comb03Ch26,3286972.050555,3286972.0458984375,1.5878110150276294
PB20.13.28_Comb03Ch27,3363723.759539,3363723.7548828125,1.756191241750093
PB20.13.28_Comb03Ch28,3451004.032977,3451004.0283203125,1.505336041530688
PB20.13.28_Comb03Ch29,3557434.086688,3557434.08203125,1.770939635177874
PB20.13.28_Comb03Ch30,3621292.118914,3621292.1142578125,1.765400620475941
PB20.13.28_Comb03Ch31,3708190.922625,3708190.91796875,2.0689205790148875
PB20.13.28_Comb03Ch32,3812637.333758,3812637.3291015625,1.932867280562666
PB20.13.28_Comb03Ch33,3897171.025164,3897171.0205078125,1.6480797102862879
PB20.13.28_Comb03Ch34,3978347.782977,3978347.7783203125,1.7688104312151123
PB20.13.28_Comb03Ch35,4093322.758563,4093322.75390625,2.0029783041219744
PB20.13.28_Comb03Ch36,4170913.700946,4170913.6962890625,1.3616303175718274
PB20.13.28_Comb03Ch37,4281311.039813,4281311.03515625,1.7750286530008912
PB20.13.28_Comb03Ch38,4359283.451922,4359283.447265625,1.3937315343340924
PB20.13.12_Comb26Ch01,1605758.671649,1605758.6669921875,1.3463894169813524
PB20.13.12_Comb26Ch02,1656951.908953,1656951.904296875,1.972297299842462
PB20.13.12_Comb26Ch03,1694259.648211,1694259.6435546875,1.4742016624698437
PB20.13.12_Comb26Ch04,1751785.282977,1751785.2783203125,2.0334465029072035
PB20.13.12_Comb26Ch05,1810989.384539,1810989.3798828125,1.4902053171288694
PB20.13.12_Comb26Ch06,1856307.988055,1856307.9833984375,1.6768506472189384
PB20.13.12_Comb26Ch07,1961059.574969,1961059.5703125,1.6172155427590034
PB20.13.12_Comb26Ch08,2015380.864032,2015380.859375,1.3275160467000195
PB20.13.12_Comb26Ch09,2085723.88161,2085723.876953125,1.082620440610105
PB20.13.12_Comb26Ch10,2133331.303485,2133331.298828125,1.4075844549678642
PB20.13.12_Comb26Ch11,2194213.871844,2194213.8671875,2.0689770706065387
PB20.13.12_Comb26Ch12,2312774.66286,2312774.658203125,2.0036363121277603
PB20.13.12_Comb26Ch13,2374114.994891,2374114.990234375,1.5189836953268054
PB20.13.12_Comb26Ch14,2423934.94118,2423934.9365234375,1.6855442480373517
PB20.13.12_Comb26Ch15,2518920.903094,2518920.8984375,1.6736398444688685
PB20.13.12_Comb26Ch16,2551269.535907,2551269.53125,1.688322892791287
PB20.13.12_Comb26Ch17,2621688.84743,2621688.8427734375,1.3036421900784154
PB20.13.12_Comb26Ch18,2719802.861102,2719802.8564453125,1.0579931053953682
PB20.13.12_Comb26Ch19,2787399.296649,2787399.2919921875,1.5342203666150542
PB20.13.12_Comb26Ch20,2829513.554461,2829513.5498046875,1.3395562156491252
PB20.13.12_Comb26Ch21,2903366.093524,2903366.0888671875,1.7014679799599894
PB20.13.12_Comb26Ch22,3014984.135516,3014984.130859375,1.6418531253098587
PB20.13.12_Comb26Ch23,3079223.637469,3079223.6328125,1.7106122398329158
PB20.13.12_Comb26Ch24,3143920.903094,3143920.8984375,1.9998642476309914
PB20.13.12_Comb26Ch25,3230972.294696,3230972.2900390625,1.482061118820583
PB20.13.12_Comb26Ch26,3304672.245868,3304672.2412109375,1.9314532468598353
PB20.13.12_Comb26Ch27,3371810.917743,3371810.9130859375,1.6279277939932866
PB20.13.12_Comb26Ch28,3439865.116961,3439865.1123046875,1.6417896025357617
PB20.13.12_Comb26Ch29,3555908.207782,NaN,NaN
PB20.13.12_Comb26Ch30,3613433.842547,3613433.837890625,1.4117414463466824
PB20.13.12_Comb26Ch31,3704910.282977,3704910.2783203125,1.8728950420114858
PB20.13.12_Comb26Ch32,3775177.00661,3775177.001953125,1.4112153758401815
PB20.13.12_Comb26Ch33,3921966.557391,3921966.552734375,1.9750061507283942
PB20.13.12_Comb26Ch34,3997116.093524,3997116.0888671875,1.713743239150922
PB20.13.12_Comb26Ch35,4108200.077899,4108200.0732421875,1.4085437909865117
PB20.13.12_Comb26Ch36,4197769.169696,4197769.1650390625,1.7546784622312075
PB20.13.12_Comb26Ch37,4244689.946063,4244689.94140625,1.3556993359563774
PB20.13.12_Comb26Ch38,4342575.077899,4342575.0732421875,1.5131433781316392
PB20.13.13_Comb09Ch01,1637649.540789,1637649.5361328125,1.2225664993472236
PB20.13.13_Comb09Ch02,1683273.320086,1683273.3154296875,1.3431884792845064
PB20.13.13_Comb09Ch03,1731567.387469,1731567.3828125,1.2775840824349394
PB20.13.13_Comb09Ch04,1783218.388446,1783218.3837890625,1.2851849840179945
PB20.13.13_Comb09Ch05,1825561.528094,1825561.5234375,1.3065910822443492
PB20.13.13_Comb09Ch06,1888351.445086,1888351.4404296875,1.561384752120263
PB20.13.13_Comb09Ch07,1945419.31618,1945419.3115234375,1.4590994517502578
PB20.13.13_Comb09Ch08,1996154.789813,1996154.78515625,1.499559180060828
PB20.13.13_Comb09Ch09,2055816.655047,2055816.650390625,1.5145373886633777
PB20.13.13_Comb09Ch10,2106094.365008,2106094.3603515625,1.0770528798168408
PB20.13.13_Comb09Ch11,2168121.342547,2168121.337890625,1.5346224853852015
PB20.13.13_Comb09Ch12,2223968.510516,2223968.505859375,1.6782754913736675
PB20.13.13_Comb09Ch13,2299041.752703,2299041.748046875,1.4894073523389317
PB20.13.13_Comb09Ch14,2349700.932391,2349700.927734375,1.5323003530413069
PB20.13.13_Comb09Ch15,2421569.828875,2421569.82421875,1.3596166156973057
PB20.13.13_Comb09Ch16,2493133.549578,2493133.544921875,1.5053304209832084
PB20.13.13_Comb09Ch17,2546310.429461,2546310.4248046875,1.3353671887304055
PB20.13.13_Comb09Ch18,2619781.498797,2619781.494140625,1.5752281974311126
PB20.13.13_Comb09Ch19,2702331.547625,2702331.54296875,1.488368799682099
PB20.13.13_Comb09Ch20,2753067.021258,2753067.0166015625,1.0887524081569913
PB20.13.13_Comb09Ch21,2824783.329852,NaN,NaN
PB20.13.13_Comb09Ch22,2911376.957782,2911376.953125,1.552435663356887
PB20.13.13_Comb09Ch23,2982788.090594,2982788.0859375,1.5412415755190576
PB20.13.13_Comb09Ch24,3130722.050555,3130722.0458984375,1.2826409037699504
PB20.13.13_Comb09Ch25,3206558.232196,3206558.2275390625,1.2856315223687431
PB20.13.13_Comb09Ch26,3293228.154071,3293228.1494140625,1.2469458060259897
PB20.13.13_Comb09Ch27,3379135.136493,3379135.1318359375,1.3173707916308732
PB20.13.13_Comb09Ch28,3444290.165789,3444290.1611328125,1.6135450364656043
PB20.13.13_Comb09Ch29,3528671.269305,3528671.2646484375,1.5337038790083863
PB20.13.13_Comb09Ch30,3634033.207782,3634033.203125,1.1877347971566652
PB20.13.13_Comb09Ch31,3718490.605243,3718490.6005859375,1.6333063719657603
PB20.13.13_Comb09Ch32,3807754.521258,3807754.5166015625,1.4916410626904872
PB20.13.13_Comb09Ch33,3894653.324969,3894653.3203125,1.4331055866673383
PB20.13.13_Comb09Ch34,3964614.872821,3964614.8681640625,1.2441891505364155
PB20.13.13_Comb09Ch35,4075775.151141,4075775.146484375,1.2021502886197306
PB20.13.13_Comb09Ch36,4178543.095477,4178543.0908203125,1.130471515242769
PB20.13.13_Comb09Ch37,4267959.599383,4267959.5947265625,1.1315648707391661
PB20.13.13_Comb09Ch38,4346389.775164,4346389.7705078125,1.667424128054024
PB20.13.13_Comb09Ch39,4370117.192157,4370117.1875,1.4106959231796774
PB20.13.13_Comb01Ch01,1690216.06911,1690216.064453125,1.347449413093334
PB20.13.13_Comb01Ch02,1742630.009539,1742630.0048828125,1.2421373063433168
PB20.13.13_Comb01Ch03,1781692.509539,1781692.5048828125,1.3051906924454122
PB20.13.13_Comb01Ch04,1833496.098407,1833496.09375,1.304141185018638
PB20.13.13_Comb01Ch05,1891632.084735,1891632.080078125,1.3383192724469184
PB20.13.13_Comb01Ch06,1954956.059344,1954956.0546875,1.6239115396717867
PB20.13.13_Comb01Ch07,2003936.772235,2003936.767578125,1.6312777569069912
PB20.13.13_Comb01Ch08,2060699.467547,2060699.462890625,1.7758461050104506
PB20.13.13_Comb01Ch09,2177963.261493,2177963.2568359375,1.0255216624298582
PB20.13.13_Comb01Ch10,2235870.365985,2235870.361328125,1.691110134324413
PB20.13.13_Comb01Ch11,2303237.919696,2303237.9150390625,1.5891236646565345
PB20.13.13_Comb01Ch12,2368545.536883,NaN,NaN
PB20.13.13_Comb01Ch13,2430877.690203,2430877.685546875,1.6195950536118777
PB20.13.13_Comb01Ch14,2488021.855243,2488021.8505859375,1.47088287200404
PB20.13.13_Comb01Ch15,2571029.667743,2571029.6630859375,1.6825919255862198
PB20.13.13_Comb01Ch16,2638778.69118,2638778.6865234375,1.3198002652544862
PB20.13.13_Comb01Ch17,2691726.689227,2691726.6845703125,1.6475997252414674
PB20.13.13_Comb01Ch18,2781829.838641,2781829.833984375,1.600420379979279
PB20.13.13_Comb01Ch19,2843017.582782,2843017.578125,1.0882797916274496
PB20.13.13_Comb01Ch20,2916870.121844,2916870.1171875,1.4505039234389316
PB20.13.13_Comb01Ch21,2996292.118914,2996292.1142578125,1.659121858194621
PB20.13.13_Comb01Ch22,3136901.860125,3136901.85546875,1.3628137878016224
PB20.13.13_Comb01Ch23,3224792.485125,3224792.48046875,1.4400232322808446
PB20.13.13_Comb01Ch24,3474121.098407,3474121.09375,1.329066309766619
PB20.13.13_Comb01Ch25,3559188.84743,3559188.8427734375,1.7111528862069736
PB20.13.13_Comb01Ch26,3613204.960711,3613204.9560546875,1.6907473000331386
PB20.13.13_Comb01Ch27,3828582.768328,3828582.763671875,1.6014229871914614
PB20.13.13_Comb01Ch28,3933334.355243,3933334.3505859375,1.5973810453316448
PB20.13.13_Comb01Ch29,4007873.539813,4007873.53515625,1.615835221147054
PB20.13.13_Comb01Ch30,4098587.040789,4098587.0361328125,1.2661152583951554
PB20.13.13_Comb01Ch31,4172668.461688,4172668.45703125,1.2281526637869342
PB20.13.13_Comb01Ch32,4307098.393328,4307098.388671875,1.2119749605039833
PB20.13.13_Comb01Ch33,4387130.741961,4387130.7373046875,1.0746963157712472
PB20.13.13_Comb01Ch34,4483032.231219,4483032.2265625,1.7903314723885946
PB20.13.13_Comb01Ch35,4493637.089618,4493637.0849609375,1.427435878085252
PB20.13.11_Comb25Ch01,1790618.901141,1790618.896484375,1.2283032697554224
PB20.13.11_Comb25Ch02,1854400.639422,1854400.634765625,1.2060939493019232
PB20.13.11_Comb25Ch03,1917953.495868,1917953.4912109375,1.1822409723302687
PB20.13.11_Comb25Ch04,1990966.801532,1990966.796875,1.4133656719787673
PB20.13.11_Comb25Ch05,2036285.405047,2036285.400390625,1.4439264123491076
PB20.13.11_Comb25Ch06,2094345.09743,2094345.0927734375,1.4425645726437448
PB20.13.11_Comb25Ch07,2187805.180438,2187805.17578125,1.0118787587563631
PB20.13.11_Comb25Ch08,2257690.434344,2257690.4296875,1.4626842135947051
PB20.13.11_Comb25Ch09,2327880.864032,2327880.859375,1.4412131220927158
PB20.13.11_Comb25Ch10,2421112.065203,2421112.060546875,1.4022185723916456
PB20.13.11_Comb25Ch11,2443084.721453,2443084.716796875,1.4747308814248519
PB20.13.11_Comb25Ch12,2513351.445086,2513351.4404296875,1.2160830976473236
PB20.13.11_Comb25Ch13,2575225.834735,2575225.830078125,1.5109325561715632
PB20.13.11_Comb25Ch14,2697982.792743,NaN,NaN
PB20.13.11_Comb25Ch15,2701721.196063,NaN,NaN
PB20.13.11_Comb25Ch16,2771301.274188,NaN,NaN
PB20.13.11_Comb25Ch17,2872390.751727,2872390.7470703125,1.0175978458657005
PB20.13.11_Comb25Ch18,3014526.371844,3014526.3671875,1.5453156989940802
PB20.13.11_Comb25Ch19,3117294.31618,3117294.3115234375,1.4078873759938795
PB20.13.11_Comb25Ch20,3190765.385516,3190765.380859375,1.231507713141149
PB20.13.11_Comb25Ch21,3279342.656024,3279342.6513671875,1.1377874747313879
PB20.13.11_Comb25Ch22,3300323.490985,3300323.486328125,1.2514952352648414
PB20.13.11_Comb25Ch23,3412017.826922,3412017.822265625,1.2398508453292698
PB20.13.11_Comb25Ch24,3485565.190203,3485565.185546875,1.254674121381582
PB20.13.11_Comb25Ch25,3633804.325946,3633804.3212890625,1.50085214508763
PB20.13.11_Comb25Ch26,3667984.013446,3667984.0087890625,1.4873303344040374
PB20.13.11_Comb25Ch27,3734970.09743,3734970.0927734375,1.2709812725855425
PB20.13.11_Comb25Ch28,3858261.113055,3858261.1083984375,1.6375025385265451
PB20.13.11_Comb25Ch29,3992614.75075,3992614.74609375,1.3997678019693156
PB20.13.11_Comb25Ch30,4030990.605243,4030990.6005859375,1.408040329750352
PB20.13.11_Comb25Ch31,4177551.274188,4177551.26953125,1.0577131472600816
PB20.13.11_Comb25Ch32,4198150.639422,4198150.634765625,1.1376723460889813
PB20.13.11_Comb25Ch33,4357681.279071,4357681.2744140625,1.1216999781708146
PB20.13.11_Comb25Ch34,4562606.81618,4562606.8115234375,1.2963427704153605
PB20.13.13_Comb21Ch01,1707992.558368,1707992.5537109375,1.2920634755105516
PB20.13.13_Comb21Ch02,1771698.002703,1771697.998046875,1.2323535855064456
PB20.13.13_Comb21Ch03,1791076.664813,1791076.66015625,1.2873219695849996
PB20.13.13_Comb21Ch04,1853103.642352,1853103.6376953125,1.2926498473887178
PB20.13.13_Comb21Ch05,1914596.562274,1914596.5576171875,1.2993783019061955
PB20.13.13_Comb21Ch06,1978149.418719,1978149.4140625,1.5267732102600955
PB20.13.13_Comb21Ch07,2032470.707782,2032470.703125,1.7959125208194504
PB20.13.13_Comb21Ch08,2085418.705828,2085418.701171875,1.7620459965387412
PB20.13.13_Comb21Ch09,2192611.698993,2192611.6943359375,1.0095390411150296
PB20.13.13_Comb21Ch10,2246856.69411,2246856.689453125,1.6373157563400402
PB20.13.13_Comb21Ch11,2412414.555438,2412414.55078125,1.5695345522389739
PB20.13.13_Comb21Ch12,2446746.830828,2446746.826171875,1.5217560652090576
PB20.13.13_Comb21Ch13,2517852.78786,2517852.783203125,1.3852948341596696
PB20.13.13_Comb21Ch14,2572784.428485,2572784.423828125,1.65220956783689
PB20.13.13_Comb21Ch15,2685317.997821,NaN,NaN
PB20.13.13_Comb21Ch16,2706451.420672,2706451.416015625,1.894335888481679
PB20.13.13_Comb21Ch17,2773132.328875,2773132.32421875,1.5137320892153165
PB20.13.13_Comb21Ch18,2866592.411883,2866592.4072265625,1.0588923506500398
PB20.13.13_Comb21Ch19,2952957.157977,2952957.1533203125,1.336682627352415
PB20.13.13_Comb21Ch20,3010330.204852,3010330.2001953125,1.6187198878553188
PB20.13.13_Comb21Ch21,3177642.826922,3177642.822265625,1.3658177986070887
PB20.13.13_Comb21Ch22,3274383.549578,3274383.544921875,1.3860584542484644
PB20.13.13_Comb21Ch23,3402023.320086,3402023.3154296875,1.3647168765206892
PB20.13.13_Comb21Ch24,3476181.03493,3476181.0302734375,1.2415548458223697
PB20.13.13_Comb21Ch25,3615493.779071,3615493.7744140625,1.7513670309670153
PB20.13.13_Comb21Ch26,3663101.200946,3663101.1962890625,1.7449273142112698
PB20.13.13_Comb21Ch27,3727645.87868,3727645.8740234375,1.3224700085026881
PB20.13.13_Comb21Ch28,3850021.366961,3850021.3623046875,1.6267854883511557
PB20.13.13_Comb21Ch29,3972930.91286,3972930.908203125,1.565173208204426
PB20.13.13_Comb21Ch30,4023208.622821,4023208.6181640625,1.735818962634742
PB20.13.13_Comb21Ch31,4159164.433368,4159164.4287109375,1.3358670540959445
PB20.13.13_Comb21Ch32,4196319.584735,4196319.580078125,1.2157890107880112
PB20.13.13_Comb21Ch33,4343109.135516,4343109.130859375,1.273368844385172
PB20.13.13_Comb21Ch34,4425201.420672,4425201.416015625,1.3516589224354454
PB20.13.13_Comb21Ch35,4529113.774188,4529113.76953125,1.6346463982275756
PB20.13.13_Comb21Ch36,4536437.992938,4536437.98828125,1.3995756804195847
PB20.13.13_Comb25Ch01,1705551.152118,1705551.1474609375,1.476808443741259
PB20.13.13_Comb25Ch02,1961669.926532,1961669.921875,1.5881528255793893
PB20.13.13_Comb25Ch03,2311172.490008,2311172.4853515625,1.6255566312496181
PB20.13.13_Comb25Ch04,2556076.054461,2556076.0498046875,1.6217371971309704
PB20.13.13_Comb25Ch05,2932357.792743,2932357.7880859375,1.6201324362664076
PB20.13.13_Comb25Ch06,3073196.415789,3073196.4111328125,1.6616255359151177
PB20.13.13_Comb25Ch07,3391189.579852,3391189.5751953125,1.6853749344691584
PB20.13.13_Comb25Ch08,3925628.666766,3925628.662109375,1.5597930411132745
PB20.13.13_Comb25Ch09,4313507.084735,4313507.080078125,1.692661757542196
PB20.13.28_Comb01Ch01,1697845.463641,1697845.458984375,1.4862412340463578
PB20.13.28_Comb01Ch02,1778335.575946,1778335.5712890625,1.4745746612818584
PB20.13.28_Comb01Ch03,1789550.785907,1789550.78125,2.4735430200546404
PB20.13.28_Comb01Ch04,1857299.809344,1857299.8046875,1.3964369954400773
PB20.13.28_Comb01Ch05,1911926.274188,1911926.26953125,1.5125322236566754
PB20.13.28_Comb01Ch06,1979827.885516,1979827.880859375,1.8686038319962637
PB20.13.28_Comb01Ch07,2087554.936297,2087554.931640625,1.910638575272175
PB20.13.28_Comb01Ch08,2123489.384539,2123489.3798828125,1.7110576730288205
PB20.13.28_Comb01Ch09,2183456.425555,2183456.4208984375,1.0983993924490296
PB20.13.28_Comb01Ch10,2233047.490008,2233047.4853515625,1.8439407773735652
PB20.13.28_Comb01Ch11,2313690.190203,2313690.185546875,1.7282240795813262
PB20.13.28_Comb01Ch12,2438507.084735,2438507.080078125,1.6950983098684378
PB20.13.28_Comb01Ch13,2526855.473407,2526855.46875,1.535781138835727
PB20.13.28_Comb01Ch14,2581100.468524,2581100.4638671875,1.902237909216244
PB20.13.28_Comb01Ch15,2694091.801532,2694091.796875,1.69755697894386
PB20.13.28_Comb01Ch16,2707672.123797,2707672.119140625,2.0635084233667405
PB20.13.28_Comb01Ch17,2777252.201922,2777252.197265625,1.787841196237606
PB20.13.28_Comb01Ch18,2868881.230243,2868881.2255859375,1.1396175896051686
PB20.13.28_Comb01Ch19,2942428.593524,2942428.5888671875,1.7016920457402287
PB20.13.28_Comb01Ch20,2997970.585711,2997970.5810546875,2.0056137595738006
PB20.13.28_Comb01Ch21,3112869.267352,3112869.2626953125,2.0805324044890283
PB20.13.28_Comb01Ch22,3175354.008563,3175354.00390625,1.7426066437863668
PB20.13.28_Comb01Ch23,3295211.796649,3295211.7919921875,1.2758872930106275
PB20.13.28_Comb01Ch24,3303680.424578,3303680.419921875,1.5665415236155453
PB20.13.28_Comb01Ch25,3396987.919696,3396987.9150390625,1.6562802965393673
PB20.13.28_Comb01Ch26,3484649.66286,3484649.658203125,1.4778189964413118
PB20.13.28_Comb01Ch27,3732376.103289,3732376.0986328125,1.448964824052134
PB20.13.28_Comb01Ch28,3841705.326922,3841705.322265625,2.1245868724085413
PB20.13.28_Comb01Ch29,4001998.906024,4001998.9013671875,2.527012358297572
PB20.13.28_Comb01Ch30,4042968.754657,4042968.75,2.049855117417029
PB20.13.28_Comb01Ch31,4183578.495868,4183578.4912109375,1.818637915545299
PB20.13.28_Comb01Ch32,4203643.803485,4203643.798828125,1.3827586177265896
PB20.13.28_Comb01Ch33,4339447.026141,4339447.021484375,1.8525598207121874
PB20.13.28_Comb01Ch34,4442825.322039,4442825.3173828125,1.7089580496472105
PB20.13.28_Comb01Ch35,4574890.141375,4574890.13671875,2.1118809483288987
PB20.13.12_Comb20Ch01,1726379.399188,1726379.39453125,1.2921512945384956
PB20.13.12_Comb20Ch02,1780700.68825,1780700.68359375,1.8389309835959922
PB20.13.12_Comb20Ch03,1836547.856219,1836547.8515625,1.3235738933516787
PB20.13.12_Comb20Ch04,1879959.111102,1879959.1064453125,1.4844680267539054
PB20.13.12_Comb20Ch05,1937332.157977,1937332.1533203125,1.623679680501492
PB20.13.12_Comb20Ch06,1993637.089618,1993637.0849609375,1.5819764523423474
PB20.13.12_Comb20Ch07,2053298.954852,2053298.9501953125,1.5739875013228335
PB20.13.12_Comb20Ch08,2104873.661883,2104873.6572265625,3.7237696309597705
PB20.13.12_Comb20Ch09,2167129.521258,2167129.5166015625,1.0741416923279203
PB20.13.12_Comb20Ch10,2228469.853289,2228469.8486328125,1.9355880519248059
PB20.13.12_Comb20Ch11,2356109.623797,2356109.619140625,2.901934377128594
PB20.13.12_Comb20Ch12,2415313.72536,2415313.720703125,1.5895844293417167
PB20.13.12_Comb20Ch13,2488021.855243,2488021.8505859375,1.549020796059001
PB20.13.12_Comb20Ch14,2548751.835711,2548751.8310546875,1.6810371597149751
PB20.13.12_Comb20Ch15,2620239.262469,2620239.2578125,1.3525105884669966
PB20.13.12_Comb20Ch16,2705459.599383,2705459.5947265625,1.6217451111779766
PB20.13.12_Comb20Ch17,2844238.285907,2844238.28125,1.1631356460587703
PB20.13.12_Comb20Ch18,3043975.834735,3043975.830078125,1.7148195386348135
PB20.13.12_Comb20Ch19,3215255.741961,3215255.7373046875,1.4969308431278563
PB20.13.12_Comb20Ch20,3304443.364032,3304443.359375,1.3203968050929038
PB20.13.12_Comb20Ch21,3361053.471453,3361053.466796875,1.67421957848431
PB20.13.12_Comb20Ch22,3458328.251727,3458328.2470703125,1.3548394450524661
PB20.13.12_Comb20Ch23,3538131.718524,3538131.7138671875,2.872392653027654
PB20.13.12_Comb20Ch24,3624801.640399,3624801.6357421875,1.7314846933080483
PB20.13.12_Comb20Ch25,3705291.752703,3705291.748046875,1.5556689947541016
PB20.13.12_Comb20Ch26,3793258.671649,3793258.6669921875,2.8908540804928173
PB20.13.12_Comb20Ch27,3890151.982196,3890151.9775390625,1.727378367000823
PB20.13.12_Comb20Ch28,3991012.577899,3991012.5732421875,1.702704431316157
PB20.13.12_Comb20Ch29,4075317.387469,4075317.3828125,1.5486334002416502
PB20.13.12_Comb20Ch30,4187622.074969,4187622.0703125,1.416847153512947
PB20.13.12_Comb20Ch31,4274978.642352,4274978.6376953125,1.4484122564284139
PB20.13.12_Comb20Ch32,4356994.633563,4356994.62890625,1.3876242620847268
PB20.13.12_Comb20Ch33,4488449.101336,4488449.0966796875,1.986216546523034
