Name,Nominal Frequency,Actual Frequency,Resistance
PB20.13.28_Comb05Ch01,1694564.823993,1694564.8193359375,1.6538359186505869
PB20.13.28_Comb05Ch02,1748046.879657,1748046.875,1.4946287633646633
PB20.13.28_Comb05Ch03,1784591.679461,1784591.6748046875,2.250199627916078
PB20.13.28_Comb05Ch04,1846771.244891,1846771.240234375,1.3782114780191232
PB20.13.28_Comb05Ch05,1901016.240008,1901016.2353515625,1.5624611240875586
PB20.13.28_Comb05Ch06,1958465.580828,1958465.576171875,1.7408580017313944
PB20.13.28_Comb05Ch07,2012786.869891,2012786.865234375,1.7318773321354497
PB20.13.28_Comb05Ch08,2073669.43825,2073669.43359375,1.6308402819877257
PB20.13.28_Comb05Ch09,2120437.626727,2120437.6220703125,2.9767114011926177
PB20.13.28_Comb05Ch10,2189559.94118,2189559.9365234375,1.0628364175382754
PB20.13.28_Comb05Ch11,2234573.368914,2234573.3642578125,1.7604099680476681
PB20.13.28_Comb05Ch12,2304229.740985,NaN,NaN
PB20.13.28_Comb05Ch13,2381668.095477,2381668.0908203125,2.409002373166247
PB20.13.28_Comb05Ch14,2439346.318133,2439346.3134765625,1.6170939745885553
PB20.13.28_Comb05Ch15,2500686.650164,2500686.6455078125,1.6378687459054162
PB20.13.28_Comb05Ch16,2557678.227313,2557678.22265625,1.7536749272462262
PB20.13.28_Comb05Ch17,2650299.076922,2650299.072265625,1.5363734102459603
PB20.13.28_Comb05Ch18,2697677.616961,2697677.6123046875,1.716817335685067
PB20.13.28_Comb05Ch19,2757339.482196,2757339.4775390625,2.4684134004027958
PB20.13.28_Comb05Ch20,2859268.193133,2859268.1884765625,1.155739866426151
PB20.13.28_Comb05Ch21,2918624.882586,2918624.8779296875,1.8269380164018334
PB20.13.28_Comb05Ch22,2985229.496844,2985229.4921875,2.463403972166914
PB20.13.28_Comb05Ch23,3073120.121844,3073120.1171875,1.7758551689735076
PB20.13.28_Comb05Ch24,3147811.894305,3147811.8896484375,1.4901724479459861
PB20.13.28_Comb05Ch25,3244476.323016,3244476.318359375,1.7682454045746383
PB20.13.28_Comb05Ch26,3291931.157,3291931.15234375,1.359948408334096
PB20.13.28_Comb05Ch27,3375778.202899,3375778.1982421875,1.4896244845841011
PB20.13.28_Comb05Ch28,3462829.5945,3462829.58984375,1.3916677173795635
PB20.13.28_Comb05Ch29,3577575.68825,3577575.68359375,2.4662965915728803
PB20.13.28_Comb05Ch30,3642959.599383,3642959.5947265625,1.8988223583020616
PB20.13.28_Comb05Ch31,3715209.965594,3715209.9609375,1.3783680399421394
PB20.13.28_Comb05Ch32,3814086.918719,3814086.9140625,2.9274356657987117
PB20.13.28_Comb05Ch33,3921966.557391,3921966.552734375,1.9844994180897848
PB20.13.28_Comb05Ch34,3998870.854266,3998870.849609375,1.6838626158245151
PB20.13.28_Comb05Ch35,4118499.760516,4118499.755859375,1.8156375614754237
PB20.13.28_Comb05Ch36,4185333.25661,4185333.251953125,1.416045153249919
PB20.13.28_Comb05Ch37,4296340.947039,4296340.9423828125,1.61932318813686
PB20.13.28_Comb05Ch38,4392547.612078,4392547.607421875,1.433047437932278
PB20.13.28_Comb05Ch39,4507675.175555,4507675.1708984375,1.9888712806484603
PB20.13.11_Comb15Ch01,1666412.358172,1666412.353515625,1.8789745671097189
PB20.13.11_Comb15Ch02,1698455.815203,1698455.810546875,1.3540654227421283
PB20.13.11_Comb15Ch03,1729812.626727,1729812.6220703125,2.5076662158752367
PB20.13.11_Comb15Ch04,1856307.988055,1856307.9833984375,1.3489658520929246
PB20.13.11_Comb15Ch05,1912765.507586,NaN,NaN
PB20.13.11_Comb15Ch06,1954269.413836,1954269.4091796875,1.5937711808395971
PB20.13.11_Comb15Ch07,2071914.677508,2071914.6728515625,1.923119247783675
PB20.13.11_Comb15Ch08,2126388.554461,2126388.5498046875,1.0392046609200378
PB20.13.11_Comb15Ch09,2196044.926532,2196044.921875,2.0384540830919087
PB20.13.11_Comb15Ch10,2258682.255633,2258682.2509765625,1.9930686914202502
PB20.13.11_Comb15Ch11,2316589.360125,2316589.35546875,1.8819191235641957
PB20.13.11_Comb15Ch12,2368545.536883,2368545.5322265625,1.8255943041409843
PB20.13.11_Comb15Ch13,2428665.165789,2428665.1611328125,1.7280784218874599
PB20.13.11_Comb15Ch14,2484970.09743,2484970.0927734375,2.729246444759783
PB20.13.11_Comb15Ch15,2584228.520282,2584228.515625,1.4547605032041513
PB20.13.11_Comb15Ch16,2610321.049578,2610321.044921875,3.2030870808230385
PB20.13.11_Comb15Ch17,2683944.706805,2683944.7021484375,2.7631359132975137
PB20.13.11_Comb15Ch18,2769012.455828,2769012.451171875,1.105177971314611
PB20.13.11_Comb15Ch19,2855682.377703,2855682.373046875,1.5465589591055873
PB20.13.11_Comb15Ch20,2914123.539813,2914123.53515625,2.795960222967719
PB20.13.11_Comb15Ch21,2996521.00075,2996520.99609375,1.8599646319071832
PB20.13.11_Comb15Ch22,3089904.789813,3089904.78515625,1.32464128634121
PB20.13.11_Comb15Ch23,3152008.061297,3152008.056640625,1.8175512185295692
PB20.13.11_Comb15Ch24,3193435.673602,3193435.6689453125,3.0061077148436324
PB20.13.11_Comb15Ch25,3295745.854266,3295745.849609375,2.451418374824013
PB20.13.11_Comb15Ch26,3367233.281024,3367233.2763671875,2.268696384796775
PB20.13.11_Comb15Ch27,3487701.420672,3487701.416015625,2.0386004323272893
PB20.13.11_Comb15Ch28,3542251.591571,3542251.5869140625,1.9372299430129236
PB20.13.11_Comb15Ch29,3618469.242938,3618469.23828125,3.0030075030855574
PB20.13.11_Comb15Ch30,3732604.985125,3732604.98046875,2.5786932020455686
PB20.13.11_Comb15Ch31,3832778.935321,3832778.9306640625,1.7013818087605805
PB20.13.11_Comb15Ch32,3890533.451922,3890533.447265625,2.239133824450794
PB20.13.11_Comb15Ch33,4011840.824969,4011840.8203125,2.381793382736967
PB20.13.11_Comb15Ch34,4070816.044696,4070816.0400390625,1.454160735569857
PB20.13.11_Comb15Ch35,4202575.68825,4202575.68359375,1.285199328437744
PB20.13.11_Comb15Ch36,4281387.333758,4281387.3291015625,1.145655924123959
PB20.13.11_Comb15Ch37,4392318.730243,4392318.7255859375,1.955566321506496
PB20.13.11_Comb15Ch38,4407730.107196,4407730.1025390625,1.5826627836909872
PB20.13.15_Comb13Ch01,1633148.198016,1633148.193359375,1.4475253560194963
PB20.13.15_Comb13Ch02,1679611.210711,1679611.2060546875,1.4913602613034607
PB20.13.15_Comb13Ch03,1735687.260516,1735687.255859375,1.4975092357121835
PB20.13.15_Comb13Ch04,1785507.206805,1785507.2021484375,1.5066873902148692
PB20.13.15_Comb13Ch05,1824874.882586,1824874.8779296875,1.4668668347313913
PB20.13.15_Comb13Ch06,1881713.871844,1881713.8671875,1.8314061104702295
PB20.13.15_Comb13Ch07,1944732.670672,1944732.666015625,1.7712258484096717
PB20.13.15_Comb13Ch08,1996765.141375,1996765.13671875,1.7477036637809888
PB20.13.15_Comb13Ch09,2045516.97243,2045516.9677734375,1.7620544583034126
PB20.13.15_Comb13Ch10,2106399.540789,2106399.5361328125,1.0401134513320904
PB20.13.15_Comb13Ch11,2160949.711688,2160949.70703125,1.7720917024261271
PB20.13.15_Comb13Ch12,2221450.810321,2221450.8056640625,1.7592002645583535
PB20.13.15_Comb13Ch13,2297210.698016,2297210.693359375,1.7809485989914597
PB20.13.15_Comb13Ch14,2345733.647235,2345733.642578125,1.8131192120792787
PB20.13.15_Comb13Ch15,2426605.229266,2426605.224609375,1.4915537160933239
PB20.13.15_Comb13Ch16,2484054.570086,2484054.5654296875,1.8236666405629074
PB20.13.15_Comb13Ch17,2542800.907977,2542800.9033203125,1.5627510963014921
PB20.13.15_Comb13Ch18,2625732.426532,2625732.421875,1.769258579751589
PB20.13.15_Comb13Ch19,2757644.657977,2757644.6533203125,1.0335737126776585
PB20.13.15_Comb13Ch20,2813949.589618,2813949.5849609375,1.4949082820869362
PB20.13.15_Comb13Ch21,2972869.877703,2972869.873046875,1.777659261321319
PB20.13.15_Comb13Ch22,3030090.336688,3030090.33203125,1.5018427663918066
PB20.13.15_Comb13Ch23,3134231.572039,3134231.5673828125,1.437167062442803
PB20.13.15_Comb13Ch24,3210525.517352,3210525.5126953125,1.5506418660318542
PB20.13.15_Comb13Ch25,3280029.301532,3280029.296875,1.4388869216202116
PB20.13.15_Comb13Ch26,3374252.323993,3374252.3193359375,1.4082133326460045
PB20.13.15_Comb13Ch27,3440780.644305,3440780.6396484375,1.8682008927523912
PB20.13.15_Comb13Ch28,3536529.545672,3536529.541015625,1.8485817862866096
PB20.13.15_Comb13Ch29,3614883.427508,3614883.4228515625,1.3973374649847246
PB20.13.15_Comb13Ch30,3698425.297625,3698425.29296875,1.9266160393582101
PB20.13.15_Comb13Ch31,3791046.147235,3791046.142578125,1.8485956733733255
PB20.13.15_Comb13Ch32,3896484.379657,3896484.375,1.7364650253249199
PB20.13.15_Comb13Ch33,3964920.048602,3964920.0439453125,1.3863843638575655
PB20.13.15_Comb13Ch34,4079284.672625,4079284.66796875,1.446288753771832
PB20.13.15_Comb13Ch35,4161148.075946,4161148.0712890625,1.3569919099536651
PB20.13.15_Comb13Ch36,4263916.020282,4263916.015625,1.285946145957514
PB20.13.15_Comb13Ch37,4338378.910907,4338378.90625,2.045042479670318
PB20.13.15_Comb13Ch38,4376983.647235,4376983.642578125,1.8684344247325364
PB20.13.13_Comb07Ch01,1651687.626727,1651687.6220703125,1.2266329097661035
PB20.13.13_Comb07Ch02,1690444.950946,1690444.9462890625,1.228549421317713
PB20.13.13_Comb07Ch03,1735229.496844,1735229.4921875,1.3374939522248515
PB20.13.13_Comb07Ch04,1789779.667743,1789779.6630859375,1.2686505239674963
PB20.13.13_Comb07Ch05,1840286.259539,1840286.2548828125,1.3223000447232185
PB20.13.13_Comb07Ch06,1902771.00075,1902770.99609375,1.5021745177491688
PB20.13.13_Comb07Ch07,1951370.243914,1951370.2392578125,1.5348266035311942
PB20.13.13_Comb07Ch08,2010955.815203,2010955.810546875,1.5511349369825187
PB20.13.13_Comb07Ch09,2115173.3445,2115173.33984375,1.0018341177554437
PB20.13.13_Comb07Ch10,2244644.169696,2244644.1650390625,1.4385099101988974
PB20.13.13_Comb07Ch11,2307128.910907,2307128.90625,1.5024567078618671
PB20.13.13_Comb07Ch12,2363128.666766,2363128.662109375,1.5108496435989047
PB20.13.13_Comb07Ch13,2427978.520282,2427978.515625,1.329195009079097
PB20.13.13_Comb07Ch14,2488098.149188,2488098.14453125,1.5818495493869442
PB20.13.13_Comb07Ch15,2568817.143328,2568817.138671875,1.2482577646950923
PB20.13.13_Comb07Ch16,2619781.498797,2619781.494140625,1.7507725297330021
PB20.13.13_Comb07Ch17,2693634.03786,2693634.033203125,1.4774249828687476
PB20.13.13_Comb07Ch18,2771224.980243,2771224.9755859375,1.009821530011426
PB20.13.13_Comb07Ch19,2916946.415789,2916946.4111328125,1.4889620307276918
PB20.13.13_Comb07Ch20,2989959.721453,2989959.716796875,1.51910274435391
PB20.13.13_Comb07Ch21,3060226.445086,3060226.4404296875,1.2414155616748348
PB20.13.13_Comb07Ch22,3144912.724383,3144912.7197265625,1.3016966797654275
PB20.13.13_Comb07Ch23,3210678.105243,3210678.1005859375,1.336080624344922
PB20.13.13_Comb07Ch24,3375625.615008,NaN,NaN
PB20.13.13_Comb07Ch25,3473205.571063,3473205.56640625,1.6318590100113948
PB20.13.13_Comb07Ch26,3540878.300555,3540878.2958984375,1.7498410177345305
PB20.13.13_Comb07Ch27,3818283.085711,3818283.0810546875,1.6564203171248222
PB20.13.13_Comb07Ch28,3895492.558368,3895492.5537109375,1.7275979703930668
PB20.13.13_Comb07Ch29,3997802.739032,3997802.734375,1.2265801431896104
PB20.13.13_Comb07Ch30,4080734.257586,4080734.2529296875,1.238126608658612
PB20.13.13_Comb07Ch31,4274444.584735,4274444.580078125,1.0968970451266609
PB20.13.13_Comb07Ch32,4389266.97243,4389266.9677734375,1.4275123801508054
PB20.13.13_Comb07Ch33,4382705.693133,4382705.6884765625,1.734940059421216
PB20.13.28_Comb17Ch01,1645278.935321,1645278.9306640625,1.6006322635761507
PB20.13.28_Comb17Ch02,1683502.201922,1683502.197265625,1.3208697643686236
PB20.13.28_Comb17Ch03,1732711.796649,1732711.7919921875,2.6778785966428553
PB20.13.28_Comb17Ch04,1790618.901141,1790618.896484375,1.370263119069101
PB20.13.28_Comb17Ch05,1838836.674578,1838836.669921875,1.549166304412851
PB20.13.28_Comb17Ch06,1897430.424578,1897430.419921875,1.6510397604292177
PB20.13.28_Comb17Ch07,1944046.025164,1944046.0205078125,2.0822530339314005
PB20.13.28_Comb17Ch08,2009429.936297,2009429.931640625,2.0497581932151006
PB20.13.28_Comb17Ch09,2064666.752703,2064666.748046875,1.5928235195262839
PB20.13.28_Comb17Ch10,2122802.739032,2122802.734375,1.0286444036231934
PB20.13.28_Comb17Ch11,2180099.491961,2180099.4873046875,2.0902855588959453
PB20.13.28_Comb17Ch12,2240295.414813,2240295.41015625,1.5640292821997628
PB20.13.28_Comb17Ch13,2299728.398211,2299728.3935546875,4.464472381860864
PB20.13.28_Comb17Ch14,2365417.485125,2365417.48046875,1.6828881649453782
PB20.13.28_Comb17Ch15,2422409.062274,2422409.0576171875,1.786780696304461
PB20.13.28_Comb17Ch16,2477416.996844,2477416.9921875,1.8507165460161261
PB20.13.28_Comb17Ch17,2560272.221453,2560272.216796875,2.01940618313134
PB20.13.28_Comb17Ch18,2614593.510516,2614593.505859375,2.487250069338154
PB20.13.28_Comb17Ch19,2685470.585711,2685470.5810546875,1.6579729563345378
PB20.13.28_Comb17Ch20,2772903.447039,2772903.4423828125,1.0602032096367453
PB20.13.28_Comb17Ch21,2836380.009539,2836380.0048828125,1.755928974057418
PB20.13.28_Comb17Ch22,2975158.696063,2975158.69140625,1.7842012200042718
PB20.13.28_Comb17Ch23,3050079.35036,3050079.345703125,2.4329213767336633
PB20.13.28_Comb17Ch24,3134994.511493,3134994.5068359375,1.891580791723653
PB20.13.28_Comb17Ch25,3203277.592547,3203277.587890625,1.6977129813517906
PB20.13.28_Comb17Ch26,3282241.825946,3282241.8212890625,1.7776511712658816
PB20.13.28_Comb17Ch27,3363494.877703,3363494.873046875,1.3945594107627892
PB20.13.28_Comb17Ch28,3463287.358172,NaN,NaN
PB20.13.28_Comb17Ch29,3533630.37575,3533630.37109375,2.8865364939128018
PB20.13.28_Comb17Ch30,3617935.185321,3617935.1806640625,1.8341400353138348
PB20.13.28_Comb17Ch31,3799972.538836,3799972.5341796875,1.7902869899568294
PB20.13.28_Comb17Ch32,3883209.233172,3883209.228515625,2.2437773912174754
PB20.13.28_Comb17Ch33,3987274.174578,3987274.169921875,1.5902291403744
PB20.13.28_Comb17Ch34,4073333.744891,4073333.740234375,1.402350816316675
PB20.13.28_Comb17Ch35,4175491.337664,4175491.3330078125,1.5104907922999395
PB20.13.28_Comb17Ch36,4253387.455828,4253387.451171875,1.1986781171630663
PB20.13.28_Comb17Ch37,4370651.249774,4370651.2451171875,3.570043089157509
PB20.13.28_Comb17Ch38,4379959.111102,4379959.1064453125,1.9369943689748397
PB20.13.12_Comb29Ch01,1593475.346453,1593475.341796875,1.312006228091336
PB20.13.12_Comb29Ch02,1651992.802508,1651992.7978515625,1.639401771322916
PB20.13.12_Comb29Ch03,1693725.590594,1693725.5859375,1.3717985602550893
PB20.13.12_Comb29Ch04,1804351.811297,1804351.806640625,1.5102180920512769
PB20.13.12_Comb29Ch05,1849899.296649,1849899.2919921875,2.026181921441448
PB20.13.12_Comb29Ch06,1902084.355243,1902084.3505859375,1.5370365923116966
PB20.13.12_Comb29Ch07,1962814.335711,1962814.3310546875,1.2395589030334186
PB20.13.12_Comb29Ch08,1999359.135516,1999359.130859375,1.2673776183374414
PB20.13.12_Comb29Ch09,2077560.429461,2077560.4248046875,0.9852336361919924
PB20.13.12_Comb29Ch10,2110366.825946,2110366.8212890625,1.2401846657634594
PB20.13.12_Comb29Ch11,2181320.195086,2181320.1904296875,1.400161220828473
PB20.13.12_Comb29Ch12,2254714.970477,2254714.9658203125,1.4366411244136672
PB20.13.12_Comb29Ch13,2301788.334735,2301788.330078125,1.9822101813556765
PB20.13.12_Comb29Ch14,2376251.22536,2376251.220703125,1.6893027426894272
PB20.13.12_Comb29Ch15,2416687.016375,2416687.01171875,2.0467832390069454
PB20.13.12_Comb29Ch16,2512130.741961,2512130.7373046875,1.5292453770030094
PB20.13.12_Comb29Ch17,2549133.305438,2549133.30078125,1.2840720549272584
PB20.13.12_Comb29Ch18,2607803.349383,2607803.3447265625,1.2465460015325784
PB20.13.12_Comb29Ch19,2715911.869891,2715911.865234375,0.9376839840361472
PB20.13.12_Comb29Ch20,2771530.156024,2771530.1513671875,1.299793866782307
PB20.13.12_Comb29Ch21,2817459.111102,2817459.1064453125,1.2164066006662484
PB20.13.12_Comb29Ch22,2894210.820086,2894210.8154296875,1.810308427064121
PB20.13.12_Comb29Ch23,2999649.052508,2999649.0478515625,1.2471489099630728
PB20.13.12_Comb29Ch24,3087921.147235,3087921.142578125,1.5200010661579544
PB20.13.12_Comb29Ch25,3131484.990008,3131484.9853515625,1.6508870684008121
PB20.13.12_Comb29Ch26,3214035.038836,3214035.0341796875,1.168368953789115
PB20.13.12_Comb29Ch27,3302688.603289,3302688.5986328125,1.3164744060465674
PB20.13.12_Comb29Ch28,3377609.257586,3377609.2529296875,1.235113622616126
PB20.13.12_Comb29Ch29,3445968.632586,3445968.6279296875,1.1630357917160208
PB20.13.12_Comb29Ch30,3538589.482196,3538589.4775390625,1.0060278319837248
PB20.13.12_Comb29Ch31,3593521.122821,3593521.1181640625,1.0943791831342038
PB20.13.12_Comb29Ch32,3695144.657977,3695144.6533203125,1.645707043602032
PB20.13.12_Comb29Ch33,3770751.957782,3770751.953125,1.2699509122483656
PB20.13.12_Comb29Ch34,3927993.779071,3927993.7744140625,1.1193331835018396
PB20.13.12_Comb29Ch35,3993682.865985,3993682.861328125,1.2563481753299082
PB20.13.12_Comb29Ch36,4084396.366961,4084396.3623046875,1.085904656834042
PB20.13.12_Comb29Ch37,4189300.541766,4189300.537109375,1.3404269946621787
PB20.13.12_Comb29Ch38,4234237.675555,4234237.6708984375,0.9247877943743004
PB20.13.12_Comb29Ch39,4354629.521258,NaN,NaN
PB20.13.13_Comb24Ch01,1647644.047625,1647644.04296875,1.237338262581502
PB20.13.13_Comb24Ch02,1686630.25368,1686630.2490234375,1.2441056814988198
PB20.13.13_Comb24Ch03,1732559.208758,1732559.2041015625,1.3137083872955757
PB20.13.13_Comb24Ch04,1791000.370868,1791000.3662109375,1.2434028115296751
PB20.13.13_Comb24Ch05,1841506.962664,1841506.9580078125,1.3228195171412767
PB20.13.13_Comb24Ch06,1899719.242938,1899719.23828125,1.5078525126905322
PB20.13.13_Comb24Ch07,1948013.310321,1948013.3056640625,1.5594535032188397
PB20.13.13_Comb24Ch08,2010955.815203,2010955.810546875,1.5358220976904466
PB20.13.13_Comb24Ch09,2123565.678485,2123565.673828125,1.0361303001562623
PB20.13.13_Comb24Ch10,2180099.491961,2180099.4873046875,1.4657668338738015
PB20.13.13_Comb24Ch11,2241287.236102,2241287.2314453125,1.4763268095710966
PB20.13.13_Comb24Ch12,2304382.328875,2304382.32421875,1.4917110709506494
PB20.13.13_Comb24Ch13,2367782.59743,2367782.5927734375,1.4559803678362184
PB20.13.13_Comb24Ch14,2424240.116961,2424240.1123046875,1.4139380292929817
PB20.13.13_Comb24Ch15,2479858.403094,2479858.3984375,1.536285724526186
PB20.13.13_Comb24Ch16,2565460.209735,2565460.205078125,1.2916191142635212
PB20.13.13_Comb24Ch17,2616500.859149,2616500.8544921875,1.5216844879860354
PB20.13.13_Comb24Ch18,2690429.692157,2690429.6875,1.4499552583078863
PB20.13.13_Comb24Ch19,2775344.853289,2775344.8486328125,1.1116984346793621
PB20.13.13_Comb24Ch20,2841415.40993,2841415.4052734375,1.2900675664909231
PB20.13.13_Comb24Ch21,2914123.539813,2914123.53515625,1.537890467015305
PB20.13.13_Comb24Ch22,2982025.151141,2982025.146484375,1.5363204846342275
PB20.13.13_Comb24Ch23,3055114.75075,3055114.74609375,1.357752415199291
PB20.13.13_Comb24Ch24,3137741.093524,3137741.0888671875,1.4153508979134166
PB20.13.13_Comb24Ch25,3288345.341571,3288345.3369140625,1.2682025700927668
PB20.13.13_Comb24Ch26,3364791.874774,3364791.8701171875,1.2118226600245448
PB20.13.13_Comb24Ch27,3470001.22536,3470001.220703125,1.6210701011429778
PB20.13.13_Comb24Ch28,3538208.012469,3538208.0078125,1.541642205360121
PB20.13.13_Comb24Ch29,3615417.485125,3615417.48046875,1.238827855560153
PB20.13.13_Comb24Ch30,3726348.88161,3726348.876953125,1.5522055832818014
PB20.13.13_Comb24Ch31,3810501.103289,3810501.0986328125,1.592229827616877
PB20.13.13_Comb24Ch32,3885116.581805,3885116.5771484375,1.4549187666100394
PB20.13.13_Comb24Ch33,3993682.865985,3993682.861328125,1.3172538414439572
PB20.13.13_Comb24Ch34,4078369.145282,4078369.140625,1.201825066205007
PB20.13.13_Comb24Ch35,4186172.490008,4186172.4853515625,1.1780340013103865
PB20.13.13_Comb24Ch36,4262847.905047,4262847.900390625,1.1257679307372606
PB20.13.13_Comb24Ch37,4378051.762469,4378051.7578125,1.6099937253601717
PB20.13.13_Comb24Ch38,4385604.863055,4385604.8583984375,1.6245544539224914
PB20.13.31_Comb17Ch01,1667022.709735,1667022.705078125,1.121083788948971
PB20.13.31_Comb17Ch02,1708297.734149,1708297.7294921875,1.1740405842293486
PB20.13.31_Comb17Ch03,1768493.657,1768493.65234375,1.2022056960915168
PB20.13.31_Comb17Ch04,1820678.715594,1820678.7109375,1.2114402555608879
PB20.13.31_Comb17Ch05,1863479.618914,1863479.6142578125,1.209625115792197
PB20.13.31_Comb17Ch06,1974563.603289,1974563.5986328125,1.384020888397453
PB20.13.31_Comb17Ch07,2040023.808368,2040023.8037109375,1.383277135001053
PB20.13.31_Comb17Ch08,2091522.221453,2091522.216796875,1.3746648198371598
PB20.13.31_Comb17Ch09,2156448.368914,2156448.3642578125,0.9976218546853319
PB20.13.31_Comb17Ch10,2206115.727313,2206115.72265625,1.4589960768658432
PB20.13.31_Comb17Ch11,2265090.947039,2265090.9423828125,1.435572446437155
PB20.13.31_Comb17Ch12,2331695.561297,2331695.556640625,1.4393990916079502
PB20.13.31_Comb17Ch13,2398452.763446,2398452.7587890625,1.396494119331734
PB20.13.31_Comb17Ch14,2463302.616961,2463302.6123046875,1.2820102931914865
PB20.13.31_Comb17Ch15,2522125.248797,2522125.244140625,1.467295724131429
PB20.13.31_Comb17Ch16,2591705.326922,NaN,NaN
PB20.13.31_Comb17Ch17,2665328.984149,2665328.9794921875,1.5747742633395172
PB20.13.31_Comb17Ch18,2730636.601336,2730636.5966796875,1.4759868300693482
PB20.13.31_Comb17Ch19,2816085.820086,NaN,NaN
PB20.13.31_Comb17Ch20,2869949.345477,2869949.3408203125,1.257752577019539
PB20.13.31_Comb17Ch21,2951507.573016,2951507.568359375,1.522736213209038
PB20.13.31_Comb17Ch22,3020095.829852,NaN,NaN
PB20.13.31_Comb17Ch23,3086547.856219,NaN,NaN
PB20.13.31_Comb17Ch24,3181228.642352,3181228.6376953125,1.2959460068180286
PB20.13.31_Comb17Ch25,3270950.322039,3270950.3173828125,1.4793323462488632
PB20.13.31_Comb17Ch26,3330917.363055,NaN,NaN
PB20.13.31_Comb17Ch27,3423995.976336,NaN,NaN
PB20.13.31_Comb17Ch28,3506546.025164,NaN,NaN
PB20.13.31_Comb17Ch29,3590927.12868,NaN,NaN
PB20.13.31_Comb17Ch30,3675918.583758,NaN,NaN
PB20.13.31_Comb17Ch31,3766555.790789,NaN,NaN
PB20.13.31_Comb17Ch32,3846511.845477,NaN,NaN
PB20.13.31_Comb17Ch33,3948364.262469,NaN,NaN
PB20.13.31_Comb17Ch34,4036865.239032,NaN,NaN
PB20.13.31_Comb17Ch35,4148101.811297,NaN,NaN
PB20.13.31_Comb17Ch36,4229125.981219,NaN,NaN
PB20.13.31_Comb17Ch37,4440460.209735,NaN,NaN
PB20.13.12_Comb23Ch01,1588668.827899,1588668.8232421875,1.5844914218631139
PB20.13.12_Comb23Ch02,1635437.016375,1635437.01171875,1.4509366190085544
PB20.13.12_Comb23Ch03,1684188.84743,1684188.8427734375,1.3811782143266058
PB20.13.12_Comb23Ch04,1731414.799578,1731414.794921875,1.4678988722176034
PB20.13.12_Comb23Ch05,1784744.267352,1784744.2626953125,1.7184292700217194
PB20.13.12_Comb23Ch06,1836242.680438,1836242.67578125,1.3655086504475777
PB20.13.12_Comb23Ch07,1884613.041766,1884613.037109375,1.4020594034251008
PB20.13.12_Comb23Ch08,1937561.039813,1937561.03515625,1.4722950346928614
PB20.13.12_Comb23Ch09,1998748.783953,1998748.779296875,1.444205709270142
PB20.13.12_Comb23Ch10,2112350.468524,2112350.4638671875,1.9187494942129444
PB20.13.12_Comb23Ch11,2169418.339618,2169418.3349609375,1.4943582470586712
PB20.13.12_Comb23Ch12,2223434.452899,2223434.4482421875,1.4130855400257523
PB20.13.12_Comb23Ch13,2282791.142352,2282791.1376953125,1.3669046277453727
PB20.13.12_Comb23Ch14,2353057.865985,2353057.861328125,1.9496156064657404
PB20.13.12_Comb23Ch15,2409667.973407,2409667.96875,1.4121787418717175
PB20.13.12_Comb23Ch16,2483291.630633,2483291.6259765625,1.4119647947624836
PB20.13.12_Comb23Ch17,2529983.525164,2529983.5205078125,1.4900565128374568
PB20.13.12_Comb23Ch18,2679977.421649,2679977.4169921875,1.097168688187832
PB20.13.12_Comb23Ch19,2761077.885516,2761077.880859375,1.7075298973546837
PB20.13.12_Comb23Ch20,2813339.238055,2813339.2333984375,1.462492071824925
PB20.13.12_Comb23Ch21,2881851.200946,2881851.1962890625,1.4132888681186753
PB20.13.12_Comb23Ch22,2973175.053485,2973175.048828125,1.4408432641364284
PB20.13.12_Comb23Ch23,3043441.777118,3043441.7724609375,1.7161156841926961
PB20.13.12_Comb23Ch24,3120956.425555,NaN,NaN
PB20.13.12_Comb23Ch25,3205108.647235,NaN,NaN
PB20.13.12_Comb23Ch26,3281707.768328,NaN,NaN
PB20.13.12_Comb23Ch27,3333282.47536,3333282.470703125,1.453305421288961
PB20.13.12_Comb23Ch28,3405532.841571,3405532.8369140625,1.4341884269113208
PB20.13.12_Comb23Ch29,3535003.666766,3535003.662109375,1.8231389815055512
PB20.13.12_Comb23Ch30,3586044.31618,3586044.3115234375,1.3911187003110155
PB20.13.12_Comb23Ch31,3672256.474383,NaN,NaN
PB20.13.12_Comb23Ch32,3751602.177508,3751602.1728515625,1.3463699313902635
PB20.13.12_Comb23Ch33,3872909.550555,3872909.5458984375,1.4828638456974106
PB20.13.12_Comb23Ch34,3958511.357196,3958511.3525390625,1.2962322715743184
PB20.13.12_Comb23Ch35,4070281.987078,4070281.982421875,1.464892255454589
PB20.13.12_Comb23Ch36,4160690.312274,4160690.3076171875,1.346897908741184
PB20.13.12_Comb23Ch37,4198455.815203,4198455.810546875,1.2362502916881433
PB20.13.12_Comb23Ch38,4296569.828875,4296569.82421875,1.2610730455657324
PB20.13.28_Comb23Ch01,1637191.777118,1637191.7724609375,2.1904865979216037
PB20.13.28_Comb23Ch02,1683578.495868,1683578.4912109375,1.8555978738214067
PB20.13.28_Comb23Ch03,1714019.780047,1714019.775390625,1.4411784218927775
PB20.13.28_Comb23Ch04,1766433.720477,1766433.7158203125,1.437270865995866
PB20.13.28_Comb23Ch05,1820907.59743,1820907.5927734375,2.5812736990484604
PB20.13.28_Comb23Ch06,1891098.027118,1891098.0224609375,1.6800626537516223
PB20.13.28_Comb23Ch07,1937408.451922,1937408.447265625,1.717238189309796
PB20.13.28_Comb23Ch08,1984786.991961,1984786.9873046875,1.8433681006270386
PB20.13.28_Comb23Ch09,2054290.776141,2054290.771484375,1.7610611587807379
PB20.13.28_Comb23Ch10,2092132.573016,2092132.568359375,1.1438720751698193
PB20.13.28_Comb23Ch11,2159194.950946,2159194.9462890625,2.86016577383743
PB20.13.28_Comb23Ch12,2220077.519305,2220077.5146484375,2.3984723374410617
PB20.13.28_Comb23Ch13,2292861.943133,2292861.9384765625,1.879014942644281
PB20.13.28_Comb23Ch14,2332534.794696,2332534.7900390625,1.7422559505522244
PB20.13.28_Comb23Ch15,2403945.927508,2403945.9228515625,3.0182966487501575
PB20.13.28_Comb23Ch16,2480163.578875,2480163.57421875,1.7391605796655352
PB20.13.28_Comb23Ch17,2554626.4695,2554626.46484375,1.509727432353791
PB20.13.28_Comb23Ch18,2592315.678485,2592315.673828125,2.307615084701887
PB20.13.28_Comb23Ch19,2687377.934344,2687377.9296875,1.9775665777027893
PB20.13.28_Comb23Ch20,2735290.532,2735290.52734375,1.221490791171662
PB20.13.28_Comb23Ch21,2837982.182391,2837982.177734375,2.3583301674547186
PB20.13.28_Comb23Ch22,2913055.424578,2913055.419921875,1.9932145906816683
PB20.13.28_Comb23Ch23,2981948.857196,2981948.8525390625,1.8459628933389904
PB20.13.28_Comb23Ch24,3032989.50661,3032989.501953125,1.5117148738864719
PB20.13.28_Comb23Ch25,3115158.085711,3115158.0810546875,2.5126055339921862
PB20.13.28_Comb23Ch26,3167266.85036,3167266.845703125,1.7439670673973418
PB20.13.28_Comb23Ch27,3294982.914813,3294982.91015625,2.578699377039706
PB20.13.28_Comb23Ch28,3349227.90993,3349227.9052734375,2.157541025461652
PB20.13.28_Comb23Ch29,3439407.353289,3439407.3486328125,2.057437524042031
PB20.13.28_Comb23Ch30,3500595.09743,3500595.0927734375,2.2765830514642746
PB20.13.28_Comb23Ch31,3611373.906024,3611373.9013671875,2.5235096818138913
PB20.13.28_Comb23Ch32,3725128.178485,3725128.173828125,2.0385628223460577
PB20.13.28_Comb23Ch33,3816452.031024,3816452.0263671875,2.1551536658802384
PB20.13.28_Comb23Ch34,3865280.156024,3865280.1513671875,1.9223173717020279
PB20.13.28_Comb23Ch35,3960800.175555,3960800.1708984375,2.4983124807236465
PB20.13.28_Comb23Ch36,4031524.66286,4031524.658203125,1.6043096606144875
PB20.13.28_Comb23Ch37,4195098.88161,4195098.876953125,2.1827279922525022
PB20.13.28_Comb23Ch38,4257354.740985,4257354.736328125,2.0101813963031008
PB20.13.28_Comb23Ch39,4330902.104266,4330902.099609375,1.9007554786635088
PB20.13.28_Comb23Ch40,4342346.196063,4342346.19140625,1.738308937216014
PB20.13.28_Comb04Ch01,1708068.852313,1708068.84765625,1.3568788290077556
PB20.13.28_Comb04Ch02,1759872.44118,1759872.4365234375,1.9462932948422722
PB20.13.28_Comb04Ch03,1812133.793719,1812133.7890625,1.3947321110769213
PB20.13.28_Comb04Ch04,1865158.085711,1865158.0810546875,2.1175539752681503
PB20.13.28_Comb04Ch05,1977157.59743,1977157.5927734375,1.757688994536156
PB20.13.28_Comb04Ch06,2032775.883563,2032775.87890625,1.614005569633263
PB20.13.28_Comb04Ch07,2097244.267352,2097244.2626953125,1.65763088238324
PB20.13.28_Comb04Ch08,2212677.00661,2212677.001953125,1.000806804458462
PB20.13.28_Comb04Ch09,2253570.561297,2253570.556640625,1.6163532349053507
PB20.13.28_Comb04Ch10,2324066.166766,2324066.162109375,1.9639855396970125
PB20.13.28_Comb04Ch11,2397537.236102,2397537.2314453125,1.6132238574326845
PB20.13.28_Comb04Ch12,2466278.080828,2466278.076171875,1.9775083863972733
PB20.13.28_Comb04Ch13,2524185.185321,2524185.1806640625,1.4281072906004975
PB20.13.28_Comb04Ch14,2591552.739032,NaN,NaN
PB20.13.28_Comb04Ch15,2723922.734149,2723922.7294921875,1.6350326467911507
PB20.13.28_Comb04Ch16,2799911.50368,2799911.4990234375,1.6531035581079343
PB20.13.28_Comb04Ch17,2889328.007586,2889328.0029296875,1.0798347353068016
PB20.13.28_Comb04Ch18,2945861.821063,2945861.81640625,1.5417570128327562
PB20.13.28_Comb04Ch19,3104476.933368,3104476.9287109375,1.692282588587376
PB20.13.28_Comb04Ch20,3171539.311297,3171539.306640625,1.469240298363104
PB20.13.28_Comb04Ch21,3266906.742938,3266906.73828125,1.3907610945968125
PB20.13.28_Comb04Ch22,3336868.290789,3336868.2861328125,1.5366910845321429
PB20.13.28_Comb04Ch23,3413314.823993,3413314.8193359375,1.3321494748839053
PB20.13.28_Comb04Ch24,3521118.168719,3521118.1640625,1.5993146686119384
PB20.13.28_Comb04Ch25,3614425.663836,3614425.6591796875,1.8350950045117849
PB20.13.28_Comb04Ch26,3677597.050555,3677597.0458984375,1.7682210880111848
PB20.13.28_Comb04Ch27,3777313.237078,3777313.232421875,1.3378406109043044
PB20.13.28_Comb04Ch28,3950576.786883,3950576.7822265625,1.9082776308058642
PB20.13.28_Comb04Ch29,4150619.511493,4150619.5068359375,1.3949833088990773
PB20.13.28_Comb04Ch30,4234542.851336,4234542.8466796875,1.56930586674476
PB20.13.28_Comb04Ch31,4334030.156024,4334030.1513671875,1.431146317024631
PB20.13.28_Comb04Ch32,4426651.005633,4426651.0009765625,1.925363980137992
PB20.13.28_Comb04Ch33,4542388.920672,4542388.916015625,1.9614794483055071
PB20.13.10_Comb01Ch01,1646041.874774,1646041.8701171875,1.3460900062459313
PB20.13.10_Comb01Ch02,1680831.913836,1680831.9091796875,1.3738448770699243
PB20.13.10_Comb01Ch03,1728973.393328,1728973.388671875,1.5115374857512316
PB20.13.10_Comb01Ch04,1782379.155047,1782379.150390625,1.4051615429566093
PB20.13.10_Comb01Ch05,1832199.101336,1832199.0966796875,1.397519350834419
PB20.13.10_Comb01Ch06,1895065.312274,1895065.3076171875,1.6174077299169694
PB20.13.10_Comb01Ch07,1939926.152118,1939926.1474609375,1.6609755532949342
PB20.13.10_Comb01Ch08,2001571.65993,2001571.6552734375,1.6559992249268836
PB20.13.10_Comb01Ch09,2064895.634539,2064895.6298828125,1.6175347408238017
PB20.13.10_Comb01Ch10,2109222.416766,2109222.412109375,1.0537980289044317
PB20.13.10_Comb01Ch11,2183227.543719,2183227.5390625,1.6778012571920562
PB20.13.10_Comb01Ch12,2237777.714618,2237777.7099609375,1.6362681274726938
PB20.13.10_Comb01Ch13,2293014.531024,2293014.5263671875,1.7003365360129103
PB20.13.10_Comb01Ch14,2354354.863055,2354354.8583984375,1.6553547443750831
PB20.13.10_Comb01Ch15,2415390.019305,2415390.0146484375,1.4570312975431465
PB20.13.10_Comb01Ch16,2478866.581805,2478866.5771484375,1.675779256098825
PB20.13.10_Comb01Ch17,2556915.28786,2556915.283203125,1.4253034736473196
PB20.13.10_Comb01Ch18,2610549.931414,2610549.9267578125,1.744746372887775
PB20.13.10_Comb01Ch19,2685012.822039,2685012.8173828125,1.5785937656839744
PB20.13.10_Comb01Ch20,2758178.715594,2758178.7109375,1.0410455895309128
PB20.13.10_Comb01Ch21,2834014.897235,2834014.892578125,1.4038866426332757
PB20.13.10_Comb01Ch22,2906494.145282,2906494.140625,1.7163627005184847
PB20.13.10_Comb01Ch23,2975387.577899,2975387.5732421875,1.6346475991786298
PB20.13.10_Comb01Ch24,3046340.947039,3046340.9423828125,1.4366627311315876
PB20.13.10_Comb01Ch25,3126678.471453,3126678.466796875,1.3825657518719146
PB20.13.10_Comb01Ch26,3202209.477313,3202209.47265625,1.3893515862391803
PB20.13.10_Comb01Ch27,3283004.765399,3283004.7607421875,1.375904307805632
PB20.13.10_Comb01Ch28,3363723.759539,3363723.7548828125,1.313760470342908
PB20.13.10_Comb01Ch29,3456802.372821,3456802.3681640625,1.8469241780887038
PB20.13.10_Comb01Ch30,3525924.687274,3525924.6826171875,1.7492591800741064
PB20.13.10_Comb01Ch31,3622055.058368,3622055.0537109375,1.3273571749728943
PB20.13.10_Comb01Ch32,3718719.487078,3718719.482421875,1.7709613964468578
PB20.13.10_Comb01Ch33,3799667.363055,3799667.3583984375,1.6278637526703552
PB20.13.10_Comb01Ch34,3878326.420672,3878326.416015625,1.6116483855139314
PB20.13.10_Comb01Ch35,3974914.555438,3974914.55078125,1.3118030726220142
PB20.13.10_Comb01Ch36,4064559.94118,4064559.9365234375,1.2863861749783596
PB20.13.10_Comb01Ch37,4173202.519305,4173202.5146484375,1.2470529962104366
PB20.13.10_Comb01Ch38,4252471.928485,4252471.923828125,1.1807821782420578
PB20.13.10_Comb01Ch39,4368286.137469,4368286.1328125,1.0481566790989973
PB20.13.12_Comb09Ch01,1651611.332782,1651611.328125,1.311439827786891
PB20.13.12_Comb09Ch02,1688766.484149,1688766.4794921875,1.4900867400024629
PB20.13.12_Comb09Ch03,1731796.269305,1731796.2646484375,1.413937455559527
PB20.13.12_Comb09Ch04,1784133.915789,1784133.9111328125,1.9564388114119253
PB20.13.12_Comb09Ch05,1835250.859149,NaN,NaN
PB20.13.12_Comb09Ch06,1903839.115985,1903839.111328125,2.277932402436014
PB20.13.12_Comb09Ch07,1946563.72536,1946563.720703125,1.6912781433099833
PB20.13.12_Comb09Ch08,2005310.06325,2005310.05859375,1.5873903186193967
PB20.13.12_Comb09Ch09,2070541.386493,2070541.3818359375,1.5637150382283915
PB20.13.12_Comb09Ch10,2109451.298602,2109451.2939453125,1.06691683217202
PB20.13.12_Comb09Ch11,2184371.952899,2184371.9482421875,1.6566543382207821
PB20.13.12_Comb09Ch12,2246322.636493,2246322.6318359375,1.8064587003096306
PB20.13.12_Comb09Ch13,2302474.980243,2302474.9755859375,1.643231284201863
PB20.13.12_Comb09Ch14,2357482.914813,2357482.91015625,2.1646357013731765
PB20.13.12_Comb09Ch15,2422409.062274,2422409.0576171875,1.5965762362877383
PB20.13.12_Comb09Ch16,2485427.861102,2485427.8564453125,2.0083129520275063
PB20.13.12_Comb09Ch17,2566757.206805,2566757.2021484375,1.3972467612133612
PB20.13.12_Comb09Ch18,2614135.746844,2614135.7421875,1.6374232460364841
PB20.13.12_Comb09Ch19,2689285.282977,2689285.2783203125,1.6062971416252672
PB20.13.12_Comb09Ch20,2762451.176532,2762451.171875,1.0428746085549923
PB20.13.12_Comb09Ch21,2847213.749774,2847213.7451171875,1.373969452364864
PB20.13.12_Comb09Ch22,2913513.18825,2913513.18359375,1.6230370061624817
PB20.13.12_Comb09Ch23,2986907.963641,2986907.958984375,2.1172964761093827
PB20.13.12_Comb09Ch24,3057708.744891,3057708.740234375,1.4220361317849353
PB20.13.12_Comb09Ch25,3136062.626727,3136062.6220703125,1.5516848099370604
PB20.13.12_Comb09Ch26,3201065.068133,3201065.0634765625,2.074391379989847
PB20.13.12_Comb09Ch27,3294448.857196,3294448.8525390625,1.3266570658019166
PB20.13.12_Comb09Ch28,3371505.741961,3371505.7373046875,1.3943035891470632
PB20.13.12_Comb09Ch29,3467941.288836,3467941.2841796875,1.856850985263318
PB20.13.12_Comb09Ch30,3532562.260516,3532562.255859375,1.7776976479537434
PB20.13.12_Comb09Ch31,3626861.576922,3626861.572265625,1.302923356490782
PB20.13.12_Comb09Ch32,3729553.227313,3729553.22265625,1.7696091172921347
PB20.13.12_Comb09Ch33,3816452.031024,3816452.0263671875,2.339813984359252
PB20.13.12_Comb09Ch34,3887405.400164,3887405.3955078125,1.698380475656451
PB20.13.12_Comb09Ch35,3986434.94118,3986434.9365234375,1.5358503193559487
PB20.13.12_Comb09Ch36,4066848.759539,4066848.7548828125,2.007349354422269
PB20.13.12_Comb09Ch37,4189910.893328,4189910.888671875,1.2245122950289524
PB20.13.12_Comb09Ch38,4268264.775164,4268264.7705078125,1.3042920994372817
PB20.13.12_Comb09Ch39,4377136.235125,4377136.23046875,0.9558171285154522
PB20.13.31_Comb21Ch01,1630935.673602,1630935.6689453125,1.1364469948223825
PB20.13.31_Comb21Ch02,1675720.2195,1675720.21484375,1.2946679602856406
PB20.13.31_Comb21Ch03,1730346.684344,1730346.6796875,1.255854599185843
PB20.13.31_Comb21Ch04,1779785.160907,1779785.15625,1.22879766253025
PB20.13.31_Comb21Ch05,1819305.424578,1819305.419921875,1.218546988058432
PB20.13.31_Comb21Ch06,1878814.701922,1878814.697265625,1.4811108136621953
PB20.13.31_Comb21Ch07,1937561.039813,1937561.03515625,1.4449715408290555
PB20.13.31_Comb21Ch08,1990127.568133,1990127.5634765625,1.3065228881803972
PB20.13.31_Comb21Ch09,2044143.681414,2044143.6767578125,1.412083012725688
PB20.13.31_Comb21Ch10,2099914.555438,2099914.55078125,1.0943535830925706
PB20.13.31_Comb21Ch11,2158889.775164,2158889.7705078125,1.4139121103362557
PB20.13.31_Comb21Ch12,2217483.525164,2217483.5205078125,1.4488038020488154
PB20.13.31_Comb21Ch13,2291259.770282,2291259.765625,1.4128699034970784
PB20.13.31_Comb21Ch14,2419052.12868,2419052.1240234375,1.2548553253578176
PB20.13.31_Comb21Ch15,2476272.587664,2476272.5830078125,1.8246014042589724
PB20.13.31_Comb21Ch16,2537994.389422,2537994.384765625,1.187970665526304
PB20.13.31_Comb21Ch17,2615737.919696,2615737.9150390625,1.5033002800722883
PB20.13.31_Comb21Ch18,2671356.205828,2671356.201171875,1.5233999942112892
PB20.13.31_Comb21Ch19,2748718.266375,2748718.26171875,1.0816956323031544
PB20.13.31_Comb21Ch20,2809448.246844,2809448.2421875,1.2672394918878427
PB20.13.31_Comb21Ch21,2964096.073993,2964096.0693359375,1.884807119443015
PB20.13.31_Comb21Ch22,3022460.942157,3022460.9375,1.20215223951421
PB20.13.31_Comb21Ch23,3125686.650164,3125686.6455078125,1.2058120671679236
PB20.13.31_Comb21Ch24,3201904.301532,3201904.296875,1.2501354317155235
PB20.13.31_Comb21Ch25,3270721.440203,3270721.435546875,1.232592518826413
PB20.13.31_Comb21Ch26,3363723.759539,3363723.7548828125,1.525412047148278
PB20.13.31_Comb21Ch27,3431930.546649,3431930.5419921875,1.5089913914691728
PB20.13.31_Comb21Ch28,3522720.341571,3522720.3369140625,1.5079117198724232
PB20.13.31_Comb21Ch29,3605346.684344,NaN,NaN
PB20.13.31_Comb21Ch30,3783645.634539,3783645.6298828125,1.5585910351491494
PB20.13.31_Comb21Ch31,3882141.117938,3882141.11328125,1.6426179928442266
PB20.13.31_Comb21Ch32,3954620.365985,3954620.361328125,1.1416361040599632
PB20.13.31_Comb21Ch33,4067153.935321,4067153.9306640625,1.1922035086995948
PB20.13.31_Comb21Ch34,4153594.97536,4153594.970703125,1.1041708461888424
PB20.13.31_Comb21Ch35,4249649.052508,4249649.0478515625,1.8404766863696813
PB20.13.31_Comb21Ch36,4329452.519305,4329452.5146484375,1.5441665584525281
PB20.13.31_Comb21Ch37,4363327.031024,4363327.0263671875,1.4514574196928676
PB20.13.12_Comb01Ch01,1744155.888446,1744155.8837890625,1.3392848281912881
PB20.13.12_Comb01Ch02,1785278.324969,1785278.3203125,1.7866004302279785
PB20.13.12_Comb01Ch03,1846923.832782,1846923.828125,1.3947871972201071
PB20.13.12_Comb01Ch04,1896972.660907,1896972.65625,1.4229154174498013
PB20.13.12_Comb01Ch05,1960906.987078,1960906.982421875,1.7243655156926123
PB20.13.12_Comb01Ch06,2013626.103289,2013626.0986328125,1.7734088510622834
PB20.13.12_Comb01Ch07,2072601.323016,2072601.318359375,1.7772284928080864
PB20.13.12_Comb01Ch08,2127151.493914,2127151.4892578125,1.6674804506792051
PB20.13.12_Comb01Ch09,2178115.849383,2178115.8447265625,1.0714082693120994
PB20.13.12_Comb01Ch10,2247314.457782,2247314.453125,1.8322321899215506
PB20.13.12_Comb01Ch11,2379684.452899,2379684.4482421875,1.9354514277589243
PB20.13.12_Comb01Ch12,2428283.696063,2428283.69140625,1.6691260943912563
PB20.13.12_Comb01Ch13,2498397.831805,2498397.8271484375,1.552328272931795
PB20.13.12_Comb01Ch14,2697982.792743,2697982.7880859375,1.754856748976748
PB20.13.12_Comb01Ch15,2856140.141375,2856140.13671875,1.0409428776086689
PB20.13.12_Comb01Ch16,2923812.870868,2923812.8662109375,1.527612095804524
PB20.13.12_Comb01Ch17,3149719.242938,3149719.23828125,1.475056814516931
PB20.13.12_Comb01Ch18,3241729.740985,3241729.736328125,1.4805687309750513
PB20.13.12_Comb01Ch19,3295593.266375,3295593.26171875,1.4094286184721694
PB20.13.12_Comb01Ch20,3377838.139422,3377838.134765625,1.3500954778673646
PB20.13.12_Comb01Ch21,3468017.582782,3468017.578125,1.305387862196202
PB20.13.12_Comb01Ch22,3574829.106219,3574829.1015625,1.9486827548773262
PB20.13.12_Comb01Ch23,3648986.821063,3648986.81640625,1.8749004522699366
PB20.13.12_Comb01Ch24,3714599.614032,3714599.609375,1.4070971427266643
PB20.13.12_Comb01Ch25,3822708.134539,3822708.1298828125,1.8820041398105662
PB20.13.12_Comb01Ch26,3929367.070086,3929367.0654296875,1.6798942984871632
PB20.13.12_Comb01Ch27,4009323.124774,4009323.1201171875,1.7672918600728798
PB20.13.12_Comb01Ch28,4117431.645282,4117431.640625,1.4529644371792638
PB20.13.12_Comb01Ch29,4190826.420672,4190826.416015625,1.2913508464624792
PB20.13.12_Comb01Ch30,4297332.768328,4297332.763671875,1.3048224312372956
PB20.13.12_Comb01Ch31,4387283.329852,4387283.3251953125,1.546294875578171
PB20.13.12_Comb01Ch32,4519195.561297,4519195.556640625,1.965956880012199
PB20.13.13_Comb02Ch01,1640930.180438,1640930.17578125,1.2076974366848574
PB20.13.13_Comb02Ch02,1683349.614032,1683349.609375,1.3371592379143482
PB20.13.13_Comb02Ch03,1730728.154071,1730728.1494140625,1.2822082838569717
PB20.13.13_Comb02Ch04,1787414.555438,1787414.55078125,1.2633918576118135
PB20.13.13_Comb02Ch05,1830291.752703,1830291.748046875,1.331516172547364
PB20.13.13_Comb02Ch06,1891326.908953,1891326.904296875,1.4878396151510427
PB20.13.13_Comb02Ch07,1945190.434344,1945190.4296875,1.5759438100271288
PB20.13.13_Comb02Ch08,1999740.605243,1999740.6005859375,1.455225986256515
PB20.13.13_Comb02Ch09,2112426.762469,2112426.7578125,1.0330181439589525
PB20.13.13_Comb02Ch10,2169418.339618,NaN,NaN
PB20.13.13_Comb02Ch11,2228012.089618,2228012.0849609375,1.6276674603148673
PB20.13.13_Comb02Ch12,2300338.749774,2300338.7451171875,1.5306082275243653
PB20.13.13_Comb02Ch13,2351150.517352,2351150.5126953125,1.5070080947081814
PB20.13.13_Comb02Ch14,2423019.413836,2423019.4091796875,1.337308155995382
PB20.13.13_Comb02Ch15,2489242.558368,2489242.5537109375,1.5031463346052831
PB20.13.13_Comb02Ch16,2550582.890399,2550582.8857421875,1.3806946386797334
PB20.13.13_Comb02Ch17,2619934.086688,2619934.08203125,1.5021550678977633
PB20.13.13_Comb02Ch18,2702255.25368,2702255.2490234375,1.497745753662042
PB20.13.13_Comb02Ch19,2762527.470477,2762527.4658203125,1.0839988966911782
PB20.13.13_Comb02Ch20,2832183.842547,2832183.837890625,1.3105269529172479
PB20.13.13_Comb02Ch21,2920150.761493,2920150.7568359375,1.5758757423878924
PB20.13.13_Comb02Ch22,2983856.205828,2983856.201171875,1.473395538759931
PB20.13.13_Comb02Ch23,3040161.137469,3040161.1328125,1.4348034856985548
PB20.13.13_Comb02Ch24,3133926.396258,3133926.3916015625,1.356888647199037
PB20.13.13_Comb02Ch25,3295669.560321,3295669.5556640625,1.2604421637131007
PB20.13.13_Comb02Ch26,3372268.681414,3372268.6767578125,1.3163598481522256
PB20.13.13_Comb02Ch27,3446273.808368,3446273.8037109375,1.6288137585195537
PB20.13.13_Comb02Ch28,3534393.315203,3534393.310546875,1.5813558757304322
PB20.13.13_Comb02Ch29,3629760.746844,3629760.7421875,1.1577440823560954
PB20.13.13_Comb02Ch30,3730468.754657,3730468.75,1.7122218724527032
PB20.13.13_Comb02Ch31,3810424.809344,3810424.8046875,1.486498653987752
PB20.13.13_Comb02Ch32,3893203.740008,3893203.7353515625,1.456651729307699
PB20.13.13_Comb02Ch33,3973617.558368,3973617.5537109375,1.282518956869386
PB20.13.13_Comb02Ch34,4081573.490985,4081573.486328125,1.1598264910524942
PB20.13.13_Comb02Ch35,4186630.25368,NaN,NaN
PB20.13.13_Comb02Ch36,4266967.778094,4266967.7734375,1.1136125569299253
PB20.13.13_Comb02Ch37,4346694.950946,4346694.9462890625,1.555758728899567
PB20.13.13_Comb02Ch38,4379348.759539,4379348.7548828125,1.5017092777074126
PB20.13.12_Comb25Ch01,1591720.585711,1591720.5810546875,1.6145414217518548
PB20.13.12_Comb25Ch02,1641769.413836,1641769.4091796875,1.371121710044448
PB20.13.12_Comb25Ch03,1688385.014422,1688385.009765625,1.755664573769113
PB20.13.12_Comb25Ch04,1736068.730243,1736068.7255859375,1.327670402429128
PB20.13.12_Comb25Ch05,1789245.610125,1789245.60546875,1.5448405463905455
PB20.13.12_Comb25Ch06,1840209.965594,1840209.9609375,1.4612735443107445
PB20.13.12_Comb25Ch07,1888504.032977,1888504.0283203125,1.4578920141685354
PB20.13.12_Comb25Ch08,2006683.354266,2006683.349609375,2.1269954991349227
PB20.13.12_Comb25Ch09,2065811.161883,2065811.1572265625,1.0230157754271956
PB20.13.12_Comb25Ch10,2120895.390399,2120895.3857421875,1.7369393536026112
PB20.13.12_Comb25Ch11,2174453.740008,2174453.7353515625,1.4354527594567412
PB20.13.12_Comb25Ch12,2290725.712664,2290725.7080078125,1.2810699951112774
PB20.13.12_Comb25Ch13,2362594.609149,2362594.6044921875,1.5328116992326066
PB20.13.12_Comb25Ch14,2416229.252703,2416229.248046875,1.4563301574094332
PB20.13.12_Comb25Ch15,2493438.72536,2493438.720703125,1.3471662767012489
PB20.13.12_Comb25Ch16,2538757.328875,2538757.32421875,1.3622401608724526
PB20.13.12_Comb25Ch17,2692565.922625,2692565.91796875,1.0046113140606718
PB20.13.12_Comb25Ch18,2766876.22536,2766876.220703125,1.6923861908029727
PB20.13.12_Comb25Ch19,2815551.762469,2815551.7578125,2.0671795019562387
PB20.13.12_Comb25Ch20,2889099.12575,2889099.12109375,1.412178632687776
PB20.13.12_Comb25Ch21,2983856.205828,2983856.201171875,1.4150950909879578
PB20.13.12_Comb25Ch22,3053970.341571,3053970.3369140625,1.4869474100895161
PB20.13.12_Comb25Ch23,3124771.122821,3124771.1181640625,1.3202889356379393
PB20.13.12_Comb25Ch24,3213195.805438,3213195.80078125,1.6514742431847675
PB20.13.12_Comb25Ch25,3295364.384539,3295364.3798828125,1.3657502946124582
PB20.13.12_Comb25Ch26,3347702.031024,3347702.0263671875,1.8072419860876068
PB20.13.12_Comb25Ch27,3416824.345477,3416824.3408203125,1.3435706036294228
PB20.13.12_Comb25Ch28,3537826.542743,3537826.5380859375,1.62497874220699
PB20.13.12_Comb25Ch29,3676452.641375,3676452.63671875,1.2956579973436861
PB20.13.12_Comb25Ch30,3760757.450946,3760757.4462890625,1.2439007751848354
PB20.13.12_Comb25Ch31,3880920.414813,3880920.41015625,1.3215659422040422
PB20.13.12_Comb25Ch32,3964920.048602,3964920.0439453125,1.1918710742112397
PB20.13.12_Comb25Ch33,4079742.436297,4079742.431640625,1.3282834226071536
PB20.13.12_Comb25Ch34,4170532.231219,4170532.2265625,1.2316787223448633
PB20.13.12_Comb25Ch35,4212951.664813,4212951.66015625,1.4282733539097408
PB20.13.12_Comb25Ch36,4304275.517352,4304275.5126953125,1.1254466579199354
PB20.13.15_Comb07Ch01,1643524.174578,1643524.169921875,1.5036049329921475
PB20.13.15_Comb07Ch02,1686248.783953,1686248.779296875,1.5604954546526757
PB20.13.15_Comb07Ch03,1893386.845477,1893386.8408203125,1.6958737590614983
PB20.13.15_Comb07Ch04,1950454.716571,1950454.7119140625,1.682269367638751
PB20.13.15_Comb07Ch05,2056961.064227,2056961.0595703125,1.7397156142248256
PB20.13.15_Comb07Ch06,2171249.394305,2171249.3896484375,1.6704607899931136
PB20.13.15_Comb07Ch07,2233657.841571,2233657.8369140625,1.7217987989391847
PB20.13.15_Comb07Ch08,2487945.561297,2487945.556640625,1.717002947608291
PB20.13.15_Comb07Ch09,2558364.872821,2558364.8681640625,1.5032165969565994
PB20.13.15_Comb07Ch10,2689361.576922,2689361.572265625,1.766466986157781
PB20.13.15_Comb07Ch11,2830963.139422,2830963.134765625,1.4783835238570644
PB20.13.15_Comb07Ch12,2903289.799578,2903289.794921875,1.8209596596225335
PB20.13.15_Comb07Ch13,2981109.623797,2981109.619140625,1.6942257127092384
PB20.13.15_Comb07Ch14,3046875.004657,3046875.0,1.5381690875062723
PB20.13.15_Comb07Ch15,3288040.165789,3288040.1611328125,1.5067083796584242
PB20.13.15_Comb07Ch16,3375320.439227,3375320.4345703125,1.536948424870398
PB20.13.15_Comb07Ch17,3623504.643328,3623504.638671875,1.4762754861252845
PB20.13.15_Comb07Ch18,3716354.374774,3716354.3701171875,1.8285431162970973
PB20.13.15_Comb07Ch19,3808593.754657,3808593.75,1.6677138963811935
PB20.13.15_Comb07Ch20,3898696.904071,3898696.8994140625,1.5444715524237365
PB20.13.15_Comb07Ch21,4179840.092547,4179840.087890625,1.5096445896414912
PB20.13.15_Comb07Ch22,4268875.126727,4268875.1220703125,1.4632964879949422
PB20.13.13_Comb23Ch01,1703109.745868,1703109.7412109375,1.2804704520163035
PB20.13.13_Comb23Ch02,1752395.634539,1752395.6298828125,1.3159486022226337
PB20.13.13_Comb23Ch03,1788177.494891,1788177.490234375,1.3119886942518424
PB20.13.13_Comb23Ch04,1847381.596453,1847381.591796875,1.2527886797875911
PB20.13.13_Comb23Ch05,1901626.591571,1901626.5869140625,1.2761634539640236
PB20.13.13_Comb23Ch06,1962585.453875,1962585.44921875,1.5635564090865737
PB20.13.13_Comb23Ch07,2015380.864032,2015380.859375,1.5318913346003045
PB20.13.13_Comb23Ch08,2071838.383563,2071838.37890625,1.685011635983019
PB20.13.13_Comb23Ch09,2175521.855243,2175521.8505859375,1.0455522381517066
PB20.13.13_Comb23Ch10,2240371.708758,2240371.7041015625,1.5970986836602008
PB20.13.13_Comb23Ch11,2313995.365985,2313995.361328125,1.5810418430436455
PB20.13.13_Comb23Ch12,2391586.308368,2391586.3037109375,1.7142701069359008
PB20.13.13_Comb23Ch13,2433547.978289,2433547.9736328125,1.4925039352444807
PB20.13.13_Comb23Ch14,2508392.338641,2508392.333984375,1.3485444346387712
PB20.13.13_Comb23Ch15,2565612.797625,2565612.79296875,1.5441166870353085
PB20.13.13_Comb23Ch16,2662963.871844,2662963.8671875,1.3738891714900008
PB20.13.13_Comb23Ch17,2709198.002703,2709197.998046875,1.7956647883063306
PB20.13.13_Comb23Ch18,2761535.649188,2761535.64453125,1.7300079756353572
PB20.13.13_Comb23Ch19,2852783.207782,2852783.203125,1.1103440055444307
PB20.13.13_Comb23Ch20,2935485.8445,2935485.83984375,1.3805269364450443
PB20.13.13_Comb23Ch21,2979812.626727,2979812.6220703125,1.823592278393328
PB20.13.13_Comb23Ch22,3074569.706805,3074569.7021484375,1.5903333355139333
PB20.13.13_Comb23Ch23,3162689.213641,3162689.208984375,1.420212236657795
PB20.13.13_Comb23Ch24,3259048.466571,3259048.4619140625,1.3436707148848157
PB20.13.13_Comb23Ch25,3382110.60036,3382110.595703125,1.2824215500366651
PB20.13.13_Comb23Ch26,3474197.392352,3474197.3876953125,1.311392826497649
PB20.13.13_Comb23Ch27,3586120.610125,3586120.60546875,2.1749508720241146
PB20.13.13_Comb23Ch28,3648757.939227,3648757.9345703125,1.7956422017353726
PB20.13.13_Comb23Ch29,3719177.25075,3719177.24609375,1.234413236899806
PB20.13.13_Comb23Ch30,3817672.734149,3817672.7294921875,1.8211077871255286
PB20.13.13_Comb23Ch31,3939666.752703,3939666.748046875,1.7111592596431335
PB20.13.13_Comb23Ch32,4016876.22536,4016876.220703125,1.5739853052240314
PB20.13.13_Comb23Ch33,4129028.324969,4129028.3203125,1.3739876958049224
PB20.13.13_Comb23Ch34,4195327.763446,4195327.7587890625,1.2629824560158291
PB20.13.13_Comb23Ch35,4314575.199969,4314575.1953125,1.283739671313062
PB20.13.13_Comb23Ch36,4399642.948993,4399642.9443359375,1.2611430703227926
PB20.13.13_Comb23Ch37,4508209.233172,4508209.228515625,2.046646310034525
PB20.13.13_Comb23Ch38,4524841.31325,4524841.30859375,1.584802901918093
PB20.13.13_Comb30Ch01,1653747.56325,1653747.55859375,1.3424077484115284
PB20.13.13_Comb30Ch02,1694488.530047,1694488.525390625,1.3034936176955279
PB20.13.13_Comb30Ch03,1736068.730243,1736068.7255859375,1.317130654788629
PB20.13.13_Comb30Ch04,1797943.119891,1797943.115234375,1.4858223492135711
PB20.13.13_Comb30Ch05,1843566.899188,1843566.89453125,1.4061379809628891
PB20.13.13_Comb30Ch06,1906127.934344,1906127.9296875,1.6524093571750322
PB20.13.13_Comb30Ch07,1957626.34743,1957626.3427734375,1.531036362290047
PB20.13.13_Comb30Ch08,2017822.270282,2017822.265625,1.6617454487023693
PB20.13.13_Comb30Ch09,2119293.217547,2119293.212890625,1.3678113338344664
PB20.13.13_Comb30Ch10,2247314.457782,2247314.453125,1.6117527951026989
PB20.13.13_Comb30Ch11,2317581.181414,2317581.1767578125,1.478539332464471
PB20.13.13_Comb30Ch12,2364273.075946,2364273.0712890625,1.6763184359195957
PB20.13.13_Comb30Ch13,2437210.087664,2437210.0830078125,1.3896483088017824
PB20.13.13_Comb30Ch14,2488403.324969,2488403.3203125,1.7044891322170803
PB20.13.13_Comb30Ch15,2574310.307391,2574310.302734375,1.3118746903481033
PB20.13.13_Comb30Ch16,2626495.365985,2626495.361328125,1.645695640616611
PB20.13.13_Comb30Ch17,2782058.720477,2782058.7158203125,1.6354369557775452
PB20.13.13_Comb30Ch18,2848892.216571,2848892.2119140625,1.3908991448633246
PB20.13.13_Comb30Ch19,2993087.773211,2993087.7685546875,1.6163166694683258
PB20.13.13_Comb30Ch20,3063583.37868,3063583.3740234375,1.345566394012901
PB20.13.13_Comb30Ch21,3375320.439227,NaN,NaN
PB20.13.13_Comb30Ch22,3484191.899188,3484191.89453125,1.7092656719640082
PB20.13.13_Comb30Ch23,3558731.083758,3558731.0791015625,1.8846615286004358
PB20.13.13_Comb30Ch24,3628082.280047,3628082.275390625,1.284696552343887
PB20.13.13_Comb30Ch25,3823776.249774,3823776.2451171875,1.639637995148921
PB20.13.13_Comb30Ch26,3897323.613055,3897323.6083984375,1.5842283819723653
PB20.13.13_Comb30Ch27,4014053.349383,4014053.3447265625,1.3945775594199052
PB20.13.13_Comb30Ch28,4195556.645282,4195556.640625,1.2937003173208192
PB20.13.13_Comb30Ch29,4279251.103289,4279251.0986328125,1.1674565484520179
PB20.13.13_Comb30Ch30,4385986.332782,4385986.328125,1.9886456864399544
PB20.13.13_Comb30Ch31,4413299.565203,4413299.560546875,1.7965850618150625
PB20.13.13_Comb29Ch01,1685791.020282,1685791.015625,1.3283409354599456
PB20.13.13_Comb29Ch02,1733016.97243,1733016.9677734375,1.3781273052129062
PB20.13.13_Comb29Ch03,1777954.106219,1777954.1015625,1.3165591388663258
PB20.13.13_Comb29Ch04,1836090.092547,1836090.087890625,1.3967456136749885
PB20.13.13_Comb29Ch05,1886978.154071,1886978.1494140625,1.342809317663337
PB20.13.13_Comb29Ch06,1995010.380633,1995010.3759765625,1.573880028151048
PB20.13.13_Comb29Ch07,2057037.358172,2057037.353515625,1.525585557353082
PB20.13.13_Comb29Ch08,2178955.082782,2178955.078125,1.0194030723935026
PB20.13.13_Comb29Ch09,2231140.141375,2231140.13671875,1.48924924848577
PB20.13.13_Comb29Ch10,2296905.522235,2296905.517578125,1.7138769469354065
PB20.13.13_Comb29Ch11,2358856.205828,2358856.201171875,1.5456341534870475
PB20.13.13_Comb29Ch12,2426528.935321,2426528.9306640625,1.520572195193247
PB20.13.13_Comb29Ch13,2480392.460711,2480392.4560546875,1.3669439286601646
PB20.13.13_Comb29Ch14,2562026.982196,2562026.9775390625,1.5194109784668972
PB20.13.13_Comb29Ch15,2625198.368914,2625198.3642578125,1.3638888630086616
PB20.13.13_Comb29Ch16,2689361.576922,2689361.572265625,1.5580665280956112
PB20.13.13_Comb29Ch17,2776870.732196,2776870.7275390625,1.55907897752116
PB20.13.13_Comb29Ch18,2843399.052508,2843399.0478515625,1.1719953370364098
PB20.13.13_Comb29Ch19,2904357.914813,2904357.91015625,1.2805835222127513
PB20.13.13_Comb29Ch20,2987747.197039,2987747.1923828125,1.5061435488213268
PB20.13.13_Comb29Ch21,3059768.681414,3059768.6767578125,1.5006857952999306
PB20.13.13_Comb29Ch22,3126144.413836,3126144.4091796875,1.344389868402537
PB20.13.13_Comb29Ch23,3215789.799578,3215789.794921875,1.4102423055287816
PB20.13.13_Comb29Ch24,3378372.197039,3378372.1923828125,1.1974997591966992
PB20.13.13_Comb29Ch25,3464965.824969,3464965.8203125,1.2596825213653149
PB20.13.13_Comb29Ch26,3548812.870868,3548812.8662109375,1.5928880503106528
PB20.13.13_Comb29Ch27,3610305.790789,3610305.7861328125,1.6295687937753875
PB20.13.13_Comb29Ch28,3726959.233172,3726959.228515625,1.1313402266838188
PB20.13.13_Comb29Ch29,3818130.497821,3818130.4931640625,1.5897679670231888
PB20.13.13_Comb29Ch30,3915710.453875,3915710.44921875,1.4708336455477484
PB20.13.13_Comb29Ch31,3995742.802508,3995742.7978515625,1.471128393415136
PB20.13.13_Comb29Ch32,4086151.127703,4086151.123046875,1.3345275263843557
PB20.13.13_Comb29Ch33,4175872.807391,4175872.802734375,1.299179988255157
PB20.13.13_Comb29Ch34,4288177.494891,4288177.490234375,1.0940547986096092
PB20.13.13_Comb29Ch35,4369125.370868,4369125.3662109375,1.17723399186206
PB20.13.13_Comb29Ch36,4481124.882586,4481124.8779296875,1.6327774123498773
PB20.13.13_Comb29Ch37,4475097.660907,4475097.65625,1.6861172693494422
PB20.13.13_Comb26Ch01,1636657.7195,1636657.71484375,1.292639234543065
PB20.13.13_Comb26Ch02,1689529.423602,1689529.4189453125,1.2998748515858929
PB20.13.13_Comb26Ch03,1735916.142352,1735916.1376953125,1.3552258571844131
PB20.13.13_Comb26Ch04,1789398.198016,1789398.193359375,1.2828647321047795
PB20.13.13_Comb26Ch05,1829681.401141,1829681.396484375,1.38357910339705
PB20.13.13_Comb26Ch06,1887969.97536,1887969.970703125,1.6195969261734002
PB20.13.13_Comb26Ch07,1956405.644305,1956405.6396484375,1.5726226158472694
PB20.13.13_Comb26Ch08,2001113.896258,2001113.8916015625,1.634200788478645
PB20.13.13_Comb26Ch09,2103576.664813,2103576.66015625,1.0789225480060103
PB20.13.13_Comb26Ch10,2162475.590594,2162475.5859375,1.6150599144819675
PB20.13.13_Comb26Ch11,2225875.859149,2225875.8544921875,1.5475773038388019
PB20.13.13_Comb26Ch12,2312545.781024,2312545.7763671875,1.686677614878842
PB20.13.13_Comb26Ch13,2344589.238055,2344589.2333984375,1.600869182000361
PB20.13.13_Comb26Ch14,2436981.205828,2436981.201171875,1.4207891309102487
PB20.13.13_Comb26Ch15,2486572.270282,2486572.265625,1.6101773614262807
PB20.13.13_Comb26Ch16,2557067.87575,2557067.87109375,1.4150520772602715
PB20.13.13_Comb26Ch17,2629241.948016,2629241.943359375,1.6525198320451082
PB20.13.13_Comb26Ch18,2679595.951922,2679595.947265625,1.5858146216745388
PB20.13.13_Comb26Ch19,2758941.655047,2758941.650390625,1.161762367093401
PB20.13.13_Comb26Ch20,2821044.926532,2821044.921875,1.5128150752536593
PB20.13.13_Comb26Ch21,2893981.93825,2893981.93359375,1.5912622446255635
PB20.13.13_Comb26Ch22,2983322.148211,2983322.1435546875,1.664939199531381
PB20.13.13_Comb26Ch23,3041458.134539,3041458.1298828125,1.4766544583049934
PB20.13.13_Comb26Ch24,3153762.822039,3153762.8173828125,1.4510928993869914
PB20.13.13_Comb26Ch25,3286209.111102,3286209.1064453125,1.334147132052869
PB20.13.13_Comb26Ch26,3373870.854266,3373870.849609375,1.3204876909125403
PB20.13.13_Comb26Ch27,3457260.136493,3457260.1318359375,1.900674111233367
PB20.13.13_Comb26Ch28,3550033.573993,3550033.5693359375,1.7490633498348707
PB20.13.13_Comb26Ch29,3701553.349383,3701553.3447265625,1.6843175886250257
PB20.13.13_Comb26Ch30,3804931.645282,3804931.640625,1.732010922230788
PB20.13.13_Comb26Ch31,3903427.12868,3903427.1240234375,1.634057027197578
PB20.13.13_Comb26Ch32,3987426.762469,3987426.7578125,1.618864730294792
PB20.13.13_Comb26Ch33,4085922.245868,4085922.2412109375,1.3013476381014175
PB20.13.13_Comb26Ch34,4173278.81325,4173278.80859375,1.188658371628154
PB20.13.13_Comb26Ch35,4279174.809344,4279174.8046875,1.294012078016014
PB20.13.13_Comb26Ch36,4349823.002703,4349822.998046875,2.0807252642717793
PB20.13.13_Comb26Ch37,4394836.430438,4394836.42578125,1.7892875461940394
PB20.13.12_Comb28Ch01,1590728.764422,1590728.759765625,1.878076837691925
PB20.13.12_Comb28Ch02,1635818.486102,1635818.4814453125,1.639616393018704
PB20.13.12_Comb28Ch03,1740570.073016,1740570.068359375,1.3282053041499176
PB20.13.12_Comb28Ch04,1795730.595477,1795730.5908203125,1.8898751398472735
PB20.13.12_Comb28Ch05,1836471.562274,1836471.5576171875,1.4715918602464926
PB20.13.12_Comb28Ch06,1882934.574969,1882934.5703125,1.4674953239020883
PB20.13.12_Comb28Ch07,1947937.016375,1947937.01171875,1.5336218475415653
PB20.13.12_Comb28Ch08,2070541.386493,2070541.3818359375,1.0623481934653611
PB20.13.12_Comb28Ch09,2116775.517352,2116775.5126953125,2.088728472180999
PB20.13.12_Comb28Ch10,2172088.627703,2172088.623046875,1.6856737078561266
PB20.13.12_Comb28Ch11,2227249.150164,2227249.1455078125,1.5603066308468505
PB20.13.12_Comb28Ch12,2293777.470477,2293777.4658203125,1.3705894319837215
PB20.13.12_Comb28Ch13,2405242.924578,2405242.919921875,1.4627467548936757
PB20.13.12_Comb28Ch14,2486114.50661,2486114.501953125,1.4923957768120573
PB20.13.12_Comb28Ch15,2539367.680438,2539367.67578125,1.5244878652702278
PB20.13.12_Comb28Ch16,2598648.075946,2598648.0712890625,1.5354730273157402
PB20.13.12_Comb28Ch17,2699661.259539,2699661.2548828125,1.0771101774294134
PB20.13.12_Comb28Ch18,2758331.303485,2758331.298828125,2.0790117007242817
PB20.13.12_Comb28Ch19,2803955.082782,2803955.078125,1.6867183341930725
PB20.13.12_Comb28Ch20,2876510.624774,2876510.6201171875,1.5999349489481947
PB20.13.12_Comb28Ch21,2984085.087664,2984085.0830078125,1.6307910482723766
PB20.13.12_Comb28Ch22,3129730.229266,3129730.224609375,1.3539012352751822
PB20.13.12_Comb28Ch23,3207092.289813,3207092.28515625,2.0063480431038836
PB20.13.12_Comb28Ch24,3283233.647235,3283233.642578125,1.6970143914426403
PB20.13.12_Comb28Ch25,3343048.10036,3343048.095703125,1.5225224041463317
PB20.13.12_Comb28Ch26,3420410.160907,3420410.15625,1.602118224725951
PB20.13.12_Comb28Ch27,3535232.548602,3535232.5439453125,1.8784903543574436
PB20.13.12_Comb28Ch28,3583755.497821,3583755.4931640625,1.714283994863184
PB20.13.12_Comb28Ch29,3667907.7195,3667907.71484375,1.546169947364066
PB20.13.12_Comb28Ch30,3741531.376727,3741531.3720703125,1.4497464593147162
PB20.13.12_Comb28Ch31,3891372.685321,3891372.6806640625,1.6761936168410474
PB20.13.12_Comb28Ch32,3976058.964618,3976058.9599609375,1.3516316815710365
PB20.13.12_Comb28Ch33,4072189.335711,4072189.3310546875,1.8399111492623268
PB20.13.12_Comb28Ch34,4159851.078875,4159851.07421875,1.635699428900874
PB20.13.12_Comb28Ch35,4316558.842547,4316558.837890625,1.4582251099819328
PB20.13.13_Comb12Ch01,1649856.572039,1649856.5673828125,1.4691530418079615
PB20.13.13_Comb12Ch02,1685867.314227,1685867.3095703125,1.3877955118063865
PB20.13.13_Comb12Ch03,1732254.032977,1732254.0283203125,1.2543455983142853
PB20.13.13_Comb12Ch04,1781692.509539,1781692.5048828125,1.3220582507503875
PB20.13.13_Comb12Ch05,1834945.683368,1834945.6787109375,1.5021195567789232
PB20.13.13_Comb12Ch06,1902847.294696,1902847.2900390625,1.9252180557587624
PB20.13.13_Comb12Ch07,1944427.494891,1944427.490234375,1.5109317774113573
PB20.13.13_Comb12Ch08,2002716.06911,2002716.064453125,1.5842393745935688
PB20.13.13_Comb12Ch09,2106094.365008,2106094.3603515625,1.058447691425119
PB20.13.13_Comb12Ch10,2181854.252703,2181854.248046875,1.618619732953881
PB20.13.13_Comb12Ch11,2244415.28786,2244415.283203125,1.8360197776780722
PB20.13.13_Comb12Ch12,2298736.576922,2298736.572265625,1.6507836752082707
PB20.13.13_Comb12Ch13,2355957.035907,2355957.03125,1.6097442855542208
PB20.13.13_Comb12Ch14,2420730.595477,2420730.5908203125,1.369865750015231
PB20.13.13_Comb12Ch15,2486419.682391,2486419.677734375,1.5789590073233326
PB20.13.13_Comb12Ch16,2564620.976336,2564620.9716796875,1.8561962455203334
PB20.13.13_Comb12Ch17,2613296.513446,2613296.5087890625,1.5768030607896792
PB20.13.13_Comb12Ch18,2690048.22243,2690048.2177734375,1.637839879237282
PB20.13.13_Comb12Ch19,2757110.60036,2757110.595703125,1.129904895682412
PB20.13.13_Comb12Ch20,2842483.525164,2842483.5205078125,1.9117712763849566
PB20.13.13_Comb12Ch21,2911529.545672,2911529.541015625,1.840054893993918
PB20.13.13_Comb12Ch22,2984924.321063,2984924.31640625,1.6406488956123524
PB20.13.13_Comb12Ch23,3058853.154071,3058853.1494140625,2.0346405898289763
PB20.13.13_Comb12Ch24,3130874.638446,3130874.6337890625,1.3550376508069104
PB20.13.13_Comb12Ch25,3292770.390399,3292770.3857421875,1.5090245477930138
PB20.13.13_Comb12Ch26,3371658.329852,3371658.3251953125,1.3793445162883107
PB20.13.13_Comb12Ch27,3465499.882586,3465499.8779296875,2.1849486965350113
PB20.13.13_Comb12Ch28,3526916.508563,3526916.50390625,1.5635021441623986
PB20.13.13_Comb12Ch29,3629074.101336,3629074.0966796875,1.311576603034022
PB20.13.13_Comb12Ch30,3722457.890399,3722457.8857421875,2.255453149476807
PB20.13.13_Comb12Ch31,3815002.446063,3815002.44140625,2.281289348373461
PB20.13.13_Comb12Ch32,3886184.697039,3886184.6923828125,1.4888354286143817
PB20.13.13_Comb12Ch33,3981018.071063,3981018.06640625,1.3853894618134723
PB20.13.13_Comb12Ch34,4066085.820086,4066085.8154296875,1.2337083010625627
PB20.13.13_Comb12Ch35,4185791.020282,4185791.015625,1.9220512544815027
PB20.13.13_Comb12Ch36,4264984.135516,4264984.130859375,1.1646665118623079
PB20.13.13_Comb12Ch37,4370727.543719,4370727.5390625,1.6734411108321627
PB20.13.13_Comb12Ch38,4377899.174578,4377899.169921875,1.5509629506931237
PB20.13.13_Comb22Ch01,1639099.12575,1639099.12109375,1.2516857201408216
PB20.13.13_Comb22Ch02,1684570.317157,1684570.3125,1.3933138591818472
PB20.13.13_Comb22Ch03,1736679.081805,1736679.0771484375,1.331368862134368
PB20.13.13_Comb22Ch04,1889877.323993,1889877.3193359375,1.4634692444282842
PB20.13.13_Comb22Ch05,1947937.016375,1947937.01171875,1.533123265867771
PB20.13.13_Comb22Ch06,2167663.578875,2167663.57421875,1.4511366187883736
PB20.13.13_Comb22Ch07,2302322.392352,2302322.3876953125,1.4740062747320528
PB20.13.13_Comb22Ch08,2479782.109149,2479782.1044921875,1.478852642215464
PB20.13.13_Comb22Ch09,2552108.769305,2552108.7646484375,1.3224711831281748
PB20.13.13_Comb22Ch10,2686538.700946,2686538.6962890625,1.4612112385339269
PB20.13.13_Comb22Ch11,2827835.087664,2827835.0830078125,1.243862878064435
PB20.13.13_Comb22Ch12,2903900.151141,2903900.146484375,1.5138431315444543
PB20.13.13_Comb22Ch13,2979507.450946,2979507.4462890625,1.5079919946433518
PB20.13.13_Comb22Ch14,3037796.025164,3037796.0205078125,1.341090158308499
PB20.13.13_Comb22Ch15,3140869.145282,3140869.140625,1.4257145791324841
PB20.13.13_Comb22Ch16,3447494.511493,3447494.5068359375,1.5044454393891455
PB20.13.13_Comb22Ch17,3621215.824969,3621215.8203125,1.1305135125801944
PB20.13.13_Comb22Ch18,3714752.201922,3714752.197265625,1.5124431184807183
PB20.13.13_Comb22Ch19,3807067.87575,3807067.87109375,1.4605452558707914
PB20.13.13_Comb22Ch20,3895111.088641,3895111.083984375,1.4527972180054844
PB20.13.13_Comb22Ch21,4344482.426532,4344482.421875,1.3610845215257383
PB20.13.28_Comb10Ch01,1711502.079852,1711502.0751953125,2.0412583340467507
PB20.13.28_Comb10Ch02,1760635.380633,1760635.3759765625,1.387750140825132
PB20.13.28_Comb10Ch03,1795959.477313,1795959.47265625,3.7889691403395767
PB20.13.28_Comb10Ch04,1846771.244891,1846771.240234375,1.3343320876097622
PB20.13.28_Comb10Ch05,1905670.170672,1905670.166015625,1.864104462981648
PB20.13.28_Comb10Ch06,1976013.18825,1976013.18359375,1.859867043434236
PB20.13.28_Comb10Ch07,2031707.768328,2031707.763671875,1.5488436919770143
PB20.13.28_Comb10Ch08,2080917.363055,2080917.3583984375,1.5919695206490319
PB20.13.28_Comb10Ch09,2136688.237078,2136688.232421875,4.344996803958565
PB20.13.28_Comb10Ch10,2177963.261493,2177963.2568359375,1.069527063136553
PB20.13.28_Comb10Ch11,2251739.50661,2251739.501953125,2.3451677840739222
PB20.13.28_Comb10Ch12,2322158.818133,2322158.8134765625,1.72247786594904
PB20.13.28_Comb10Ch13,2402648.930438,2402648.92578125,3.1127248323130514
PB20.13.28_Comb10Ch14,2432937.626727,2432937.6220703125,1.597356219304218
PB20.13.28_Comb10Ch15,2518768.315203,2518768.310546875,1.8291982436653786
PB20.13.28_Comb10Ch16,2565078.740008,2565078.7353515625,1.9868626239137943
PB20.13.28_Comb10Ch17,2676391.606219,2676391.6015625,1.2500626423684582
PB20.13.28_Comb10Ch18,2708740.239032,2708740.234375,1.7401735107470193
PB20.13.28_Comb10Ch19,2762298.588641,2762298.583984375,4.443379392300376
PB20.13.28_Comb10Ch20,2857284.550555,2857284.5458984375,1.2017865633104614
PB20.13.28_Comb10Ch21,2995147.709735,2995147.705078125,4.9876726508162506
PB20.13.28_Comb10Ch22,3176879.887469,3176879.8828125,1.3201254554048794
PB20.13.28_Comb10Ch23,3265914.921649,3265914.9169921875,1.9383542224111376
PB20.13.28_Comb10Ch24,3315277.104266,3315277.099609375,1.49997249913993
PB20.13.28_Comb10Ch25,3394393.925555,3394393.9208984375,2.330977268041014
PB20.13.28_Comb10Ch26,3483123.783953,3483123.779296875,1.4609739338398973
PB20.13.28_Comb10Ch27,3605804.448016,3605804.443359375,3.8470004075718887
PB20.13.28_Comb10Ch28,3671646.122821,3671646.1181640625,1.7639787911247904
PB20.13.28_Comb10Ch29,3727111.821063,3727111.81640625,1.9018969240151398
PB20.13.28_Comb10Ch30,3835296.635516,NaN,NaN
PB20.13.28_Comb10Ch31,4018936.161883,4018936.1572265625,1.8168977547904865
PB20.13.28_Comb10Ch32,4143600.468524,4143600.4638671875,2.003536785786455
PB20.13.28_Comb10Ch33,4205551.152118,4205551.1474609375,1.4692466121872176
PB20.13.28_Comb10Ch34,4327163.700946,4327163.6962890625,2.268966010791846
PB20.13.28_Comb10Ch35,4544296.269305,4544296.2646484375,1.4539429139396727
PB20.13.28_Comb10Ch36,4563140.873797,4563140.869140625,1.5665624680770016
PB20.13.13_Comb28Ch01,1639556.889422,1639556.884765625,1.220906611066825
PB20.13.13_Comb28Ch02,1683044.43825,1683044.43359375,1.2818613726006658
PB20.13.13_Comb28Ch03,1728591.923602,1728591.9189453125,1.2861321902503098
PB20.13.13_Comb28Ch04,1780548.10036,1780548.095703125,1.20804784021591
PB20.13.13_Comb28Ch05,1827163.700946,1827163.6962890625,1.2662942436668914
PB20.13.13_Comb28Ch06,1890563.9695,NaN,NaN
PB20.13.13_Comb28Ch07,1943969.731219,1943969.7265625,1.458557334581899
PB20.13.13_Comb28Ch08,1995010.380633,NaN,NaN
PB20.13.13_Comb28Ch09,2101898.198016,2101898.193359375,1.0123634267544532
PB20.13.13_Comb28Ch10,2166595.463641,NaN,NaN
PB20.13.13_Comb28Ch11,2227859.501727,NaN,NaN
PB20.13.13_Comb28Ch12,2297592.167743,NaN,NaN
PB20.13.13_Comb28Ch13,2344589.238055,NaN,NaN
PB20.13.13_Comb28Ch14,2419891.362078,NaN,NaN
PB20.13.13_Comb28Ch15,2489089.970477,NaN,NaN
PB20.13.13_Comb28Ch16,2549057.011493,NaN,NaN
PB20.13.13_Comb28Ch17,2613906.865008,NaN,NaN
PB20.13.13_Comb28Ch18,2692947.392352,NaN,NaN
PB20.13.13_Comb28Ch19,2750625.615008,NaN,NaN
PB20.13.13_Comb28Ch20,2828979.496844,NaN,NaN
PB20.13.13_Comb28Ch21,2907943.730243,NaN,NaN
PB20.13.13_Comb28Ch22,2982559.208758,NaN,NaN
PB20.13.13_Comb28Ch23,3036117.558368,NaN,NaN
PB20.13.13_Comb28Ch24,3130340.580828,NaN,NaN
PB20.13.13_Comb28Ch25,3290863.041766,NaN,NaN
PB20.13.13_Comb28Ch26,3372955.326922,3372955.322265625,1.2963831542183768
PB20.13.13_Comb28Ch27,3442764.286883,NaN,NaN
PB20.13.13_Comb28Ch28,3524703.984149,NaN,NaN
PB20.13.13_Comb28Ch29,3622283.940203,3622283.935546875,1.1659648761455834
PB20.13.13_Comb28Ch30,3718948.368914,NaN,NaN
PB20.13.13_Comb28Ch31,3808746.342547,NaN,NaN
PB20.13.13_Comb28Ch32,3889923.10036,NaN,NaN
PB20.13.13_Comb28Ch33,3967514.042743,NaN,NaN
PB20.13.13_Comb28Ch34,4063873.295672,4063873.291015625,1.1261358408297
PB20.13.13_Comb28Ch35,4180145.268328,4180145.263671875,1.0939848157759637
PB20.13.13_Comb28Ch36,4268417.363055,4268417.3583984375,1.1154780538457634
PB20.13.13_Comb28Ch37,4346008.305438,4346008.30078125,1.632819484734236
PB20.13.13_Comb28Ch38,4367980.961688,4367980.95703125,1.654097074761963
PB20.13.15_Comb05Ch01,1639175.419696,1639175.4150390625,1.4846941040344517
PB20.13.15_Comb05Ch02,1678466.801532,1678466.796875,1.464414348406038
PB20.13.15_Comb05Ch03,1729049.687274,1729049.6826171875,1.5941157560674617
PB20.13.15_Comb05Ch04,1785507.206805,1785507.2021484375,1.4574810766173159
PB20.13.15_Comb05Ch05,1832199.101336,1832199.0966796875,1.508838416615952
PB20.13.15_Comb05Ch06,1890792.851336,1890792.8466796875,1.649913203410308
PB20.13.15_Comb05Ch07,1938018.803485,1938018.798828125,1.6178660598598236
PB20.13.15_Comb05Ch08,2002258.305438,2002258.30078125,1.6141125263143452
PB20.13.15_Comb05Ch09,2116775.517352,2116775.5126953125,0.9309015917078262
PB20.13.15_Comb05Ch10,2171630.864032,2171630.859375,1.614467533629507
PB20.13.15_Comb05Ch11,2231445.317157,2231445.3125,1.5645351296697745
PB20.13.15_Comb05Ch12,2291336.064227,2291336.0595703125,1.651918370578704
PB20.13.15_Comb05Ch13,2357864.384539,2357864.3798828125,1.5502248008879542
PB20.13.15_Comb05Ch14,2414703.373797,2414703.369140625,1.5130970990375179
PB20.13.15_Comb05Ch15,2473754.887469,2473754.8828125,1.588647897208136
PB20.13.15_Comb05Ch16,2550659.184344,2550659.1796875,1.4751634172746746
PB20.13.15_Comb05Ch17,2766571.049578,2766571.044921875,0.9463715543249568
PB20.13.15_Comb05Ch18,2825851.445086,2825851.4404296875,1.4347489676549983
PB20.13.15_Comb05Ch19,2967453.007586,2967453.0029296875,1.486596869790934
PB20.13.15_Comb05Ch20,3038864.140399,3038864.1357421875,1.3767974259710831
PB20.13.15_Comb05Ch21,3124084.477313,3124084.47265625,1.3847370682008564
PB20.13.15_Comb05Ch22,3198699.955828,3198699.951171875,1.3586225089907586
PB20.13.15_Comb05Ch23,3357009.892352,3357009.8876953125,1.2842822422838032
PB20.13.15_Comb05Ch24,3451461.796649,3451461.7919921875,1.680381676513472
PB20.13.15_Comb05Ch25,3614044.19411,3614044.189453125,1.2970584099506106
PB20.13.15_Comb05Ch26,3791046.147235,3791046.142578125,1.509511686946221
PB20.13.15_Comb05Ch27,3873748.783953,3873748.779296875,1.514273015912119
PB20.13.15_Comb05Ch28,3972091.679461,3972091.6748046875,1.389607127342063
PB20.13.15_Comb05Ch29,4067382.817157,4067382.8125,1.3248825769268782
PB20.13.15_Comb05Ch30,4247360.234149,4247360.2294921875,1.1869713065528082
PB20.13.15_Comb05Ch31,4358520.512469,4358520.5078125,1.78661464379378
PB20.13.15_Comb05Ch32,4560317.997821,NaN,NaN
PB20.13.28_Comb07Ch01,1694793.705828,1694793.701171875,1.4361290170394412
PB20.13.28_Comb07Ch02,1753463.749774,1753463.7451171875,1.2900158770234995
PB20.13.28_Comb07Ch03,1782302.861102,1782302.8564453125,2.113165555588016
PB20.13.28_Comb07Ch04,1844787.602313,1844787.59765625,1.2524441049517254
PB20.13.28_Comb07Ch05,1901321.415789,1901321.4111328125,1.438197561333851
PB20.13.28_Comb07Ch06,1964187.626727,1964187.6220703125,1.6325428415100436
PB20.13.28_Comb07Ch07,2014923.10036,NaN,NaN
PB20.13.28_Comb07Ch08,2070999.150164,2070999.1455078125,1.919984534928509
PB20.13.28_Comb07Ch09,2122726.445086,2122726.4404296875,1.5674585767430145
PB20.13.28_Comb07Ch10,2186126.713641,2186126.708984375,1.0146898523461094
PB20.13.28_Comb07Ch11,2237396.244891,2237396.240234375,1.7340660925310574
PB20.13.28_Comb07Ch12,2309341.435321,2309341.4306640625,1.510890078698176
PB20.13.28_Comb07Ch13,2387695.317157,2387695.3125,2.3963764426551473
PB20.13.28_Comb07Ch14,2437515.263446,2437515.2587890625,1.5105392310684593
PB20.13.28_Comb07Ch15,2499389.653094,2499389.6484375,1.4651656136312612
PB20.13.28_Comb07Ch16,2572479.252703,2572479.248046875,1.5961940469525426
PB20.13.28_Comb07Ch17,2656555.180438,2656555.17578125,1.686007655921735
PB20.13.28_Comb07Ch18,2697830.204852,2697830.2001953125,1.897689976627737
PB20.13.28_Comb07Ch19,2859954.838641,2859954.833984375,1.0631926139119454
PB20.13.28_Comb07Ch20,2928009.03786,2928009.033203125,1.6685378069079726
PB20.13.28_Comb07Ch21,2999801.640399,2999801.6357421875,1.7038882482727498
PB20.13.28_Comb07Ch22,3085174.565203,3085174.560546875,1.6893398679767035
PB20.13.28_Comb07Ch23,3151245.121844,3151245.1171875,1.8447406028757092
PB20.13.28_Comb07Ch24,3250656.132586,3250656.1279296875,1.5740457448186957
PB20.13.28_Comb07Ch25,3292694.096453,3292694.091796875,1.3690411608156408
PB20.13.28_Comb07Ch26,3394012.455828,3394012.451171875,1.557764803243258
PB20.13.28_Comb07Ch27,3474273.686297,3474273.681640625,1.2702094261528274
PB20.13.28_Comb07Ch28,3581542.973407,3581542.96875,3.3423647438020483
PB20.13.28_Comb07Ch29,3634567.265399,3634567.2607421875,2.0870366197639623
PB20.13.28_Comb07Ch30,3730468.754657,3730468.75,1.4554590958130422
PB20.13.28_Comb07Ch31,3839950.56618,3839950.5615234375,1.9193391817800693
PB20.13.28_Comb07Ch32,3953170.781024,3953170.7763671875,1.8495472675207951
PB20.13.28_Comb07Ch33,4013900.761493,4013900.7568359375,2.095722699733131
PB20.13.28_Comb07Ch34,4128799.443133,4128799.4384765625,1.6681385567419285
PB20.13.28_Comb07Ch35,4188842.778094,4188842.7734375,1.4270042226199198
PB20.13.28_Comb07Ch36,4322814.946063,4322814.94140625,1.5919837166912616
PB20.13.28_Comb07Ch37,4403686.528094,4403686.5234375,1.3632073414643413
PB20.13.28_Comb07Ch38,4511795.048602,4511795.0439453125,2.3015321828187925
PB20.13.28_Comb03Ch01,1690368.657,1690368.65234375,2.2115468038901547
PB20.13.28_Comb03Ch02,1731643.681414,1731643.6767578125,1.4792809458771634
PB20.13.28_Comb03Ch03,1778869.633563,1778869.62890625,1.4258435338849123
PB20.13.28_Comb03Ch04,1839141.85036,1839141.845703125,1.3091299098704958
PB20.13.28_Comb03Ch05,1894683.842547,1894683.837890625,1.979260111595703
PB20.13.28_Comb03Ch06,1950225.834735,1950225.830078125,1.5641313029943544
PB20.13.28_Comb03Ch07,1994781.498797,1994781.494140625,1.5841346817263
PB20.13.28_Comb03Ch08,2067413.334735,2067413.330078125,1.6278040999940644
PB20.13.28_Comb03Ch09,2120513.920672,2120513.916015625,1.6931875058939212
PB20.13.28_Comb03Ch10,2190856.93825,2190856.93359375,1.0580030781671155
PB20.13.28_Comb03Ch11,2231521.611102,2231521.6064453125,2.283126576428058
PB20.13.28_Comb03Ch12,2298583.989032,2298583.984375,1.713146926553329
PB20.13.28_Comb03Ch13,2361984.257586,2361984.2529296875,1.6224564808037731
PB20.13.28_Comb03Ch14,2436065.678485,2436065.673828125,1.5555291445563477
PB20.13.28_Comb03Ch15,2484970.09743,2484970.0927734375,1.7776828885033547
PB20.13.28_Comb03Ch16,2544708.25661,2544708.251953125,1.697831291815142
PB20.13.28_Comb03Ch17,2632522.587664,2632522.5830078125,1.3166936647680059
PB20.13.28_Comb03Ch18,2686614.994891,2686614.990234375,1.750578347435535
PB20.13.28_Comb03Ch19,2758560.185321,2758560.1806640625,1.8213295449230622
PB20.13.28_Comb03Ch20,2851791.386493,2851791.3818359375,1.054991213584471
PB20.13.28_Comb03Ch21,2912826.542743,2912826.5380859375,2.558384961381205
PB20.13.28_Comb03Ch22,2982406.620868,2982406.6162109375,1.8528013620305752
PB20.13.28_Comb03Ch23,3053970.341571,3053970.3369140625,1.6561161484260396
PB20.13.28_Comb03Ch24,3135223.393328,3135223.388671875,1.3154252540156597
PB20.13.28_Comb03Ch25,3216934.208758,3216934.2041015625,1.7178120765030567
PB20.13.28_Comb03Ch26,3286972.050555,3286972.0458984375,1.5873173688859372
PB20.13.28_Comb03Ch27,3363723.759539,3363723.7548828125,1.7557454597498958
PB20.13.28_Comb03Ch28,3451004.032977,3451004.0283203125,1.5047761987979418
PB20.13.28_Comb03Ch29,3557434.086688,3557434.08203125,1.770747606504318
PB20.13.28_Comb03Ch30,3621292.118914,3621292.1142578125,1.7651620971837625
PB20.13.28_Comb03Ch31,3708190.922625,3708190.91796875,2.068173700663437
PB20.13.28_Comb03Ch32,3812637.333758,3812637.3291015625,1.9322768157153363
PB20.13.28_Comb03Ch33,3897171.025164,3897171.0205078125,1.6477870887316868
PB20.13.28_Comb03Ch34,3978347.782977,3978347.7783203125,1.7683028131543097
PB20.13.28_Comb03Ch35,4093322.758563,4093322.75390625,2.002770450376695
PB20.13.28_Comb03Ch36,4170913.700946,4170913.6962890625,1.3612967339155289
PB20.13.28_Comb03Ch37,4281311.039813,4281311.03515625,1.7746184315358622
PB20.13.28_Comb03Ch38,4359283.451922,4359283.447265625,1.393272062415461
PB20.13.12_Comb26Ch01,1605758.671649,1605758.6669921875,1.3463544068360518
PB20.13.12_Comb26Ch02,1656951.908953,1656951.904296875,1.972284779913338
PB20.13.12_Comb26Ch03,1694259.648211,1694259.6435546875,1.474170178863205
PB20.13.12_Comb26Ch04,1751785.282977,1751785.2783203125,2.033419873521775
PB20.13.12_Comb26Ch05,1810989.384539,1810989.3798828125,1.4901838446876305
PB20.13.12_Comb26Ch06,1856307.988055,1856307.9833984375,1.6768325009577092
PB20.13.12_Comb26Ch07,1961059.574969,1961059.5703125,1.6171985785673486
PB20.13.12_Comb26Ch08,2015380.864032,2015380.859375,1.3274788312597723
PB20.13.12_Comb26Ch09,2085723.88161,2085723.876953125,1.0825974891637813
PB20.13.12_Comb26Ch10,2133331.303485,2133331.298828125,1.4075325082076022
PB20.13.12_Comb26Ch11,2194213.871844,2194213.8671875,2.0689065812542013
PB20.13.12_Comb26Ch12,2312774.66286,2312774.658203125,2.003569488790022
PB20.13.12_Comb26Ch13,2374114.994891,2374114.990234375,1.5189218627441166
PB20.13.12_Comb26Ch14,2423934.94118,2423934.9365234375,1.685477267575076
PB20.13.12_Comb26Ch15,2518920.903094,2518920.8984375,1.6735921914214567
PB20.13.12_Comb26Ch16,2551269.535907,2551269.53125,1.6882644840089474
PB20.13.12_Comb26Ch17,2621688.84743,2621688.8427734375,1.3035836775226008
PB20.13.12_Comb26Ch18,2719802.861102,2719802.8564453125,1.057973604411741
PB20.13.12_Comb26Ch19,2787399.296649,2787399.2919921875,1.5341045425926145
PB20.13.12_Comb26Ch20,2829513.554461,2829513.5498046875,1.3394800965716926
PB20.13.12_Comb26Ch21,2903366.093524,2903366.0888671875,1.7013541949307152
PB20.13.12_Comb26Ch22,3014984.135516,3014984.130859375,1.6417550485661465
PB20.13.12_Comb26Ch23,3079223.637469,3079223.6328125,1.7104614808111793
PB20.13.12_Comb26Ch24,3143920.903094,3143920.8984375,1.9997152253952977
PB20.13.12_Comb26Ch25,3230972.294696,3230972.2900390625,1.4819277983086394
PB20.13.12_Comb26Ch26,3304672.245868,3304672.2412109375,1.9313238084195299
PB20.13.12_Comb26Ch27,3371810.917743,3371810.9130859375,1.6278136786644601
PB20.13.12_Comb26Ch28,3439865.116961,3439865.1123046875,1.6416502872352907
PB20.13.12_Comb26Ch29,3555908.207782,NaN,NaN
PB20.13.12_Comb26Ch30,3613433.842547,3613433.837890625,1.4116467741421195
PB20.13.12_Comb26Ch31,3704910.282977,3704910.2783203125,1.8727107447289724
PB20.13.12_Comb26Ch32,3775177.00661,3775177.001953125,1.4110926212248551
PB20.13.12_Comb26Ch33,3921966.557391,3921966.552734375,1.974812497282572
PB20.13.12_Comb26Ch34,3997116.093524,3997116.0888671875,1.7136351847000177
PB20.13.12_Comb26Ch35,4108200.077899,4108200.0732421875,1.4084068906671787
PB20.13.12_Comb26Ch36,4197769.169696,4197769.1650390625,1.7544813403250414
PB20.13.12_Comb26Ch37,4244689.946063,4244689.94140625,1.3555281662414187
PB20.13.12_Comb26Ch38,4342575.077899,4342575.0732421875,1.5130013753365037
PB20.13.13_Comb09Ch01,1637649.540789,1637649.5361328125,1.2224414332995077
PB20.13.13_Comb09Ch02,1683273.320086,1683273.3154296875,1.3431013818780526
PB20.13.13_Comb09Ch03,1731567.387469,1731567.3828125,1.2774789927434602
PB20.13.13_Comb09Ch04,1783218.388446,1783218.3837890625,1.2850998562408444
PB20.13.13_Comb09Ch05,1825561.528094,1825561.5234375,1.3065305410572194
PB20.13.13_Comb09Ch06,1888351.445086,1888351.4404296875,1.5613020803473185
PB20.13.13_Comb09Ch07,1945419.31618,1945419.3115234375,1.459023647183803
PB20.13.13_Comb09Ch08,1996154.789813,1996154.78515625,1.4994278337688942
PB20.13.13_Comb09Ch09,2055816.655047,2055816.650390625,1.5144178588972175
PB20.13.13_Comb09Ch10,2106094.365008,2106094.3603515625,1.076982736118347
PB20.13.13_Comb09Ch11,2168121.342547,2168121.337890625,1.5344213794043804
PB20.13.13_Comb09Ch12,2223968.510516,2223968.505859375,1.6781546349826977
PB20.13.13_Comb09Ch13,2299041.752703,2299041.748046875,1.489304111342685
PB20.13.13_Comb09Ch14,2349700.932391,2349700.927734375,1.532159143892547
PB20.13.13_Comb09Ch15,2421569.828875,2421569.82421875,1.3594921547558925
PB20.13.13_Comb09Ch16,2493133.549578,2493133.544921875,1.5052151006471894
PB20.13.13_Comb09Ch17,2546310.429461,2546310.4248046875,1.3352393819399075
PB20.13.13_Comb09Ch18,2619781.498797,2619781.494140625,1.5750573828452836
PB20.13.13_Comb09Ch19,2702331.547625,2702331.54296875,1.488110830798595
PB20.13.13_Comb09Ch20,2753067.021258,2753067.0166015625,1.0885989584495301
PB20.13.13_Comb09Ch21,2824783.329852,NaN,NaN
PB20.13.13_Comb09Ch22,2911376.957782,2911376.953125,1.5522373727329573
PB20.13.13_Comb09Ch23,2982788.090594,2982788.0859375,1.541000936494997
PB20.13.13_Comb09Ch24,3130722.050555,3130722.0458984375,1.282408590102709
PB20.13.13_Comb09Ch25,3206558.232196,3206558.2275390625,1.2853446208945591
PB20.13.13_Comb09Ch26,3293228.154071,3293228.1494140625,1.2466588495125148
PB20.13.13_Comb09Ch27,3379135.136493,3379135.1318359375,1.3171632667278843
PB20.13.13_Comb09Ch28,3444290.165789,3444290.1611328125,1.6133015645520257
PB20.13.13_Comb09Ch29,3528671.269305,3528671.2646484375,1.5334605858220829
PB20.13.13_Comb09Ch30,3634033.207782,3634033.203125,1.1874715240068732
PB20.13.13_Comb09Ch31,3718490.605243,3718490.6005859375,1.632755783910085
PB20.13.13_Comb09Ch32,3807754.521258,3807754.5166015625,1.4913655717674892
PB20.13.13_Comb09Ch33,3894653.324969,3894653.3203125,1.4329286097115623
PB20.13.13_Comb09Ch34,3964614.872821,3964614.8681640625,1.2439213306003098
PB20.13.13_Comb09Ch35,4075775.151141,4075775.146484375,1.2018193386094598
PB20.13.13_Comb09Ch36,4178543.095477,4178543.0908203125,1.1301297175602019
PB20.13.13_Comb09Ch37,4267959.599383,4267959.5947265625,1.1313005702956074
PB20.13.13_Comb09Ch38,4346389.775164,4346389.7705078125,1.6667009051954895
PB20.13.13_Comb09Ch39,4370117.192157,4370117.1875,1.410606147108762
PB20.13.13_Comb01Ch01,1690216.06911,1690216.064453125,1.3472945643249732
PB20.13.13_Comb01Ch02,1742630.009539,1742630.0048828125,1.2420478912915824
PB20.13.13_Comb01Ch03,1781692.509539,1781692.5048828125,1.305080947884403
PB20.13.13_Comb01Ch04,1833496.098407,1833496.09375,1.3040973115754144
PB20.13.13_Comb01Ch05,1891632.084735,1891632.080078125,1.3382787752207257
PB20.13.13_Comb01Ch06,1954956.059344,1954956.0546875,1.623766368937819
PB20.13.13_Comb01Ch07,2003936.772235,2003936.767578125,1.6311956825439715
PB20.13.13_Comb01Ch08,2060699.467547,2060699.462890625,1.7758152812462233
PB20.13.13_Comb01Ch09,2177963.261493,2177963.2568359375,1.0255545091578788
PB20.13.13_Comb01Ch10,2235870.365985,2235870.361328125,1.690911700395188
PB20.13.13_Comb01Ch11,2303237.919696,2303237.9150390625,1.588901125207588
PB20.13.13_Comb01Ch12,2368545.536883,NaN,NaN
PB20.13.13_Comb01Ch13,2430877.690203,2430877.685546875,1.6195508529822595
PB20.13.13_Comb01Ch14,2488021.855243,2488021.8505859375,1.470769161642333
PB20.13.13_Comb01Ch15,2571029.667743,2571029.6630859375,1.6823690692439048
PB20.13.13_Comb01Ch16,2638778.69118,2638778.6865234375,1.3196350224118536
PB20.13.13_Comb01Ch17,2691726.689227,2691726.6845703125,1.6474159437520646
PB20.13.13_Comb01Ch18,2781829.838641,2781829.833984375,1.6000651002080724
PB20.13.13_Comb01Ch19,2843017.582782,2843017.578125,1.0883888713774237
PB20.13.13_Comb01Ch20,2916870.121844,2916870.1171875,1.450244063741555
PB20.13.13_Comb01Ch21,2996292.118914,2996292.1142578125,1.6587675290214878
PB20.13.13_Comb01Ch22,3136901.860125,3136901.85546875,1.3626168433756092
PB20.13.13_Comb01Ch23,3224792.485125,3224792.48046875,1.4399918052586276
PB20.13.13_Comb01Ch24,3474121.098407,3474121.09375,1.3287230808822175
PB20.13.13_Comb01Ch25,3559188.84743,3559188.8427734375,1.7108778967821547
PB20.13.13_Comb01Ch26,3613204.960711,3613204.9560546875,1.6905642939819179
PB20.13.13_Comb01Ch27,3828582.768328,3828582.763671875,1.6009839246800321
PB20.13.13_Comb01Ch28,3933334.355243,3933334.3505859375,1.5969732632415634
PB20.13.13_Comb01Ch29,4007873.539813,4007873.53515625,1.6154283942377425
PB20.13.13_Comb01Ch30,4098587.040789,4098587.0361328125,1.2661290960275617
PB20.13.13_Comb01Ch31,4172668.461688,4172668.45703125,1.2279911389687137
PB20.13.13_Comb01Ch32,4307098.393328,4307098.388671875,1.2115090753716258
PB20.13.13_Comb01Ch33,4387130.741961,4387130.7373046875,1.0743548454568823
PB20.13.13_Comb01Ch34,4483032.231219,4483032.2265625,1.790129603371424
PB20.13.13_Comb01Ch35,4493637.089618,4493637.0849609375,1.4274678217785317
PB20.13.11_Comb25Ch01,1790618.901141,1790618.896484375,1.2280675624410748
PB20.13.11_Comb25Ch02,1854400.639422,1854400.634765625,1.2060423269507756
PB20.13.11_Comb25Ch03,1917953.495868,1917953.4912109375,1.1821664147519828
PB20.13.11_Comb25Ch04,1990966.801532,1990966.796875,1.412970450256515
PB20.13.11_Comb25Ch05,2036285.405047,2036285.400390625,1.4438145262455675
PB20.13.11_Comb25Ch06,2094345.09743,2094345.0927734375,1.4424728086626755
PB20.13.11_Comb25Ch07,2187805.180438,2187805.17578125,1.011723811978911
PB20.13.11_Comb25Ch08,2257690.434344,2257690.4296875,1.4624433897165123
PB20.13.11_Comb25Ch09,2327880.864032,2327880.859375,1.4409638585212845
PB20.13.11_Comb25Ch10,2421112.065203,2421112.060546875,1.4020663403783284
PB20.13.11_Comb25Ch11,2443084.721453,2443084.716796875,1.4745400941369633
PB20.13.11_Comb25Ch12,2513351.445086,2513351.4404296875,1.2160076654243157
PB20.13.11_Comb25Ch13,2575225.834735,2575225.830078125,1.5107215007751749
PB20.13.11_Comb25Ch14,2697982.792743,NaN,NaN
PB20.13.11_Comb25Ch15,2701721.196063,NaN,NaN
PB20.13.11_Comb25Ch16,2771301.274188,NaN,NaN
PB20.13.11_Comb25Ch17,2872390.751727,2872390.7470703125,1.0173640146050065
PB20.13.11_Comb25Ch18,3014526.371844,3014526.3671875,1.5450334033358513
PB20.13.11_Comb25Ch19,3117294.31618,3117294.3115234375,1.4076375946518402
PB20.13.11_Comb25Ch20,3190765.385516,3190765.380859375,1.2312025512844702
PB20.13.11_Comb25Ch21,3279342.656024,3279342.6513671875,1.137861927801384
PB20.13.11_Comb25Ch22,3300323.490985,3300323.486328125,1.2512720556508008
PB20.13.11_Comb25Ch23,3412017.826922,3412017.822265625,1.23947441535885
PB20.13.11_Comb25Ch24,3485565.190203,3485565.185546875,1.2542188992160774
PB20.13.11_Comb25Ch25,3633804.325946,3633804.3212890625,1.5007540503948253
PB20.13.11_Comb25Ch26,3667984.013446,3667984.0087890625,1.4872010286886934
PB20.13.11_Comb25Ch27,3734970.09743,3734970.0927734375,1.2704832329462055
PB20.13.11_Comb25Ch28,3858261.113055,3858261.1083984375,1.6370132084995892
PB20.13.11_Comb25Ch29,3992614.75075,3992614.74609375,1.399500667204947
PB20.13.11_Comb25Ch30,4030990.605243,4030990.6005859375,1.4077743468121462
PB20.13.11_Comb25Ch31,4177551.274188,4177551.26953125,1.0575814496787064
PB20.13.11_Comb25Ch32,4198150.639422,4198150.634765625,1.1376502485354398
PB20.13.11_Comb25Ch33,4357681.279071,4357681.2744140625,1.1212469010044195
PB20.13.11_Comb25Ch34,4562606.81618,4562606.8115234375,1.2962119433675154
PB20.13.13_Comb21Ch01,1707992.558368,1707992.5537109375,1.2919506338965334
PB20.13.13_Comb21Ch02,1771698.002703,1771697.998046875,1.2321677325592566
PB20.13.13_Comb21Ch03,1791076.664813,1791076.66015625,1.2872312085864948
PB20.13.13_Comb21Ch04,1853103.642352,1853103.6376953125,1.2925231734621354
PB20.13.13_Comb21Ch05,1914596.562274,1914596.5576171875,1.2993100765569812
PB20.13.13_Comb21Ch06,1978149.418719,1978149.4140625,1.5266749665657222
PB20.13.13_Comb21Ch07,2032470.707782,2032470.703125,1.7957447052316984
PB20.13.13_Comb21Ch08,2085418.705828,2085418.701171875,1.7619446704788284
PB20.13.13_Comb21Ch09,2192611.698993,2192611.6943359375,1.0094317000842152
PB20.13.13_Comb21Ch10,2246856.69411,2246856.689453125,1.6372049172013798
PB20.13.13_Comb21Ch11,2412414.555438,2412414.55078125,1.5692901636580376
PB20.13.13_Comb21Ch12,2446746.830828,2446746.826171875,1.5216974349598744
PB20.13.13_Comb21Ch13,2517852.78786,2517852.783203125,1.3850467639223567
PB20.13.13_Comb21Ch14,2572784.428485,2572784.423828125,1.6519199003718308
PB20.13.13_Comb21Ch15,2685317.997821,NaN,NaN
PB20.13.13_Comb21Ch16,2706451.420672,2706451.416015625,1.8942110671137746
PB20.13.13_Comb21Ch17,2773132.328875,2773132.32421875,1.5135472133553223
PB20.13.13_Comb21Ch18,2866592.411883,2866592.4072265625,1.0586553059694428
PB20.13.13_Comb21Ch19,2952957.157977,2952957.1533203125,1.3365410924082208
PB20.13.13_Comb21Ch20,3010330.204852,3010330.2001953125,1.6185770139664564
PB20.13.13_Comb21Ch21,3177642.826922,3177642.822265625,1.365712825021262
PB20.13.13_Comb21Ch22,3274383.549578,3274383.544921875,1.3857127317089624
PB20.13.13_Comb21Ch23,3402023.320086,3402023.3154296875,1.3643645772448414
PB20.13.13_Comb21Ch24,3476181.03493,3476181.0302734375,1.2411995934434055
PB20.13.13_Comb21Ch25,3615493.779071,3615493.7744140625,1.7510058366873307
PB20.13.13_Comb21Ch26,3663101.200946,3663101.1962890625,1.7446606232693211
PB20.13.13_Comb21Ch27,3727645.87868,3727645.8740234375,1.3220937140741493
PB20.13.13_Comb21Ch28,3850021.366961,3850021.3623046875,1.626422138037341
PB20.13.13_Comb21Ch29,3972930.91286,3972930.908203125,1.564754589601208
PB20.13.13_Comb21Ch30,4023208.622821,4023208.6181640625,1.7354212230290824
PB20.13.13_Comb21Ch31,4159164.433368,4159164.4287109375,1.335086391336
PB20.13.13_Comb21Ch32,4196319.584735,4196319.580078125,1.2152433501142275
PB20.13.13_Comb21Ch33,4343109.135516,4343109.130859375,1.272511293230049
PB20.13.13_Comb21Ch34,4425201.420672,NaN,NaN
PB20.13.13_Comb21Ch35,4529113.774188,4529113.76953125,1.6338992617140988
PB20.13.13_Comb21Ch36,4536437.992938,4536437.98828125,1.3988077914458439
PB20.13.13_Comb25Ch01,1705551.152118,1705551.1474609375,1.4769418437581523
PB20.13.13_Comb25Ch02,1961669.926532,1961669.921875,1.5881773385712807
PB20.13.13_Comb25Ch03,2311172.490008,2311172.4853515625,1.6255302457164194
PB20.13.13_Comb25Ch04,2556076.054461,2556076.0498046875,1.6218360605533553
PB20.13.13_Comb25Ch05,2932357.792743,2932357.7880859375,1.6204528216952032
PB20.13.13_Comb25Ch06,3073196.415789,3073196.4111328125,1.6617828781820758
PB20.13.13_Comb25Ch07,3391189.579852,3391189.5751953125,1.685860921343241
PB20.13.13_Comb25Ch08,3925628.666766,3925628.662109375,1.5600662614436762
PB20.13.13_Comb25Ch09,4313507.084735,4313507.080078125,1.6933546779699031
PB20.13.28_Comb01Ch01,1697845.463641,1697845.458984375,1.486027959806434
PB20.13.28_Comb01Ch02,1778335.575946,1778335.5712890625,1.4741720358099892
PB20.13.28_Comb01Ch03,1789550.785907,1789550.78125,2.473503598451079
PB20.13.28_Comb01Ch04,1857299.809344,1857299.8046875,1.3962860020724235
PB20.13.28_Comb01Ch05,1911926.274188,1911926.26953125,1.512303006337199
PB20.13.28_Comb01Ch06,1979827.885516,1979827.880859375,1.8682868778404826
PB20.13.28_Comb01Ch07,2087554.936297,2087554.931640625,1.9103347634660732
PB20.13.28_Comb01Ch08,2123489.384539,2123489.3798828125,1.7107942013173354
PB20.13.28_Comb01Ch09,2183456.425555,2183456.4208984375,1.0982307708518326
PB20.13.28_Comb01Ch10,2233047.490008,2233047.4853515625,1.8437217645801096
PB20.13.28_Comb01Ch11,2313690.190203,2313690.185546875,1.7279158731191782
PB20.13.28_Comb01Ch12,2438507.084735,2438507.080078125,1.6948560570073445
PB20.13.28_Comb01Ch13,2526855.473407,2526855.46875,1.535363533188633
PB20.13.28_Comb01Ch14,2581100.468524,2581100.4638671875,1.901791609217865
PB20.13.28_Comb01Ch15,2694091.801532,2694091.796875,1.6968866509446388
PB20.13.28_Comb01Ch16,2707672.123797,2707672.119140625,2.0632492082722007
PB20.13.28_Comb01Ch17,2777252.201922,2777252.197265625,1.7874597923769224
PB20.13.28_Comb01Ch18,2868881.230243,2868881.2255859375,1.139255261159557
PB20.13.28_Comb01Ch19,2942428.593524,2942428.5888671875,1.7011144778064067
PB20.13.28_Comb01Ch20,2997970.585711,2997970.5810546875,2.005146907266132
PB20.13.28_Comb01Ch21,3112869.267352,3112869.2626953125,2.0798512485060843
PB20.13.28_Comb01Ch22,3175354.008563,3175354.00390625,1.7420203788716635
PB20.13.28_Comb01Ch23,3295211.796649,3295211.7919921875,1.2754177174399133
PB20.13.28_Comb01Ch24,3303680.424578,3303680.419921875,1.5660686798757615
PB20.13.28_Comb01Ch25,3396987.919696,3396987.9150390625,1.6556001220179524
PB20.13.28_Comb01Ch26,3484649.66286,3484649.658203125,1.4772489861004563
PB20.13.28_Comb01Ch27,3732376.103289,3732376.0986328125,1.4484418761586604
PB20.13.28_Comb01Ch28,3841705.326922,3841705.322265625,2.1238129941934676
PB20.13.28_Comb01Ch29,4001998.906024,4001998.9013671875,2.5258241514349815
PB20.13.28_Comb01Ch30,4042968.754657,4042968.75,2.049237055387677
PB20.13.28_Comb01Ch31,4183578.495868,4183578.4912109375,1.8175986512371216
PB20.13.28_Comb01Ch32,4203643.803485,4203643.798828125,1.382318434519934
PB20.13.28_Comb01Ch33,4339447.026141,4339447.021484375,1.851417039146501
PB20.13.28_Comb01Ch34,4442825.322039,4442825.3173828125,1.7078897937058415
PB20.13.28_Comb01Ch35,4574890.141375,4574890.13671875,2.1110058130936427
PB20.13.12_Comb20Ch01,1726379.399188,1726379.39453125,1.2921405441587965
PB20.13.12_Comb20Ch02,1780700.68825,1780700.68359375,1.8388765179573274
PB20.13.12_Comb20Ch03,1836547.856219,1836547.8515625,1.3234750346402535
PB20.13.12_Comb20Ch04,1879959.111102,1879959.1064453125,1.4844075494340807
PB20.13.12_Comb20Ch05,1937332.157977,1937332.1533203125,1.6236455568367667
PB20.13.12_Comb20Ch06,1993637.089618,1993637.0849609375,1.581939911010203
PB20.13.12_Comb20Ch07,2053298.954852,2053298.9501953125,1.5738503597166797
PB20.13.12_Comb20Ch08,2104873.661883,2104873.6572265625,3.722818152750442
PB20.13.12_Comb20Ch09,2167129.521258,2167129.5166015625,1.0740185448500361
PB20.13.12_Comb20Ch10,2228469.853289,2228469.8486328125,1.935550937289033
PB20.13.12_Comb20Ch11,2356109.623797,2356109.619140625,2.9017935942437427
PB20.13.12_Comb20Ch12,2415313.72536,2415313.720703125,1.5893974211816968
PB20.13.12_Comb20Ch13,2488021.855243,2488021.8505859375,1.54888654855036
PB20.13.12_Comb20Ch14,2548751.835711,2548751.8310546875,1.6809310370162196
PB20.13.12_Comb20Ch15,2620239.262469,2620239.2578125,1.3524224315849191
PB20.13.12_Comb20Ch16,2705459.599383,2705459.5947265625,1.62163991856877
PB20.13.12_Comb20Ch17,2844238.285907,2844238.28125,1.1627858857418323
PB20.13.12_Comb20Ch18,3043975.834735,3043975.830078125,1.714712012744705
PB20.13.12_Comb20Ch19,3215255.741961,3215255.7373046875,1.496668227517644
PB20.13.12_Comb20Ch20,3304443.364032,3304443.359375,1.3201044764541223
PB20.13.12_Comb20Ch21,3361053.471453,3361053.466796875,1.674044462478361
PB20.13.12_Comb20Ch22,3458328.251727,3458328.2470703125,1.3544950474024906
PB20.13.12_Comb20Ch23,3538131.718524,3538131.7138671875,2.8719902224936398
PB20.13.12_Comb20Ch24,3624801.640399,3624801.6357421875,1.7310503393034302
PB20.13.12_Comb20Ch25,3705291.752703,3705291.748046875,1.5554045196799087
PB20.13.12_Comb20Ch26,3793258.671649,3793258.6669921875,2.8905335575763145
PB20.13.12_Comb20Ch27,3890151.982196,3890151.9775390625,1.7270763627898011
PB20.13.12_Comb20Ch28,3991012.577899,3991012.5732421875,1.702328016603
PB20.13.12_Comb20Ch29,4075317.387469,4075317.3828125,1.5480013500418293
PB20.13.12_Comb20Ch30,4187622.074969,4187622.0703125,1.4162552364511447
PB20.13.12_Comb20Ch31,4274978.642352,4274978.6376953125,1.4480063832401397
PB20.13.12_Comb20Ch32,4356994.633563,4356994.62890625,1.3870734197511947
PB20.13.12_Comb20Ch33,4488449.101336,4488449.0966796875,1.985418848556181
