Name,Nominal Frequency,Actual Frequency,Resistance
"['PB20.13.28_Comb21Ch01' 'PB20.13.28_Comb21Ch02' 'PB20.13.28_Comb21Ch03'
 ... 'PB20.13.12_Comb20Ch30' 'PB20.13.12_Comb20Ch31'
 'PB20.13.12_Comb20Ch32']","[1617507.939227 1643066.410907 1685943.608172 ... 4188842.778094
 4275512.699969 4358139.042743]","[1690826.41601562 1741867.06542969 1781768.79882812 1844177.24609375
 1896209.71679688 1954345.703125                nan 2069244.38476562
 2117919.921875   2186126.70898438 2229690.55175781 2298431.39648438
              nan 2434997.55859375              nan 2551574.70703125
 2642898.55957031 2693328.85742188 2753677.36816406 2854080.20019531
              nan 2978897.09472656              nan              nan
              nan              nan              nan              nan
              nan              nan              nan              nan
              nan              nan 1663436.88964844              nan
 1624603.27148438 1634445.19042969 1676101.68457031 1726074.21875
 1783599.85351562 1831054.6875                  nan              nan
              nan              nan 1696090.69824219              nan
 1852493.28613281              nan              nan              nan
 2077255.24902344              nan              nan              nan
              nan              nan 2419052.12402344 2517318.72558594
 2553634.64355469 2604217.52929688 2716369.62890625 1694412.23144531
 1736373.90136719 1778488.15917969 1834335.32714844 1888122.55859375
 1950759.88769531 1999359.13085938 2060775.75683594 2117996.21582031
 2166900.63476562 2236022.94921875 2304763.79394531 2368545.53222656
 2424926.7578125               nan 2557983.3984375               nan
 1660156.25                    nan 1759338.37890625 1629867.55371094
              nan              nan              nan              nan
              nan              nan              nan              nan
              nan              nan              nan              nan
              nan              nan              nan              nan
              nan              nan              nan              nan
              nan              nan 1632919.31152344 1676330.56640625
 1708679.19921875 1706161.49902344 1754989.62402344 1804733.27636719
 1861724.85351562 1973648.07128906              nan 2091369.62890625
 2209243.77441406 2250671.38671875 2320022.58300781              nan
 2460098.26660156              nan              nan 1737442.01660156
 1601333.61816406 1642150.87890625 1677322.38769531 1724700.92773438
 1778945.92285156 1827392.578125   1891403.19824219 1935501.09863281
 1997528.07617188 2061614.99023438 2105407.71484375 2178878.78417969
 2232437.13378906 2288284.30175781 2349090.57617188 2410964.96582031
 2475891.11328125 2551879.8828125  2605209.35058594 2683639.52636719
 2753372.19238281 2828979.4921875  2904663.0859375  2970733.64257812
 3040084.83886719 3121185.30273438 3196945.19042969 3279800.41503906
 3359146.11816406 3451080.32226562 3520126.34277344 3617630.00488281
 3715591.43066406 3794479.37011719 3871917.72460938 3968429.56542969
 4060058.59375    4169235.22949219 4246520.99609375 1648406.98242188
              nan 1724700.92773438 1776123.046875   1827774.04785156
              nan              nan              nan 2068099.97558594
 2103729.24804688 2182235.71777344              nan 1623764.03808594
              nan              nan 1773986.81640625 1813049.31640625
              nan              nan 1642227.17285156              nan
              nan 1633529.66308594              nan              nan
              nan 1659927.36816406              nan 1745071.41113281
              nan              nan              nan              nan
 2067489.62402344 2121734.61914062 2182769.77539062 2259140.01464844
              nan 2379226.68457031 2521820.06835938 1733703.61328125
 1779785.15625    1840362.54882812 1889724.73144531              nan
              nan              nan 2123565.67382812              nan
              nan              nan              nan              nan
 1699829.1015625               nan 1786041.25976562 1839447.02148438
              nan              nan 2061920.16601562 2118225.09765625
 2171936.03515625 2243423.46191406 2312240.60058594              nan
 2428436.27929688              nan              nan              nan
 1681442.26074219 1728744.50683594              nan              nan
 1889724.73144531 1942672.72949219              nan 2112808.22753906
 2167205.81054688 2225646.97265625 2297897.33886719              nan
 2420578.00292969 2486038.20800781 2548446.65527344 2618560.79101562
 2698516.84570312 2763061.5234375               nan 2915649.4140625
 2980194.09179688 3038253.78417969 3131942.74902344 3291549.68261719
 3367767.33398438 3444519.04296875 3532714.84375    3624877.9296875
 3727645.87402344              nan 1644210.81542969              nan
              nan 1854019.16503906 1897354.12597656              nan
              nan              nan              nan              nan
              nan              nan              nan              nan
              nan 1641159.05761719 1682891.84570312 1889419.55566406
 1945724.48730469 2054443.359375   2168502.80761719 2229919.43359375
 2482833.86230469 2553863.52539062 2685852.05078125 2826995.84960938
 2900085.44921875 2976074.21875    3042144.77539062 3283233.64257812
 3370590.20996094 3617248.53515625 3712921.14257812 3802947.99804688
 3893814.08691406 1700897.21679688 1747741.69921875 1786651.61132812
 1845245.36132812 1899032.59277344 1958236.69433594 2010955.81054688
 2067108.15429688 2173919.67773438 2237854.00390625 2311096.19140625
 2383117.67578125 2429504.39453125 2503738.40332031 2562255.859375
 2656631.46972656 2706604.00390625 2759552.00195312 2848892.21191406
 2929153.44238281 2976455.68847656 3068161.01074219 3157424.92675781
              nan 3377075.1953125  3471374.51171875              nan
 3642044.06738281              nan 3811721.80175781 3931198.12011719
 1648788.45214844              nan              nan              nan
              nan              nan              nan 1648101.80664062
              nan              nan              nan              nan
 1776428.22265625 1831665.0390625               nan              nan
 2054824.82910156 2176742.55371094              nan 2298126.22070312
              nan 2425155.63964844 2477188.11035156 2559814.453125
              nan 2685775.75683594              nan 2837295.53222656
              nan 2986602.78320312 3057861.328125                nan
 1700973.51074219 1733474.73144531 1779403.68652344 1834411.62109375
 1884841.91894531 1954956.0546875  1998443.60351562 2059173.58398438
 2127761.84082031 2169189.453125   2248306.27441406 2305679.32128906
 2358322.14355469 2416152.95410156 2481155.39550781 2554397.58300781
 2633666.9921875  2684707.64160156 2760086.05957031 2836151.12304688
 2924041.74804688 2988052.36816406 3064270.01953125 3140411.37695312
 3213653.56445312 3290634.15527344 3382720.94726562 3461990.35644531
 3551483.15429688 3619308.47167969 3721694.94628906 3821182.25097656
 3913955.68847656 3992233.27636719 4084243.77441406 4299926.7578125
 4367370.60546875 1634521.484375   1685104.37011719 1732330.32226562
 1785812.37792969 1826477.05078125 1884689.33105469 1950378.41796875
 1997604.37011719 2101593.01757812 2159881.59179688 2222595.21484375
 2306442.26074219 2341842.65136719 2430419.921875   2482604.98046875
 2552108.76464844 2624206.54296875 2677078.24707031 2753982.54394531
 2816848.75488281 2890167.23632812 2976226.80664062 3036727.90527344
              nan 3280105.59082031 3367996.21582031 3451156.61621094
 3542098.99902344 3696060.18066406 3797302.24609375 3895416.25976562
              nan              nan 1589202.88085938 1633377.07519531
 1738967.89550781 1794052.12402344 1834335.32714844 1880416.87011719
 1946105.95703125 2069396.97265625 2115631.10351562 2170104.98046875
 2224197.38769531 2292327.88085938 2402801.51367188 2482910.15625
 2537231.4453125  2596130.37109375 2697372.43652344 2754974.36523438
 2800674.43847656 2872695.92285156 2980804.44335938 3128433.22753906
 3203430.17578125 3280715.94238281 3339004.51660156 3416976.92871094
 3532028.19824219 3579635.62011719 3662796.02050781 3737411.49902344
 3886642.45605469 3973083.49609375 4066696.16699219 4154586.79199219
              nan              nan              nan              nan
              nan              nan              nan              nan
              nan              nan 1833648.68164062              nan
              nan              nan 2105407.71484375              nan
              nan              nan              nan              nan
              nan              nan              nan              nan
              nan              nan              nan 1633987.42675781
              nan              nan              nan 1708374.0234375
 1753692.62695312 1790390.01464844 1843490.60058594 1900711.05957031
 1970062.25585938              nan              nan 2132263.18359375
 2174301.14746094 2248001.09863281 2316741.94335938              nan
              nan              nan              nan              nan
              nan 1702117.91992188              nan 1632232.66601562
              nan 1722030.63964844 1772460.9375                  nan
              nan              nan 1637191.77246094 1676025.390625
 1725692.74902344 1783981.32324219 1830062.86621094 1888198.85253906
 1934585.57128906 1999206.54296875 2115173.33984375 2169647.21679688
 2228622.43652344 2288131.71386719 2354965.20996094 2411193.84765625
 2470169.06738281 2547149.65820312 2764434.81445312 2822189.33105469
 2962875.36621094 3034896.85058594 3119125.36621094 3195953.36914062
 3351974.48730469 3447189.33105469 3609085.08300781 3787231.4453125
 3868331.90917969 3967056.27441406 4063415.52734375 4241867.06542969
 4354171.75292969 1686325.07324219              nan 1775512.6953125
 1683120.72753906              nan              nan 1703414.91699219
 1597137.45117188              nan              nan              nan
              nan 1854248.046875                nan              nan
 2006835.9375     2065811.15722656              nan              nan
              nan              nan              nan 1655426.02539062
              nan              nan 1809539.79492188 1855087.28027344
 1959381.10351562              nan 2083816.52832031              nan
 2193145.75195312 2310867.30957031 2372589.11132812              nan
 2516555.78613281 2550201.41601562              nan 2717742.91992188
 2785797.11914062 2828445.43457031 2901458.74023438 3012924.19433594
 3076553.34472656              nan 3229522.70507812              nan
 3368911.74316406              nan              nan 1659927.36816406
              nan              nan              nan 1677551.26953125
              nan              nan              nan 1882019.04296875
 1935272.21679688 1977157.59277344              nan              nan
              nan 1640396.11816406              nan              nan
 1787719.7265625  1831130.98144531              nan 2119369.50683594
 2170562.74414062 2240219.11621094 2418823.2421875  2571182.25097656
 2781753.54003906 2832107.54394531 3061523.4375     3298873.90136719
 3477554.32128906 3739089.96582031              nan 1681976.31835938
 1729431.15234375 1781692.50488281 1823883.05664062 1887207.03125
 1943283.08105469 1994628.90625                 nan 2104110.71777344
              nan 2222824.09667969 2297058.10546875 2347564.69726562
 2419128.41796875 2490539.55078125 2545089.72167969 2616729.73632812
              nan 2751007.08007812 2823486.328125                nan
 2980117.79785156 3128662.109375   3202896.11816406 3291473.38867188
 3375930.78613281 3442459.10644531 3525390.625      3631286.62109375
              nan 3805160.52246094 1687850.95214844 1737213.13476562
 1777114.86816406 1831130.98144531 1887588.50097656 1950302.12402344
 1997985.83984375 2055664.0625     2174758.91113281 2234191.89453125
 2298278.80859375 2361526.48925781 2425842.28515625 2482986.45019531
 2565765.38085938 2632217.40722656 2686920.16601562 2777328.49121094
 2837753.29589844 2912597.65625    2991027.83203125 3129501.34277344
              nan 3466644.28710938              nan 1649856.56738281
              nan 1790771.484375                nan 1907272.33886719
              nan              nan              nan              nan
              nan              nan              nan              nan
 1682434.08203125              nan              nan              nan
              nan              nan              nan 1844863.89160156
 1634597.77832031 1782684.32617188 1844863.89160156              nan
              nan              nan              nan              nan
 1703338.62304688 1761016.84570312 1787185.66894531 1848449.70703125
 1909179.6875                  nan              nan              nan
 2189254.76074219              nan              nan              nan
              nan              nan              nan 1847076.41601562
 1888656.61621094              nan              nan              nan
 1643981.93359375              nan              nan              nan
 1896972.65625    1692352.29492188              nan              nan
 1852188.11035156              nan              nan 2078628.54003906
              nan              nan              nan              nan
              nan 1640625.         1680603.02734375              nan
              nan 1843185.42480469 1891708.37402344              nan
              nan 2130584.71679688              nan              nan
 1694641.11328125              nan 1786651.61132812              nan
              nan 1838378.90625    1882247.92480469              nan
              nan 2056198.12011719              nan 2170944.21386719
              nan 2357330.32226562 2418594.36035156              nan
 2549972.53417969 2621536.25488281              nan 2847976.68457031
 3045196.53320312 3217468.26171875              nan 3363189.69726562
 3459777.83203125]","[2.13188706 3.29057142 1.99766787 1.78825522 3.09853717 2.92665263
        nan 2.98813323 1.90310753 2.49069873 3.78482205 4.04361113
        nan 3.07663608        nan 4.42374834 4.48344783 3.24004163
 2.79663744 3.51691889        nan 4.5652722         nan        nan
        nan        nan        nan        nan        nan        nan
        nan        nan        nan        nan 1.7617358         nan
 3.91524757 4.2589808  4.25801521 4.00355412 4.14371326 4.92380918
        nan        nan        nan        nan 1.94840403        nan
 2.16969359        nan        nan        nan 0.96662144        nan
        nan        nan        nan        nan 1.7335368  4.47437389
 3.32268159 2.43335701 0.9841934  2.28853633 3.26629433 3.58055551
 4.244853   3.56141396 3.55011642 4.22771881 3.97544017 3.42285227
 4.08397107 2.95256434 3.72033275 4.79513621 4.31451696        nan
 3.32541668        nan 3.15340919        nan 4.6693732  4.41121031
        nan        nan        nan        nan        nan        nan
        nan        nan        nan        nan        nan        nan
        nan        nan        nan        nan        nan        nan
        nan        nan        nan        nan 2.37174806 3.73267764
 3.72607364 1.29975519 3.04409524 4.62581895 2.53895348 2.46211717
        nan 4.18588144 2.37776113 2.29276722 2.89216661        nan
 4.21881725        nan        nan 4.91738627 4.81976142 2.18875493
 2.34909288 2.80744351 2.34842055 3.26744351 2.63918381 3.31712043
 2.94378022 2.30367921 3.09028764 3.02400238 3.84553621 3.5005259
 3.81155551 3.35244966 2.26130265 3.46513001 4.06715904 1.13258907
 3.64087366 3.61186595 1.48487682 3.28013601 4.64414799 3.9133256
 3.76323577 2.38681464 3.24608706 4.09489842 4.18795581 3.03774958
 2.37637205 3.60813329 4.40253649 4.57198366 3.26823268 2.74663531
 4.16140859 1.84752907        nan 4.34179792 4.8343606  4.80939385
        nan        nan        nan 1.79362423 4.56488751 1.59501737
        nan 3.51033182        nan        nan 3.65907823 4.50816574
        nan        nan 3.80765248        nan        nan 4.39317778
        nan        nan        nan 1.72631632        nan 2.11964293
        nan        nan        nan        nan 1.50493562 1.12496306
 1.23864815 1.53036548        nan 1.58486761 2.60917355 4.35465455
 3.40902257 3.823596   4.61502777        nan        nan        nan
 2.64931785        nan        nan        nan        nan        nan
 2.29858943        nan 1.82042366 2.14400072        nan        nan
 4.26186046 2.42172519 1.41257741 1.72237496 3.99867305        nan
 1.76692689        nan        nan        nan 1.36051411 1.43054815
        nan        nan 1.24568446 1.95740585        nan 1.05774213
 1.67234876 1.78348728 1.76885462        nan 1.78901212 2.27014996
 1.62324166 1.07886733 2.51042874 1.15406679        nan 3.06004328
 2.52972954 1.5084059  1.4629     2.60948527 2.84277776 1.38824325
 1.29047266 3.23032628 2.09718397        nan 4.14748554        nan
        nan 4.49299662 1.87675136        nan        nan        nan
        nan        nan        nan        nan        nan        nan
        nan 1.72336252 2.67171351 2.66741936 3.53974239 1.9545808
 2.09524732 2.93295707 3.23638126 3.3638877  2.4620995  2.66305673
 2.20530227 3.4628492  3.91489071 3.24286425 3.44631168 3.66813626
 2.44441501 3.64675442 3.41646463 1.40336419 2.61919265 1.14524754
 1.49721046 1.83750404 3.00377828 3.16406188 3.48846235 1.48864627
 1.82980791 2.08045169 4.75380136 3.0754975  3.17413581 2.51621422
 3.73208049 1.96015565 1.47240401 2.87405509 3.89109376 2.75876266
 4.26809917 3.70804657        nan 3.27296022 1.92417942        nan
 4.21872495        nan 4.1576307  4.74643148 2.64560611        nan
        nan        nan        nan        nan        nan 2.76006449
        nan        nan        nan        nan 1.14989825 3.00880174
        nan        nan 1.72270527 1.71470332        nan 1.01471919
        nan 1.10402224 2.38782785 1.63721677        nan 2.65143603
        nan 4.24507877        nan 0.95643488 1.44861972        nan
 1.39389467 1.4559383  2.24385686 1.44548111 2.41050649 2.56702596
 2.38270898 2.19352419 2.44895244 2.63578137 2.47556492 2.92207172
 2.40026629 3.72886157 2.98479449 2.78713818 2.46267718 3.75884787
 2.82690482 2.92571794 3.04230799 3.82344308 4.28996175 2.7657827
 2.23241819 3.89795742 2.83523812 4.02751159 2.76415242 4.44346438
 3.20903134 3.7129925  3.22752803 3.09361114 2.58431941 3.82794026
 4.15447748 1.42543492 2.72199356 2.43468667 2.47980391 2.38273481
 2.59103016 4.05403022 2.83370889 1.77460092 2.0232326  2.50395276
 3.72253647 2.23445454 4.17845532 3.04537151 3.52015546 3.53535888
 1.89379893 3.68693542 3.23099234 2.91434548 4.6958976  3.79553124
        nan 3.92640066 3.84282482 4.19229118 4.87395457 3.85985799
 4.79154493 4.7893336         nan        nan 1.07833014 1.78868358
 1.17827624 1.28562944 1.67173095 1.99576363 1.43471922 1.24925565
 0.94404047 1.5370522  2.34417899 1.14400371 1.80898493 2.25248863
 1.60556315 1.84906354 1.73840809 2.40254482 2.58599166 2.8694835
 2.4661698  0.92377863 2.55146407 1.83294586 2.89381301 2.55464616
 1.98968589 3.10075054 3.45703399 2.83310451 2.95526108 1.99810496
 3.58045681 3.57281402        nan        nan        nan        nan
        nan        nan        nan        nan        nan        nan
 1.04361823        nan        nan        nan 1.17038076        nan
        nan        nan        nan        nan        nan        nan
        nan        nan        nan        nan        nan 3.09156129
        nan        nan        nan 1.93046395 3.75005402 3.91260138
 2.32290892 3.42007782 4.02197279        nan        nan 3.2645171
 3.27689238 2.90982692 3.94900238        nan        nan        nan
        nan        nan        nan 4.62684049        nan 3.39103605
        nan 3.9762314  4.74068075        nan        nan        nan
 1.39768567 1.82492146 2.3953233  1.20091349 1.64451299 2.04591853
 2.83241554 2.51429637 1.53942191 1.61181677 2.24379824 2.57810503
 2.29401461 2.87469172 2.98921631 3.07144508 1.82283444 2.97195442
 3.15044861 3.07659546 3.6835681  2.20780568 3.46599687 3.30918625
 3.41296755 2.70217945 3.71607093 3.58028314 2.87109276 3.68816012
 3.36567483 3.78358358        nan 4.82571677 3.4130143         nan
        nan 3.26764819 0.93815737        nan        nan        nan
        nan 1.45930592        nan        nan 1.50453015 1.23281531
        nan        nan        nan        nan        nan 1.1354392
        nan        nan 1.12160847 1.04209888 1.28184293        nan
 1.60760992        nan 0.9092762  1.42890101 1.14511712        nan
 1.64649637 0.90934217        nan 1.72522805 1.20446412 0.90901505
 1.48183679 1.44093396 1.93433908        nan 1.06567287        nan
 2.06370888        nan        nan 3.93962734        nan        nan
        nan 2.63696736        nan        nan        nan 3.11872943
 1.68064112 1.97621286        nan        nan        nan 2.86629455
        nan        nan 2.74483654 1.58116706        nan 2.16807267
 3.57147666 1.29032291 3.2194921  1.09519998 2.14442117 4.79888797
 1.22073457 1.55367722 1.63346909 2.48556431        nan 0.98359952
 1.52531267 1.14499759 1.362921   0.936964   1.66165814 1.22291435
        nan 1.89892971        nan 0.99893092 1.53187161 1.74130911
 1.87334235 1.96952706 0.99705469 2.35866589        nan 1.98642371
 1.06437204        nan 2.07756698 1.44343952 2.60665746 1.26082591
 2.21155323 1.50182109 2.35486039 1.97649071        nan 1.84070229
 1.52126043 3.07263198 3.07290345 1.67440361 2.76306798 3.26114549
 4.27403364 3.81085376 2.3260242  1.3685753  3.37526027 4.63265872
 3.55085454 3.75994144 3.58921857 4.36168699 3.74595468 3.10252193
 4.0891277  3.1638401  4.00150169 4.88605756        nan 4.09405001
        nan 1.37603203        nan 4.28771752        nan 1.06994346
        nan        nan        nan        nan        nan        nan
        nan        nan 3.80789676        nan        nan        nan
        nan        nan        nan 1.03299079 3.93902655 3.78347539
 4.71061708        nan        nan        nan        nan        nan
 2.47852748 4.18829333 3.13286281 2.99512116 3.40666774        nan
        nan        nan 2.37621825        nan        nan        nan
        nan        nan        nan 4.84072153 3.71501119        nan
        nan        nan 4.94612123        nan        nan        nan
 1.37253533 3.13129023        nan        nan 3.48490302        nan
        nan 4.90891668        nan        nan        nan        nan
        nan 3.87287974 1.53160852        nan        nan 0.95442052
 2.42764559        nan        nan 2.1067413         nan        nan
 2.39536964        nan 1.47528273        nan        nan 1.42359127
 1.73269073        nan        nan 2.40935313        nan 3.28824105
        nan 0.95835076 2.79698525        nan 0.97508124 1.02066264
        nan 3.37863226 1.01196393 1.81146541        nan 1.74250544
 1.36901207]"
