Name,Nominal Frequency,Actual Frequency,Resistance
PB20.13.28_Comb21Ch29,3409042.363055,3409042.3583984375,0.33566248833655293
PB20.13.28_Comb28Ch29,3584594.731219,3584594.7265625,0.41661011256695285
PB20.13.11_Comb11Ch29,3526306.157,3526306.15234375,0.49450135561715197
PB20.13.15_Comb22Ch29,3552780.156024,3552780.1513671875,0.3967741800388009
PB20.13.28_Comb05Ch29,3577575.68825,3577575.68359375,0.42347759868481566
PB20.13.12_Comb12Ch29,3461761.479266,3461761.474609375,0.4812991291905654
PB20.13.31_Comb08Ch29,3566970.829852,3566970.8251953125,0.43663463796926366
PB20.13.15_Comb30Ch29,3867034.916766,3867034.912109375,0.7203797716829137
PB20.13.12_Comb21Ch29,3976669.31618,3976669.3115234375,0.5872866655879796
PB20.13.11_Comb15Ch29,3618469.242938,3618469.23828125,0.18103957397923193
PB20.13.15_Comb13Ch29,3614883.427508,3614883.4228515625,0.13454015843295972
PB20.13.13_Comb07Ch29,3997802.739032,3997802.734375,0.17707742417339337
PB20.13.28_Comb17Ch29,3533630.37575,3533630.37109375,0.19541123164211682
PB20.13.12_Comb29Ch29,3445968.632586,3445968.6279296875,0.18487981011610458
PB20.13.31_Comb09Ch29,3717117.314227,3717117.3095703125,0.3224370891921546
PB20.13.13_Comb24Ch29,3615417.485125,3615417.48046875,0.16737856325552639
PB20.13.31_Comb17Ch29,3590927.12868,3590927.1240234375,0.24431046421736996
PB20.13.13_Comb05Ch29,3455276.493914,3455276.4892578125,0.46762756787800286
PB20.13.10_Comb16Ch29,3945465.092547,3945465.087890625,0.7966679015164045
PB20.13.10_Comb24Ch29,3402862.553485,3402862.548828125,1.8221045255447792
PB20.13.12_Comb23Ch29,3535003.666766,3535003.662109375,0.3655816183469849
PB20.13.11_Comb16Ch29,3524017.338641,3524017.333984375,0.28991481297393545
PB20.13.10_Comb28Ch29,3479614.262469,3479614.2578125,0.31152639059992066
PB20.13.10_Comb26Ch29,3434753.422625,3434753.41796875,0.854990949135876
PB20.13.15_Comb21Ch29,3554000.859149,3554000.8544921875,0.44110954077966635
PB20.13.28_Comb23Ch29,3439407.353289,3439407.3486328125,0.7562037064742178
PB20.13.28_Comb04Ch29,4150619.511493,4150619.5068359375,0.25424414919180693
PB20.13.15_Comb26Ch29,3607788.090594,3607788.0859375,0.20006399901243305
PB20.13.15_Comb10Ch29,3727111.821063,3727111.81640625,0.7813146473326072
PB20.13.31_Comb15Ch29,3384552.00661,3384552.001953125,0.7082791902808399
PB20.13.31_Comb12Ch29,3547286.991961,3547286.9873046875,0.4514145769733875
PB20.13.13_Comb03Ch29,3506851.200946,3506851.1962890625,0.5536570294866462
PB20.13.10_Comb01Ch29,3456802.372821,3456802.3681640625,0.5572009548272521
PB20.13.12_Comb09Ch29,3467941.288836,3467941.2841796875,0.6116488131742003
PB20.13.31_Comb21Ch29,3605346.684344,3605346.6796875,0.1595879670026005
PB20.13.11_Comb13Ch29,3480453.495868,3480453.4912109375,0.36552345047013346
PB20.13.15_Comb04Ch29,3450851.445086,3450851.4404296875,0.5950994490775751
PB20.13.28_Comb24Ch29,3508148.198016,3508148.193359375,0.2932790106771656
PB20.13.31_Comb19Ch29,3813171.391375,3813171.38671875,0.3780211970068307
PB20.13.31_Comb03Ch29,3727798.466571,3727798.4619140625,0.24321895083270023
PB20.13.31_Comb06Ch29,3546218.876727,3546218.8720703125,0.5574215744872457
PB20.13.31_Comb28Ch29,3566818.241961,3566818.2373046875,0.325037880080632
PB20.13.12_Comb01Ch29,4190826.420672,4190826.416015625,0.15377299310693804
PB20.13.11_Comb03Ch29,3558349.614032,3558349.609375,0.423409221166782
PB20.13.10_Comb02Ch29,3543548.588641,3543548.583984375,0.2210299587542055
PB20.13.10_Comb17Ch29,3719406.132586,3719406.1279296875,0.27930731482227217
PB20.13.13_Comb02Ch29,3629760.746844,3629760.7421875,0.2766618450399586
PB20.13.13_Comb19Ch29,4201202.397235,4201202.392578125,0.10401128309801126
PB20.13.13_Comb06Ch29,3585739.140399,3585739.1357421875,0.6140966691983077
PB20.13.28_Comb26Ch29,4057312.016375,4057312.01171875,0.2023910789142531
PB20.13.12_Comb08Ch29,3534545.903094,3534545.8984375,0.34685237289772325
PB20.13.11_Comb17Ch29,3613815.312274,3613815.3076171875,0.03211153363336001
PB20.13.15_Comb14Ch29,3685455.326922,3685455.322265625,0.33988835184981175
PB20.13.10_Comb19Ch29,3447494.511493,3447494.5068359375,0.3897262347065303
PB20.13.15_Comb23Ch29,3629302.983172,3629302.978515625,0.7220116664493141
PB20.13.12_Comb02Ch29,3797073.368914,3797073.3642578125,3.1465442700742563
PB20.13.15_Comb11Ch29,3638153.080828,3638153.076171875,0.4886447987146467
PB20.13.28_Comb06Ch29,3926162.724383,3926162.7197265625,0.6091540923497244
PB20.13.12_Comb25Ch29,3676452.641375,3676452.63671875,0.43964584723103123
PB20.13.13_Comb23Ch29,3719177.25075,3719177.24609375,0.3306722294077137
PB20.13.11_Comb08Ch29,3872451.786883,3872451.7822265625,0.37826054150961613
PB20.13.13_Comb30Ch29,4279251.103289,4279251.0986328125,0.1609209057066416
PB20.13.28_Comb18Ch29,3616333.012469,3616333.0078125,0.3687539190261418
PB20.13.12_Comb03Ch29,3461837.773211,3461837.7685546875,0.40759607034370043
PB20.13.12_Comb05Ch29,3845138.554461,3845138.5498046875,0.41606698365438577
PB20.13.10_Comb07Ch29,3447647.099383,3447647.0947265625,0.4414494028709395
PB20.13.13_Comb29Ch29,3818130.497821,3818130.4931640625,0.5557873765691818
PB20.13.13_Comb27Ch29,3568115.239032,3568115.234375,0.3369653939015594
PB20.13.13_Comb17Ch29,3555908.207782,3555908.203125,0.2932265860758232
PB20.13.13_Comb26Ch29,3701553.349383,3701553.3447265625,0.42001184648603845
PB20.13.12_Comb28Ch29,3667907.7195,3667907.71484375,0.17352355510952694
PB20.13.28_Comb22Ch29,3652038.578875,3652038.57421875,0.3864049483593182
PB20.13.31_Comb13Ch29,3675765.995868,3675765.9912109375,0.777743026677503
PB20.13.13_Comb12Ch29,3629074.101336,3629074.0966796875,0.20954331957165753
PB20.13.11_Comb18Ch29,3482437.138446,3482437.1337890625,0.3482660827378673
PB20.13.12_Comb07Ch29,4020843.510516,4020843.505859375,0.23559720575750878
PB20.13.31_Comb20Ch29,3518676.762469,3518676.7578125,0.43070747651450014
PB20.13.11_Comb20Ch29,3842849.736102,3842849.7314453125,0.4556734983807067
PB20.13.10_Comb25Ch29,3561706.547625,3561706.54296875,0.33629256705775246
PB20.13.15_Comb25Ch29,3544769.291766,3544769.287109375,0.27505274596803436
PB20.13.28_Comb10Ch29,3727111.821063,3727111.81640625,0.24347573416899332
PB20.13.15_Comb12Ch29,3447647.099383,3447647.0947265625,0.3957134577254695
PB20.13.12_Comb15Ch29,3402862.553485,3402862.548828125,0.44225022749310544
PB20.13.28_Comb12Ch29,3920135.502703,3920135.498046875,0.5298327941917192
PB20.13.31_Comb18Ch29,3602752.690203,3602752.685546875,0.31792745879319473
PB20.13.13_Comb28Ch29,3622283.940203,3622283.935546875,0.18071465099660342
PB20.13.15_Comb28Ch29,3568191.532977,3568191.5283203125,0.4448694951469823
PB20.13.12_Comb11Ch29,3954925.541766,3954925.537109375,1.533180583244202
PB20.13.11_Comb23Ch29,3682327.275164,3682327.2705078125,0.43433798117495265
PB20.13.28_Comb20Ch29,3974456.791766,3974456.787109375,2.143482848352973
PB20.13.15_Comb29Ch29,3555450.44411,3555450.439453125,0.29176834882559916
PB20.13.12_Comb10Ch29,3679962.16286,3679962.158203125,0.3431380400464272
PB20.13.15_Comb01Ch29,3601837.16286,3601837.158203125,0.600400127036854
PB20.13.31_Comb22Ch29,3886337.28493,3886337.2802734375,2.015362920636097
PB20.13.28_Comb07Ch29,3634567.265399,3634567.2607421875,0.5174624935196792
PB20.13.28_Comb03Ch29,3557434.086688,3557434.08203125,0.4186030016757141
PB20.13.12_Comb18Ch29,3576126.103289,3576126.0986328125,0.2738591927493508
PB20.13.31_Comb05Ch29,4032897.953875,4032897.94921875,0.4340389914269933
PB20.13.12_Comb24Ch29,3604507.450946,3604507.4462890625,0.27346198654215403
PB20.13.31_Comb25Ch29,3658752.446063,3658752.44140625,0.4401675944960379
PB20.13.12_Comb26Ch29,3555908.207782,3555908.203125,0.259107307027327
PB20.13.11_Comb07Ch29,3442840.580828,3442840.576171875,0.6479531961286793
PB20.13.11_Comb21Ch29,3496627.812274,3496627.8076171875,1.6893968177351617
PB20.13.12_Comb04Ch29,3437042.240985,3437042.236328125,0.4076431999457045
PB20.13.31_Comb24Ch29,3468170.170672,3468170.166015625,0.4160477773662758
PB20.13.10_Comb14Ch29,3456649.78493,3456649.7802734375,0.4626395526976626
PB20.13.10_Comb09Ch29,3641815.190203,3641815.185546875,0.9114179058163209
PB20.13.28_Comb14Ch29,4082794.19411,4082794.189453125,0.24017217993511725
PB20.13.13_Comb09Ch29,3528671.269305,3528671.2646484375,0.3544902769642771
PB20.13.13_Comb01Ch29,4007873.539813,4007873.53515625,0.27257971299609474
PB20.13.10_Comb05Ch29,3406372.074969,3406372.0703125,0.648111582971862
PB20.13.11_Comb02Ch29,3928756.718524,3928756.7138671875,0.37134720538569627
PB20.13.11_Comb05Ch29,4425582.890399,4425582.8857421875,0.9177891375722705
PB20.13.28_Comb25Ch29,3932724.00368,3932723.9990234375,0.7968488431152005
PB20.13.10_Comb30Ch29,3850326.542743,3850326.5380859375,0.608188167490148
PB20.13.10_Comb06Ch29,3625106.81618,3625106.8115234375,0.1548985736413425
PB20.13.13_Comb08Ch29,3531723.027118,3531723.0224609375,0.3284684939021989
PB20.13.13_Comb13Ch29,3667602.543719,3667602.5390625,1.4835227662518515
PB20.13.10_Comb23Ch29,3467407.231219,3467407.2265625,0.43586618069374294
PB20.13.11_Comb09Ch29,3713378.910907,3713378.90625,0.4629401587718983
PB20.13.12_Comb16Ch29,3622055.058368,3622055.0537109375,0.20326722985148346
PB20.13.15_Comb17Ch29,3474578.862078,3474578.857421875,0.6571732333412099
PB20.13.11_Comb25Ch29,3992614.75075,3992614.74609375,0.22553427916046997
PB20.13.13_Comb18Ch29,3817749.028094,3817749.0234375,0.8594330977144438
PB20.13.13_Comb21Ch29,3972930.91286,3972930.908203125,1.263448556014858
PB20.13.31_Comb10Ch29,3528518.681414,3528518.6767578125,1.4148176973257236
PB20.13.13_Comb10Ch29,4370880.13161,4370880.126953125,0.11562230988773055
PB20.13.12_Comb06Ch29,3617706.303485,3617706.298828125,0.01164544536301045
PB20.13.28_Comb11Ch29,4302368.168719,4302368.1640625,0.22248533398122064
PB20.13.10_Comb04Ch29,3623962.407,3623962.40234375,0.7674950025929943
PB20.13.12_Comb17Ch29,3485031.132586,3485031.1279296875,0.37052981876141056
PB20.13.28_Comb16Ch29,3687057.499774,3687057.4951171875,0.41941209478595365
PB20.13.31_Comb16Ch29,4307022.099383,4307022.0947265625,0.20688318538216965
PB20.13.11_Comb14Ch29,3453521.733172,3453521.728515625,0.360832883299999
PB20.13.11_Comb19Ch29,3719329.838641,3719329.833984375,0.37945185579267887
PB20.13.28_Comb01Ch29,4001998.906024,4001998.9013671875,0.31720231192973897
PB20.13.10_Comb10Ch29,4056625.370868,4056625.3662109375,0.18997745724207737
PB20.13.15_Comb18Ch29,3506622.31911,3506622.314453125,0.41460435460520306
PB20.13.10_Comb27Ch29,3609313.9695,3609313.96484375,0.21179786927323221
PB20.13.15_Comb16Ch29,3686676.030047,3686676.025390625,2.227972531135484
PB20.13.10_Comb29Ch29,3464202.885516,3464202.880859375,0.2934073278723396
PB20.13.12_Comb20Ch29,4075317.387469,4075317.3828125,0.5062706337868431
