Name,Nominal Frequency,Actual Frequency,Resistance
PB20.13.28_Comb21Ch16,2444610.60036,2444610.595703125,0.34659335581360334
PB20.13.28_Comb28Ch16,2608642.582782,2608642.578125,0.2149673118145268
PB20.13.11_Comb11Ch16,2563552.861102,2563552.8564453125,0.2763890569483626
PB20.13.11_Comb28Ch16,2767562.870868,2767562.8662109375,17.170489787340543
PB20.13.15_Comb22Ch16,2558135.990985,2558135.986328125,0.5545992746958289
PB20.13.28_Comb05Ch16,2557678.227313,2557678.22265625,0.4087639542770063
PB20.13.12_Comb12Ch16,2496414.189227,2496414.1845703125,0.441556341079693
PB20.13.15_Comb24Ch16,2883758.549578,2883758.544921875,0.40620984031931356
PB20.13.31_Comb08Ch16,2506637.577899,2506637.5732421875,0.43795404558917506
PB20.13.15_Comb30Ch16,2596206.669696,2596206.6650390625,0.31305280486313747
PB20.13.12_Comb21Ch16,2627792.363055,2627792.3583984375,0.3364527971430005
PB20.13.15_Comb08Ch16,3792343.144305,3792343.1396484375,0.3720319951346857
PB20.13.11_Comb15Ch16,2610321.049578,2610321.044921875,0.3912673849187983
PB20.13.15_Comb13Ch16,2484054.570086,2484054.5654296875,0.2583325355791021
PB20.13.13_Comb07Ch16,2619781.498797,2619781.494140625,0.3526493891173911
PB20.13.28_Comb17Ch16,2477416.996844,2477416.9921875,0.21230830967276698
PB20.13.28_Comb29Ch16,2891082.768328,2891082.763671875,0.4046072285856427
PB20.13.12_Comb29Ch16,2512130.741961,2512130.7373046875,0.19851876983701858
PB20.13.31_Comb09Ch16,2562637.333758,2562637.3291015625,0.5337183558703698
PB20.13.13_Comb24Ch16,2565460.209735,2565460.205078125,0.17725255585043817
PB20.13.31_Comb17Ch16,2591705.326922,2591705.322265625,0.14433435802975034
PB20.13.13_Comb05Ch16,2493057.255633,2493057.2509765625,0.4777861264558587
PB20.13.10_Comb16Ch16,2803726.200946,2803726.1962890625,0.8620779480327225
PB20.13.10_Comb24Ch16,2451095.585711,2451095.5810546875,2.0018459813481795
PB20.13.12_Comb23Ch16,2483291.630633,2483291.6259765625,0.3154044119209612
PB20.13.11_Comb16Ch16,2540359.501727,2540359.4970703125,0.14630859832858736
PB20.13.10_Comb28Ch16,2545700.077899,2545700.0732421875,0.18244552419346885
PB20.13.10_Comb26Ch16,2461166.386493,2461166.3818359375,0.5587445410961883
PB20.13.15_Comb21Ch16,2613296.513446,2613296.5087890625,0.2593823243515776
PB20.13.28_Comb23Ch16,2480163.578875,2480163.57421875,0.5608535517472493
PB20.13.28_Comb04Ch16,2799911.50368,2799911.4990234375,0.4444898198715935
PB20.13.15_Comb26Ch16,2583694.462664,2583694.4580078125,0.18078208532641105
PB20.13.15_Comb10Ch16,2506256.108172,2506256.103515625,0.20176078046531706
PB20.13.31_Comb15Ch16,2419738.774188,2419738.76953125,0.7691171026728251
PB20.13.31_Comb12Ch16,2478485.112078,2478485.107421875,0.3910127181689738
PB20.13.13_Comb03Ch16,2525634.770282,2525634.765625,0.5389653151836189
PB20.13.10_Comb01Ch16,2478866.581805,2478866.5771484375,0.54726917737517
PB20.13.12_Comb09Ch16,2485427.861102,2485427.8564453125,0.4883107326930434
PB20.13.31_Comb21Ch16,2537994.389422,2537994.384765625,0.15574340716338425
PB20.13.11_Comb13Ch16,2514343.266375,2514343.26171875,0.34984331332203117
PB20.13.15_Comb04Ch16,2495269.780047,2495269.775390625,0.21562362868478965
PB20.13.28_Comb24Ch16,2543411.259539,2543411.2548828125,0.1792545734313261
PB20.13.12_Comb27Ch16,2697982.792743,2697982.7880859375,0.6350619042765431
PB20.13.31_Comb19Ch16,2564468.388446,2564468.3837890625,0.41779072021279784
PB20.13.31_Comb03Ch16,2649154.667743,2649154.6630859375,0.234996793299418
PB20.13.31_Comb06Ch16,2564315.800555,2564315.7958984375,0.604717318617637
PB20.13.31_Comb28Ch16,2592086.796649,2592086.7919921875,0.16542750476411272
PB20.13.12_Comb01Ch16,2923812.870868,2923812.8662109375,0.15395143185991142
PB20.13.11_Comb03Ch16,2569580.082782,2569580.078125,0.5940899269013316
PB20.13.10_Comb02Ch16,2537002.568133,2537002.5634765625,0.2967214821934299
PB20.13.10_Comb17Ch16,2707748.417743,2707748.4130859375,0.4336594892974925
PB20.13.13_Comb02Ch16,2550582.890399,2550582.8857421875,0.3920612661639349
PB20.13.13_Comb19Ch16,2709426.884539,2709426.8798828125,0.30296165470567843
PB20.13.13_Comb06Ch16,2523422.245868,2523422.2412109375,0.5549742402050286
PB20.13.28_Comb26Ch16,2601852.421649,2601852.4169921875,0.29051102174197163
PB20.13.12_Comb08Ch16,2485351.567157,2485351.5625,0.27204312159357863
PB20.13.11_Comb17Ch16,2609252.934344,2609252.9296875,0.45339473187589985
PB20.13.15_Comb14Ch16,2637405.400164,2637405.3955078125,0.2391312314101444
PB20.13.10_Comb19Ch16,2440719.609149,2440719.6044921875,0.46107002682654963
PB20.13.15_Comb23Ch16,2488479.618914,2488479.6142578125,1.0745926252703217
PB20.13.12_Comb02Ch16,2606201.176532,2606201.171875,2.795408146502576
PB20.13.15_Comb11Ch16,2570800.785907,2570800.78125,0.3779930701674694
PB20.13.28_Comb06Ch16,2571792.607196,2571792.6025390625,0.34022817411407125
PB20.13.12_Comb25Ch16,2538757.328875,2538757.32421875,0.47715010455895146
PB20.13.15_Comb07Ch16,3375320.439227,3375320.4345703125,0.3029956034386181
PB20.13.13_Comb23Ch16,2662963.871844,2662963.8671875,0.34206772974652505
PB20.13.11_Comb08Ch16,2707214.360125,2707214.35546875,0.4869939526800839
PB20.13.31_Comb29Ch16,3002777.104266,3002777.099609375,0.4304816312980857
PB20.13.13_Comb30Ch16,2626495.365985,2626495.361328125,0.3712477182696189
PB20.13.28_Comb18Ch16,2636108.403094,2636108.3984375,0.20787431681374574
PB20.13.31_Comb11Ch16,2716522.221453,2716522.216796875,0.7633887634142886
PB20.13.12_Comb03Ch16,2502822.880633,2502822.8759765625,0.33364380669402716
PB20.13.12_Comb05Ch16,2727890.019305,2727890.0146484375,1.4195720558684481
PB20.13.10_Comb07Ch16,2458724.980243,2458724.9755859375,0.37143700806582164
PB20.13.13_Comb29Ch16,2689361.576922,2689361.572265625,0.6515032046555816
PB20.13.13_Comb27Ch16,2520828.251727,2520828.2470703125,0.3353125972147357
PB20.13.13_Comb17Ch16,2558517.460711,2558517.4560546875,0.26611092008296755
PB20.13.13_Comb26Ch16,2557067.87575,2557067.87109375,0.18558047599555627
PB20.13.12_Comb28Ch16,2598648.075946,2598648.0712890625,0.18833233804596944
PB20.13.28_Comb22Ch16,2574691.777118,2574691.7724609375,0.24795338594274055
PB20.13.31_Comb13Ch16,2599868.779071,2599868.7744140625,0.5173748569367934
PB20.13.13_Comb12Ch16,2564620.976336,2564620.9716796875,0.19456875448474198
PB20.13.11_Comb18Ch16,2497863.774188,2497863.76953125,0.3310077878244399
PB20.13.12_Comb07Ch16,2575759.892352,2575759.8876953125,0.7975435520128273
PB20.13.31_Comb20Ch16,2544708.25661,2544708.251953125,0.3045811393969301
PB20.13.11_Comb20Ch16,2674713.139422,2674713.134765625,0.43544410162328906
PB20.13.31_Comb01Ch16,2715606.69411,2715606.689453125,1.2256973978491807
PB20.13.10_Comb25Ch16,2563934.330828,2563934.326171875,0.15868934085421352
PB20.13.15_Comb25Ch16,2501297.001727,2501296.9970703125,0.2711520187746604
PB20.13.13_Comb22Ch16,3447494.511493,3447494.5068359375,0.2731629504162562
PB20.13.28_Comb10Ch16,2565078.740008,2565078.7353515625,0.42130991688241815
PB20.13.15_Comb12Ch16,2470474.247821,2470474.2431640625,0.3487094669151226
PB20.13.12_Comb15Ch16,2437744.145282,2437744.140625,0.41905153133649087
PB20.13.28_Comb12Ch16,2501678.471453,2501678.466796875,0.43799671589105543
PB20.13.31_Comb18Ch16,2564849.858172,2564849.853515625,0.34965525788707885
PB20.13.13_Comb28Ch16,2549057.011493,2549057.0068359375,0.2397493807367209
PB20.13.15_Comb28Ch16,2489166.264422,2489166.259765625,0.4226197249055695
PB20.13.12_Comb11Ch16,2530670.170672,2530670.166015625,0.9361935783987425
PB20.13.11_Comb23Ch16,2689132.695086,2689132.6904296875,0.7267279633032072
PB20.13.28_Comb20Ch16,2681579.5945,2681579.58984375,0.7352967886868729
PB20.13.15_Comb29Ch16,2492599.491961,2492599.4873046875,0.3109301130003802
PB20.13.12_Comb10Ch16,2610015.873797,2610015.869140625,0.287159146206028
PB20.13.15_Comb05Ch16,2550659.184344,2550659.1796875,0.0014219923100119863
PB20.13.15_Comb01Ch16,2549667.363055,2549667.3583984375,0.38597331259200063
PB20.13.31_Comb22Ch16,2732315.068133,2732315.0634765625,3.5765700953797386
PB20.13.28_Comb07Ch16,2572479.252703,2572479.248046875,0.48030754703980433
PB20.13.28_Comb03Ch16,2544708.25661,2544708.251953125,0.35050746063990285
PB20.13.12_Comb18Ch16,2506408.696063,2506408.69140625,0.31890633709981964
PB20.13.31_Comb05Ch16,2708587.651141,2708587.646484375,0.4017275047267629
PB20.13.12_Comb24Ch16,2514801.030047,2514801.025390625,0.28109815182076464
PB20.13.31_Comb25Ch16,2518615.727313,2518615.72265625,0.16545546514714898
PB20.13.12_Comb26Ch16,2551269.535907,2551269.53125,0.40370834883022766
PB20.13.11_Comb07Ch16,2458724.980243,2458724.9755859375,0.7474622378657096
PB20.13.11_Comb21Ch16,2454833.989032,2454833.984375,1.435603504262115
PB20.13.12_Comb04Ch16,2454147.343524,2454147.3388671875,0.33459043523174653
PB20.13.31_Comb24Ch16,2497253.422625,2497253.41796875,0.3976294154371983
PB20.13.10_Comb14Ch16,2488861.088641,2488861.083984375,0.47583859305633625
PB20.13.10_Comb09Ch16,2507629.399188,2507629.39453125,0.3802914032723377
PB20.13.28_Comb14Ch16,2663879.399188,2663879.39453125,0.5902355175727854
PB20.13.10_Comb12Ch16,4126052.861102,4126052.8564453125,0.11017769085453694
PB20.13.13_Comb09Ch16,2493133.549578,2493133.544921875,0.40454608780778095
PB20.13.13_Comb01Ch16,2638778.69118,2638778.6865234375,0.16818257568508288
PB20.13.10_Comb05Ch16,2449417.118914,2449417.1142578125,0.5293816016984144
PB20.13.11_Comb02Ch16,2644195.561297,2644195.556640625,0.4364233505996867
PB20.13.11_Comb05Ch16,2789306.645282,2789306.640625,6.371199583402089
PB20.13.28_Comb25Ch16,2720413.212664,2720413.2080078125,13.554720233602307
PB20.13.10_Comb30Ch16,2662963.871844,2662963.8671875,0.446081310312727
PB20.13.10_Comb06Ch16,2485427.861102,2485427.8564453125,0.30183553697748716
PB20.13.13_Comb08Ch16,2523345.951922,2523345.947265625,0.4097022091596373
PB20.13.13_Comb13Ch16,2672576.908953,2672576.904296875,2.2585694298035093
PB20.13.10_Comb23Ch16,2474594.120868,2474594.1162109375,0.3898901452262317
PB20.13.11_Comb09Ch16,2631149.296649,2631149.2919921875,0.5871451003411611
PB20.13.12_Comb16Ch16,2564773.564227,2564773.5595703125,0.1946511447446072
PB20.13.15_Comb17Ch16,2479095.463641,2479095.458984375,0.462804996785463
PB20.13.11_Comb25Ch16,2771301.274188,2771301.26953125,0.25404858253426676
PB20.13.11_Comb27Ch16,3210678.105243,3210678.1005859375,0.7122532219437608
PB20.13.13_Comb18Ch16,2678833.012469,2678833.0078125,0.7182522973053258
PB20.13.13_Comb21Ch16,2706451.420672,2706451.416015625,0.6862780554625063
PB20.13.31_Comb10Ch16,2479782.109149,2479782.1044921875,1.3387557103337684
PB20.13.13_Comb10Ch16,2676849.369891,2676849.365234375,0.31702387630993467
PB20.13.12_Comb06Ch16,2485046.391375,2485046.38671875,0.31771809934538764
PB20.13.31_Comb30Ch16,2976913.456805,2976913.4521484375,0.5279315116232036
PB20.13.28_Comb11Ch16,2989501.957782,2989501.953125,0.47227252654653046
PB20.13.10_Comb04Ch16,2649612.431414,2649612.4267578125,0.3211371925169291
PB20.13.12_Comb17Ch16,2514495.854266,2514495.849609375,0.21319631085677831
PB20.13.28_Comb16Ch16,2635345.463641,2635345.458984375,0.30385884171688443
PB20.13.31_Comb16Ch16,2638549.809344,2638549.8046875,0.3512481171247803
PB20.13.11_Comb14Ch16,2474670.414813,2474670.41015625,0.3342735771460396
PB20.13.11_Comb19Ch16,2608261.113055,2608261.1083984375,0.4273349215304792
PB20.13.28_Comb01Ch16,2707672.123797,2707672.119140625,0.347469584988425
PB20.13.10_Comb10Ch16,2600097.660907,2600097.65625,0.39591596762310854
PB20.13.15_Comb18Ch16,2519760.136493,2519760.1318359375,0.4424163699424912
PB20.13.10_Comb27Ch16,2552871.708758,2552871.7041015625,0.19805757542194763
PB20.13.15_Comb16Ch16,2696914.677508,2696914.6728515625,0.5781003069205313
PB20.13.10_Comb29Ch16,2508163.456805,2508163.4521484375,0.3170928823205035
PB20.13.12_Comb20Ch16,2705459.599383,2705459.5947265625,0.42626708271110686
