Name,Nominal Frequency,Actual Frequency,Resistance
"['PB20.13.28_Comb21Ch01' 'PB20.13.28_Comb21Ch02' 'PB20.13.28_Comb21Ch03'
 ... 'PB20.13.12_Comb20Ch30' 'PB20.13.12_Comb20Ch31'
 'PB20.13.12_Comb20Ch32']","[1617507.939227 1643066.410907 1685943.608172 ... 4188842.778094
 4275512.699969 4358139.042743]","[1690826.41601562 1741867.06542969 1781768.79882812 1844177.24609375
 1896209.71679688 1954345.703125                nan 2069244.38476562
 2117919.921875   2186126.70898438 2229690.55175781 2298431.39648438
              nan 2434997.55859375 2493362.42675781 2551574.70703125
 2642898.55957031 2693328.85742188 2753677.36816406 2854080.20019531
              nan 2978897.09472656              nan 3141326.90429688
              nan              nan              nan              nan
              nan              nan              nan              nan
              nan              nan              nan 1663436.88964844
              nan 1624603.27148438 1634445.19042969 1676101.68457031
 1726074.21875    1783599.85351562 1831054.6875                  nan
              nan              nan              nan 1696090.69824219
              nan 1852493.28613281              nan              nan
              nan 2077255.24902344              nan              nan
              nan              nan              nan 2419052.12402344
 2517318.72558594 2553634.64355469 2604217.52929688 2716369.62890625
 1694412.23144531 1736373.90136719 1778488.15917969 1834335.32714844
 1888122.55859375 1950759.88769531 1999359.13085938 2060775.75683594
 2117996.21582031 2166900.63476562 2236022.94921875 2304763.79394531
 2368545.53222656 2424926.7578125               nan 2557983.3984375
              nan 1645202.63671875 1683731.07910156              nan
 1787567.13867188 1838760.37597656 1896514.89257812 1944885.25390625
 2007675.17089844 2121582.03125    2177047.72949219 2237701.41601562
 2300338.74511719 2364807.12890625 2419967.65136719 2477264.40429688
 2561798.09570312 2613372.80273438 2687606.81152344 2771301.26953125
 2837142.94433594 2910079.95605469 2977752.68554688 3050155.63964844
 3132400.51269531 3283538.81835938 3360977.17285156 3464355.46875
 3532638.54980469 3611297.60742188 3720855.71289062 3804855.34667969
 3880767.82226562 3987808.22753906 4071884.15527344 4180297.8515625
 4257049.56054688 1660156.25                    nan 1759338.37890625
 1629867.55371094              nan              nan              nan
              nan              nan              nan              nan
              nan              nan              nan              nan
              nan              nan              nan              nan
              nan              nan              nan              nan
              nan              nan              nan 1632919.31152344
 1676330.56640625 1708679.19921875 1706161.49902344 1754989.62402344
 1804733.27636719 1861724.85351562 1973648.07128906              nan
 2091369.62890625 2209243.77441406 2250671.38671875 2320022.58300781
              nan 2460098.26660156              nan              nan
              nan 1737442.01660156 1601333.61816406 1642150.87890625
 1677322.38769531 1724700.92773438 1778945.92285156 1827392.578125
 1891403.19824219 1935501.09863281 1997528.07617188 2061614.99023438
 2105407.71484375 2178878.78417969 2232437.13378906 2288284.30175781
 2349090.57617188 2410964.96582031 2475891.11328125 2551879.8828125
 2605209.35058594 2683639.52636719 2753372.19238281 2828979.4921875
 2904663.0859375  2970733.64257812 3040084.83886719 3121185.30273438
 3196945.19042969 3279800.41503906 3359146.11816406 3451080.32226562
 3520126.34277344 3617630.00488281 3715591.43066406 3794479.37011719
 3871917.72460938 3968429.56542969 4060058.59375    4169235.22949219
 4246520.99609375 1648406.98242188              nan 1724700.92773438
 1776123.046875   1827774.04785156              nan              nan
              nan 2068099.97558594 2103729.24804688 2182235.71777344
              nan 1623764.03808594              nan              nan
 1773986.81640625 1813049.31640625              nan              nan
 1642227.17285156              nan              nan 1633529.66308594
              nan              nan              nan 1659927.36816406
              nan 1745071.41113281              nan              nan
              nan              nan 2067489.62402344 2121734.61914062
 2182769.77539062 2259140.01464844              nan 2379226.68457031
 2521820.06835938 1733703.61328125 1779785.15625    1840362.54882812
 1889724.73144531              nan              nan              nan
 2123565.67382812              nan              nan              nan
              nan              nan 1699829.1015625               nan
 1786041.25976562 1839447.02148438              nan              nan
 2061920.16601562 2118225.09765625 2171936.03515625 2243423.46191406
 2312240.60058594              nan 2428436.27929688              nan
              nan              nan 1681442.26074219 1728744.50683594
              nan              nan 1889724.73144531 1942672.72949219
              nan 2112808.22753906 2167205.81054688 2225646.97265625
 2297897.33886719              nan 2420578.00292969 2486038.20800781
 2548446.65527344 2618560.79101562 2698516.84570312 2763061.5234375
              nan 2915649.4140625  2980194.09179688 3038253.78417969
 3131942.74902344 3291549.68261719 3367767.33398438 3444519.04296875
 3532714.84375    3624877.9296875  3727645.87402344              nan
 1644210.81542969              nan              nan 1854019.16503906
 1897354.12597656              nan              nan              nan
              nan              nan              nan              nan
              nan              nan              nan 1641159.05761719
 1682891.84570312 1889419.55566406 1945724.48730469 2054443.359375
 2168502.80761719 2229919.43359375 2482833.86230469 2553863.52539062
 2685852.05078125 2826995.84960938 2900085.44921875 2976074.21875
 3042144.77539062 3283233.64257812 3370590.20996094 3617248.53515625
 3712921.14257812 3802947.99804688 3893814.08691406 1700897.21679688
 1747741.69921875 1786651.61132812 1845245.36132812 1899032.59277344
 1958236.69433594 2010955.81054688 2067108.15429688 2173919.67773438
 2237854.00390625 2311096.19140625 2383117.67578125 2429504.39453125
 2503738.40332031 2562255.859375   2656631.46972656 2706604.00390625
 2759552.00195312 2848892.21191406 2929153.44238281 2976455.68847656
 3068161.01074219 3157424.92675781              nan 3377075.1953125
 3471374.51171875              nan 3642044.06738281              nan
 3811721.80175781 3931198.12011719 1648788.45214844              nan
              nan              nan              nan              nan
              nan              nan 1648101.80664062              nan
              nan              nan              nan 1776428.22265625
 1831665.0390625               nan              nan 2054824.82910156
 2176742.55371094              nan 2298126.22070312              nan
 2425155.63964844 2477188.11035156 2559814.453125                nan
 2685775.75683594              nan 2837295.53222656              nan
 2986602.78320312 3057861.328125                nan 1700973.51074219
 1733474.73144531 1779403.68652344 1834411.62109375 1884841.91894531
 1954956.0546875  1998443.60351562 2059173.58398438 2127761.84082031
 2169189.453125   2248306.27441406 2305679.32128906 2358322.14355469
 2416152.95410156 2481155.39550781 2554397.58300781 2633666.9921875
 2684707.64160156 2760086.05957031 2836151.12304688 2924041.74804688
 2988052.36816406 3064270.01953125 3140411.37695312 3213653.56445312
 3290634.15527344 3382720.94726562 3461990.35644531 3551483.15429688
 3619308.47167969 3721694.94628906 3821182.25097656 3913955.68847656
 3992233.27636719 4084243.77441406 4299926.7578125  4367370.60546875
 1634521.484375   1685104.37011719 1732330.32226562 1785812.37792969
 1826477.05078125 1884689.33105469 1950378.41796875 1997604.37011719
 2101593.01757812 2159881.59179688 2222595.21484375 2306442.26074219
 2341842.65136719 2430419.921875   2482604.98046875 2552108.76464844
 2624206.54296875 2677078.24707031 2753982.54394531 2816848.75488281
 2890167.23632812 2976226.80664062 3036727.90527344              nan
 3280105.59082031 3367996.21582031 3451156.61621094 3542098.99902344
 3696060.18066406 3797302.24609375 3895416.25976562              nan
 1589202.88085938 1633377.07519531 1738967.89550781 1794052.12402344
 1834335.32714844 1880416.87011719 1946105.95703125 2069396.97265625
 2115631.10351562 2170104.98046875 2224197.38769531 2292327.88085938
 2402801.51367188 2482910.15625    2537231.4453125  2596130.37109375
 2697372.43652344 2754974.36523438 2800674.43847656 2872695.92285156
 2980804.44335938 3128433.22753906 3203430.17578125 3280715.94238281
 3339004.51660156 3416976.92871094 3532028.19824219 3579635.62011719
 3662796.02050781 3737411.49902344 3886642.45605469 3973083.49609375
 4066696.16699219 4154586.79199219              nan              nan
              nan              nan              nan              nan
              nan              nan              nan              nan
 1833648.68164062              nan              nan              nan
 2105407.71484375              nan              nan              nan
              nan              nan              nan              nan
              nan              nan              nan              nan
              nan 1633987.42675781              nan              nan
              nan 1708374.0234375  1753692.62695312 1790390.01464844
 1843490.60058594 1900711.05957031 1970062.25585938              nan
              nan 2132263.18359375 2174301.14746094 2248001.09863281
 2316741.94335938              nan              nan              nan
              nan              nan              nan 1702117.91992188
              nan 1632232.66601562              nan 1722030.63964844
 1772460.9375                  nan              nan              nan
 1637191.77246094 1676025.390625   1725692.74902344 1783981.32324219
 1830062.86621094 1888198.85253906 1934585.57128906 1999206.54296875
 2115173.33984375 2169647.21679688 2228622.43652344 2288131.71386719
 2354965.20996094 2411193.84765625 2470169.06738281 2547149.65820312
 2764434.81445312 2822189.33105469 2962875.36621094 3034896.85058594
 3119125.36621094 3195953.36914062 3351974.48730469 3447189.33105469
 3609085.08300781 3787231.4453125  3868331.90917969 3967056.27441406
 4063415.52734375 4241867.06542969 4354171.75292969 1686325.07324219
              nan 1775512.6953125  1683120.72753906              nan
              nan 1703414.91699219 1597137.45117188              nan
              nan              nan              nan 1854248.046875
              nan              nan 2006835.9375     2065811.15722656
              nan              nan              nan              nan
              nan 1655426.02539062              nan              nan
 1809539.79492188 1855087.28027344 1959381.10351562              nan
 2083816.52832031              nan 2193145.75195312 2310867.30957031
 2372589.11132812              nan 2516555.78613281 2550201.41601562
              nan 2717742.91992188 2785797.11914062 2828445.43457031
 2901458.74023438 3012924.19433594 3076553.34472656              nan
 3229522.70507812              nan 3368911.74316406              nan
              nan 1659927.36816406              nan              nan
              nan 1677551.26953125              nan              nan
              nan 1882019.04296875 1935272.21679688 1977157.59277344
              nan              nan              nan 1640396.11816406
              nan              nan 1787719.7265625  1831130.98144531
              nan 2119369.50683594 2170562.74414062 2240219.11621094
 2418823.2421875  2571182.25097656 2781753.54003906 2832107.54394531
 3061523.4375     3298873.90136719 3477554.32128906 3739089.96582031
              nan 1681976.31835938 1729431.15234375 1781692.50488281
 1823883.05664062 1887207.03125    1943283.08105469 1994628.90625
              nan 2104110.71777344              nan 2222824.09667969
 2297058.10546875 2347564.69726562 2419128.41796875 2490539.55078125
 2545089.72167969 2616729.73632812              nan 2751007.08007812
 2823486.328125                nan 2980117.79785156 3128662.109375
 3202896.11816406 3291473.38867188 3375930.78613281 3442459.10644531
 3525390.625      3631286.62109375              nan 3805160.52246094
 1687850.95214844 1737213.13476562 1777114.86816406 1831130.98144531
 1887588.50097656 1950302.12402344 1997985.83984375 2055664.0625
 2174758.91113281 2234191.89453125 2298278.80859375 2361526.48925781
 2425842.28515625 2482986.45019531 2565765.38085938 2632217.40722656
 2686920.16601562 2777328.49121094 2837753.29589844 2912597.65625
 2991027.83203125 3129501.34277344              nan 3466644.28710938
              nan 1649856.56738281              nan 1790771.484375
              nan 1907272.33886719              nan              nan
              nan              nan              nan              nan
              nan              nan 1682434.08203125              nan
              nan              nan              nan              nan
              nan 1844863.89160156 1634597.77832031 1782684.32617188
 1844863.89160156              nan              nan              nan
              nan              nan 1703338.62304688 1761016.84570312
 1787185.66894531 1848449.70703125 1909179.6875                  nan
              nan              nan 2189254.76074219              nan
              nan              nan              nan              nan
              nan 1847076.41601562 1888656.61621094              nan
              nan              nan 1643981.93359375              nan
              nan              nan 1896972.65625    1692352.29492188
              nan              nan 1852188.11035156              nan
              nan 2078628.54003906              nan              nan
              nan              nan              nan 1640625.
 1680603.02734375              nan              nan 1843185.42480469
 1891708.37402344              nan              nan 2130584.71679688
              nan              nan 1694641.11328125              nan
 1786651.61132812              nan              nan 1838378.90625
 1882247.92480469              nan              nan 2056198.12011719
              nan 2170944.21386719              nan 2357330.32226562
 2418594.36035156 2489166.25976562 2549972.53417969 2621536.25488281
              nan 2847976.68457031 3045196.53320312 3217468.26171875
              nan 3363189.69726562 3459777.83203125 3540115.35644531]","[2.13058221 3.2859411  1.99649871 1.78745232 3.09452563 2.92321025
        nan 2.98436843 1.90226811 2.48866464 3.77730297 4.03440536
        nan 3.07206314 4.99532175 4.41121037 4.4700102  3.23430963
 2.79281089 3.50940982        nan 4.54963049        nan 4.54736622
        nan        nan        nan        nan        nan        nan
        nan        nan        nan        nan        nan 1.76210299
        nan 3.91352146 4.25275765 4.25169299 3.99742296 4.13709314
 4.91643289        nan        nan        nan        nan 1.94982712
        nan 2.17174206        nan        nan        nan 0.96782297
        nan        nan        nan        nan        nan 1.73589424
 4.47675909 3.32519151 2.43815534 0.98582557 2.28841833 3.26518263
 3.57878576 4.24155082 3.55919301 3.54822497 4.22457379 3.9725587
 3.42030527 4.07966169 2.95100236 3.71719316 4.78935035 4.3097496
        nan 3.32287214        nan 1.53642389 1.94697031        nan
 2.27803453 1.95100213 2.37803286 2.43308994 2.47763135 1.64515889
 2.23367751 2.55623556 2.84280502 2.20073857 3.16449365 2.02134754
 2.53220925 2.43821335 2.09974072 3.06911906 3.07313145 2.94843598
 2.97933203 3.75613578 3.99637852 3.14597731 2.64730469 3.72355449
 3.84480922 2.9188979  3.72074006 3.69394063 3.01736696 3.95732062
 4.33667852 3.77274706 3.81450965 3.15019194        nan 4.66888178
 4.41691705        nan        nan        nan        nan        nan
        nan        nan        nan        nan        nan        nan
        nan        nan        nan        nan        nan        nan
        nan        nan        nan        nan        nan 2.37136791
 3.73212836 3.72525262 1.29959818 3.04265985 4.62196048 2.5377527
 2.46082832        nan 4.18198052 2.37629432 2.29136778 2.89021729
        nan 4.21460937        nan        nan        nan 4.91255435
 4.81205335 2.18740659 2.34760188 2.80575715 2.34672739 3.26539669
 2.63721665 3.31494119 2.94156701 2.30151761 3.08753162 3.02137395
 3.84305859 3.49789291 3.80905118 3.34987207 2.25823083 3.46233336
 4.06462389 1.13011052 3.63819679 3.60896299 1.48222004 3.27714685
 4.64201108 3.9104445  3.76001785 2.38320766 3.2424204  4.09302763
 4.18634081 3.03421506 2.37317169 3.6063375  4.40618656 4.57103339
 3.2652441  2.74352677 4.16083148 1.8480964         nan 4.34578425
 4.83950396 4.81429293        nan        nan        nan 1.79362423
 4.5697789  1.59463678        nan 3.5022644         nan        nan
 3.65229854 4.50061246        nan        nan 3.80418505        nan
        nan 4.40653503        nan        nan        nan 1.72874528
        nan 2.12287572        nan        nan        nan        nan
 1.50808158 1.12690878 1.24092172 1.53343235        nan 1.58833005
 2.6157597  4.35903947 3.41180914 3.82706479 4.61960701        nan
        nan        nan 2.65000146        nan        nan        nan
        nan        nan 2.3017784         nan 1.82281827 2.14702743
        nan        nan 4.2710983  2.42559279 1.4143926  1.72479895
 4.00772869        nan 1.76961855        nan        nan        nan
 1.3598732  1.42983365        nan        nan 1.24450149 1.95554126
        nan 1.05740591 1.67019741 1.78100067 1.76623751        nan
 1.78650789 2.26609043 1.62079732 1.07670186 2.50545606 1.15390316
        nan 3.05275685 2.52334546 1.50533571 1.45994735 2.60317862
 2.83491769 1.38660071 1.2891487  3.21992554 2.09543148        nan
 4.1178572         nan        nan 4.47494698 1.8687799         nan
        nan        nan        nan        nan        nan        nan
        nan        nan        nan 1.7226435  2.67006607 2.66601251
 3.53704718 1.95388428 2.09459138 2.93159046 3.23507719 3.36233248
 2.46195228 2.6628813  2.20581914 3.46152233 3.91224519 3.24222881
 3.44476685 3.66755229 2.44953162 3.65043298 3.41963618 1.40385249
 2.62058503 1.14629113 1.49780541 1.83630209 3.00531335 3.16514344
 3.49124122 1.48985164 1.83114511 2.08151111 4.75798212 3.07739506
 3.17689336 2.51847054 3.73494801 1.96104486 1.47279608 2.87631155
 3.8938047  2.75888303 4.26979762 3.70993553        nan 3.27398918
 1.92547773        nan 4.22027831        nan 4.16202962 4.74890225
 2.64139455        nan        nan        nan        nan        nan
        nan        nan 2.76081559        nan        nan        nan
        nan 1.15008462 3.00650471        nan        nan 1.72305208
 1.71527011        nan 1.01748806        nan 1.1051045  2.38728723
 1.63828385        nan 2.65164948        nan 4.23917168        nan
 0.95831952 1.45081074        nan 1.39557123 1.45766612 2.24721103
 1.44718102 2.41407466 2.57048512 2.38567942 2.1960233  2.45187672
 2.63924065 2.47773113 2.92520672 2.40185216 3.73382163 2.98794122
 2.78857868 2.46427007 3.76159481 2.82803182 2.92810516 3.04448684
 3.82594636 4.29351089 2.76732889 2.23274791 3.90327897 2.83728223
 4.03296411 2.76483403 4.44947448 3.2126822  3.71800438 3.23044136
 3.09607802 2.58659353 3.83546246 4.16329934 1.4260131  2.72429088
 2.43632425 2.48153857 2.38457815 2.59289055 4.05873846 2.8360368
 1.77540262 2.02393828 2.50523899 3.72665566 2.23572427 4.18391964
 3.04768348 3.52423383 3.53860116 1.89399473 3.69202073 3.23379929
 2.91569778 4.70106383 3.79967904        nan 3.92919591 3.8265848
 4.19658694 4.8795428  3.86275997 4.79643302 4.79452885        nan
 1.08018377 1.79180661 1.18034501 1.28794018 1.67338093 1.99937122
 1.43719563 1.25163744 0.94558364 1.53973271 2.34808998 1.14584427
 1.81183724 2.25616596 1.60816698 1.85203631 1.74146387 2.40640475
 2.58991246 2.87374402 2.47014183 0.92535695 2.55650156 1.83692301
 2.89957553 2.5600785  1.994606   3.107425   3.46446545 2.83991874
 2.96265121 2.00386584 3.58920861 3.58137086        nan        nan
        nan        nan        nan        nan        nan        nan
        nan        nan 1.04402096        nan        nan        nan
 1.17182415        nan        nan        nan        nan        nan
        nan        nan        nan        nan        nan        nan
        nan 3.09228823        nan        nan        nan 1.93122
 3.75203629 3.91458756 2.32336587 3.42126877 4.02316582        nan
        nan 3.26463927 3.27757187 2.90943482 3.9484117         nan
        nan        nan        nan        nan        nan 4.63420826
        nan 3.39323964        nan 3.97935134 4.74518211        nan
        nan        nan 1.39853344 1.82605706 2.39681115 1.2016986
 1.6454673  2.04722056 2.83412    2.5158414  1.54019549 1.61247422
 2.24499177 2.57976709 2.29513898 2.87615153 2.99053998 3.07260079
 1.82307899 2.97271884 3.15160799 3.0772306  3.68444885 2.2075166
 3.46628365 3.31017879 3.41153792 2.70114592 3.71607099 3.57921587
 2.86975213 3.68538919 3.36391919 3.78358358        nan 4.8262419
 3.41278467        nan        nan 3.26927298 0.93710748        nan
        nan        nan        nan 1.45730669        nan        nan
 1.50235296 1.23156396        nan        nan        nan        nan
        nan 1.137181          nan        nan 1.12333886 1.04355104
 1.28380188        nan 1.6101525         nan 0.9103109  1.43109857
 1.14655238        nan 1.64893699 0.91020528        nan 1.72742633
 1.20559381 0.90921188 1.48328644 1.44234275 1.93675077        nan
 1.06589528        nan 2.06616096        nan        nan 3.93543565
        nan        nan        nan 2.6310859         nan        nan
        nan 3.11242144 1.67770344 1.9693458         nan        nan
        nan 2.87348511        nan        nan 2.75051894 1.58019424
        nan 2.1660291  3.56891168 1.28875481 3.21644241 1.09352126
 2.14157014 4.79518513 1.21891007 1.55156547 1.63124366 2.48218639
        nan 0.98280182 1.52423857 1.14404867 1.36181625 0.93582171
 1.65998636 1.22223106        nan 1.8972401         nan 0.99715027
 1.52996303 1.73913141 1.87142188 1.96715819 0.99562585 2.35632308
        nan 1.98422791 1.06266955        nan 2.07512466 1.4413024
 2.60385766 1.25880254 2.20910769 1.49960233 2.35193322 1.97373117
        nan 1.8381494  1.52129954 3.07476124 3.07476759 1.67410308
 2.76423352 3.26307495 4.27881177 3.81400186 2.32614868 1.36762836
 3.3772165  4.63819401 3.55278796 3.76287851 3.59122484 4.36708796
 3.74876888 3.10293589 4.09379352 3.16474926 4.0043467  4.89468866
        nan 4.09804363        nan 1.37633604        nan 4.2846101
        nan 1.06782394        nan        nan        nan        nan
        nan        nan        nan        nan 3.80381742        nan
        nan        nan        nan        nan        nan 1.03208508
 3.94261297 3.78460551 4.71249669        nan        nan        nan
        nan        nan 2.47672934 4.18473732 3.13029185 2.992844
 3.40394569        nan        nan        nan 2.3746585         nan
        nan        nan        nan        nan        nan 4.83200688
 3.70637252        nan        nan        nan 4.95952347        nan
        nan        nan 1.37634292 3.11929622        nan        nan
 3.47277489        nan        nan 4.89513009        nan        nan
        nan        nan        nan 3.86815445 1.53387794        nan
        nan 0.9538373  2.43275341        nan        nan 2.11076778
        nan        nan 2.39590305        nan 1.4757307         nan
        nan 1.45063076 1.77002994        nan        nan 2.4827101
        nan 3.41423792        nan 0.98050077 2.91502368 0.91787626
 1.00062725 1.04813113        nan 3.57530307 1.04789064 1.90089523
        nan 1.8321401  1.43374967 2.16448767]"
