Name,Nominal Frequency,Actual Frequency,Resistance
PB20.13.28_Comb21Ch32,3684005.741961,3684005.7373046875,0.345824783844956
PB20.13.28_Comb28Ch32,3885955.815203,3885955.810546875,0.42503168870669106
PB20.13.11_Comb11Ch32,3805160.527118,3805160.5224609375,0.5534252315210947
PB20.13.15_Comb22Ch32,3803405.766375,3803405.76171875,0.5211423636903136
PB20.13.28_Comb05Ch32,3814086.918719,3814086.9140625,0.41490252125431054
PB20.13.12_Comb12Ch32,3809204.106219,3809204.1015625,0.45236184748345104
PB20.13.31_Comb08Ch32,3836593.632586,3836593.6279296875,0.3547402586420426
PB20.13.15_Comb30Ch32,4121780.400164,4121780.3955078125,0.36509451501911194
PB20.13.12_Comb21Ch32,4281921.391375,4281921.38671875,0.38858122215967844
PB20.13.11_Comb15Ch32,3890533.451922,3890533.447265625,0.4221673706738307
PB20.13.15_Comb13Ch32,3896484.379657,3896484.375,0.2483554587501107
PB20.13.13_Comb07Ch32,4389266.97243,4389266.9677734375,0.4551725282960575
PB20.13.28_Comb17Ch32,3883209.233172,3883209.228515625,0.1891521299211672
PB20.13.12_Comb29Ch32,3695144.657977,3695144.6533203125,0.1606609672984876
PB20.13.31_Comb09Ch32,4107971.196063,4107971.19140625,0.2854435871035506
PB20.13.13_Comb24Ch32,3885116.581805,3885116.5771484375,0.22732100956191925
PB20.13.31_Comb17Ch32,3846511.845477,3846511.8408203125,0.2475465415974289
PB20.13.13_Comb05Ch32,3717575.077899,3717575.0732421875,0.42540816081393407
PB20.13.10_Comb16Ch32,4321594.242938,4321594.23828125,0.38346307758334736
PB20.13.10_Comb24Ch32,3674011.235125,3674011.23046875,2.25185892422622
PB20.13.12_Comb23Ch32,3751602.177508,3751602.1728515625,0.3961645809376333
PB20.13.11_Comb16Ch32,3784027.104266,3784027.099609375,0.28496778090766356
PB20.13.10_Comb28Ch32,3773040.776141,3773040.771484375,0.32192309215961795
PB20.13.10_Comb26Ch32,3690185.551532,3690185.546875,0.865023919385707
PB20.13.15_Comb21Ch32,3877563.481219,3877563.4765625,0.41837314042090085
PB20.13.28_Comb23Ch32,3725128.178485,3725128.173828125,0.7204245769180326
PB20.13.28_Comb04Ch32,4426651.005633,4426651.0009765625,0.3733787934165058
PB20.13.15_Comb26Ch32,3898391.728289,3898391.7236328125,0.3398445494164885
PB20.13.15_Comb10Ch32,3989639.286883,3989639.2822265625,0.7696112960866912
PB20.13.31_Comb15Ch32,3721694.950946,3721694.9462890625,0.621324484688245
PB20.13.31_Comb12Ch32,3813629.155047,3813629.150390625,0.44124314072199033
PB20.13.13_Comb03Ch32,3750686.650164,3750686.6455078125,0.6780026477540135
PB20.13.10_Comb01Ch32,3718719.487078,3718719.482421875,0.579499877300096
PB20.13.12_Comb09Ch32,3729553.227313,3729553.22265625,0.809054974994451
PB20.13.31_Comb21Ch32,3954620.365985,3954620.361328125,0.17006729482921118
PB20.13.11_Comb13Ch32,3748016.362078,3748016.357421875,0.38845131945836964
PB20.13.15_Comb04Ch32,3718643.193133,3718643.1884765625,0.5818000177878326
PB20.13.28_Comb24Ch32,3786621.098407,3786621.09375,0.29342215975299824
PB20.13.31_Comb19Ch32,4114227.299578,4114227.294921875,0.22118641301521413
PB20.13.31_Comb03Ch32,4003829.960711,4003829.9560546875,0.51163009883615
PB20.13.31_Comb06Ch32,3793869.023211,3793869.0185546875,0.5793913251892127
PB20.13.31_Comb28Ch32,3855896.00075,3855895.99609375,0.2945948732233012
PB20.13.12_Comb01Ch32,4519195.561297,4519195.556640625,0.3206973987863023
PB20.13.11_Comb03Ch32,3817520.146258,3817520.1416015625,0.5482528445293516
PB20.13.10_Comb02Ch32,3782196.049578,3782196.044921875,0.21013919868411737
PB20.13.10_Comb17Ch32,4018630.986102,4018630.9814453125,0.5215953763560035
PB20.13.13_Comb02Ch32,3893203.740008,3893203.7353515625,0.18490062476377456
PB20.13.13_Comb19Ch32,4523315.434344,4523315.4296875,0.15650091449691467
PB20.13.13_Comb06Ch32,3864822.392352,3864822.3876953125,0.534088788311672
PB20.13.28_Comb26Ch32,4358596.806414,4358596.8017578125,0.3149256331556253
PB20.13.12_Comb08Ch32,3798370.365985,3798370.361328125,0.3541712012042365
PB20.13.11_Comb17Ch32,3874053.959735,3874053.955078125,0.02929692228471108
PB20.13.15_Comb14Ch32,4101791.386493,4101791.3818359375,0.26059940411211546
PB20.13.10_Comb19Ch32,3656997.685321,3656997.6806640625,0.40744884830875383
PB20.13.15_Comb23Ch32,3968276.982196,3968276.9775390625,0.9110708123726858
PB20.13.12_Comb02Ch32,4177627.568133,4177627.5634765625,2.70199588137323
PB20.13.15_Comb11Ch32,4003829.960711,4003829.9560546875,0.3726935258980625
PB20.13.28_Comb06Ch32,4203948.979266,4203948.974609375,0.06140057651516871
PB20.13.12_Comb25Ch32,3964920.048602,3964920.0439453125,0.475832611643916
PB20.13.13_Comb23Ch32,4016876.22536,4016876.220703125,0.6068360485482293
PB20.13.11_Comb08Ch32,4229812.626727,4229812.6220703125,0.31350398349577646
PB20.13.28_Comb18Ch32,3904342.656024,3904342.6513671875,0.40012756373038916
PB20.13.12_Comb03Ch32,3731002.812274,3731002.8076171875,0.37611140851860697
PB20.13.12_Comb05Ch32,4120788.578875,4120788.57421875,0.3929841537396689
PB20.13.10_Comb07Ch32,3693084.721453,3693084.716796875,0.4363098236153279
PB20.13.13_Comb29Ch32,4086151.127703,4086151.123046875,0.2946864879599061
PB20.13.13_Comb27Ch32,3838272.099383,3838272.0947265625,0.42735307375621306
PB20.13.13_Comb17Ch32,3827514.653094,3827514.6484375,0.32915779609560575
PB20.13.13_Comb26Ch32,3987426.762469,3987426.7578125,0.1840750674518515
PB20.13.12_Comb28Ch32,3976058.964618,3976058.9599609375,0.18000694285174465
PB20.13.28_Comb22Ch32,4000244.145282,4000244.140625,0.2894739575358626
PB20.13.31_Comb13Ch32,3979873.661883,3979873.6572265625,0.3113261988127376
PB20.13.13_Comb12Ch32,3886184.697039,3886184.6923828125,0.28709064346308083
PB20.13.11_Comb18Ch32,3717956.547625,3717956.54296875,0.3628289953545719
PB20.13.12_Comb07Ch32,4343566.899188,4343566.89453125,0.6288014596578033
PB20.13.31_Comb20Ch32,3785705.571063,3785705.56640625,0.4365397298856396
PB20.13.11_Comb20Ch32,4203491.215594,4203491.2109375,0.20255784584764228
PB20.13.10_Comb25Ch32,3815460.209735,3815460.205078125,0.32593454951416073
PB20.13.15_Comb25Ch32,3906555.180438,3906555.17578125,0.2702713115798649
PB20.13.28_Comb10Ch32,4143600.468524,4143600.4638671875,0.2340052417836788
PB20.13.15_Comb12Ch32,3710327.153094,3710327.1484375,0.4198729442253492
PB20.13.12_Comb15Ch32,3660659.794696,3660659.7900390625,0.4355666775705214
PB20.13.28_Comb12Ch32,4194869.999774,4194869.9951171875,0.2663664857163091
PB20.13.31_Comb18Ch32,3861923.22243,3861923.2177734375,1.8117086320980682
PB20.13.13_Comb28Ch32,3889923.10036,3889923.095703125,0.4019124300942785
PB20.13.15_Comb28Ch32,3860778.81325,3860778.80859375,0.4530242544214325
PB20.13.12_Comb11Ch32,4273376.4695,4273376.46484375,0.5186332494116238
PB20.13.11_Comb23Ch32,3991470.341571,3991470.3369140625,0.5927881961798341
PB20.13.28_Comb20Ch32,4266204.838641,4266204.833984375,0.36753739776409344
PB20.13.15_Comb29Ch32,3912124.638446,3912124.6337890625,0.273726597708482
PB20.13.12_Comb10Ch32,3942489.62868,3942489.6240234375,2.4734343774535925
PB20.13.15_Comb05Ch32,4560317.997821,4560317.9931640625,0.20316289199099957
PB20.13.15_Comb01Ch32,3967285.160907,3967285.15625,0.42750593756705163
PB20.13.31_Comb22Ch32,4136962.895282,4136962.890625,0.9730274469838386
PB20.13.28_Comb07Ch32,3953170.781024,3953170.7763671875,0.5451971956084309
PB20.13.28_Comb03Ch32,3812637.333758,3812637.3291015625,0.4095281580137998
PB20.13.12_Comb18Ch32,3884887.699969,3884887.6953125,0.2696363730662818
PB20.13.31_Comb05Ch32,4333572.392352,4333572.3876953125,0.19747959468714257
PB20.13.12_Comb24Ch32,3971939.091571,3971939.0869140625,0.27682785661202514
PB20.13.31_Comb25Ch32,3920364.384539,3920364.3798828125,0.19882458998841748
PB20.13.12_Comb26Ch32,3775177.00661,3775177.001953125,0.33053837128248237
PB20.13.11_Comb07Ch32,3695526.127703,3695526.123046875,0.5876864097056048
PB20.13.11_Comb21Ch32,3769302.372821,3769302.3681640625,1.6239177797753503
PB20.13.12_Comb04Ch32,3669509.892352,3669509.8876953125,0.41257829124377554
PB20.13.31_Comb24Ch32,3718261.723407,3718261.71875,0.4778248773568845
PB20.13.10_Comb14Ch32,3709335.331805,3709335.3271484375,0.5413283760095846
PB20.13.10_Comb09Ch32,3905868.53493,3905868.5302734375,0.34604290066550286
PB20.13.28_Comb14Ch32,4345016.484149,4345016.4794921875,0.3702292939762407
PB20.13.13_Comb09Ch32,3807754.521258,3807754.5166015625,0.2867526663016921
PB20.13.13_Comb01Ch32,4307098.393328,4307098.388671875,0.135213612305508
PB20.13.10_Comb05Ch32,3670120.243914,3670120.2392578125,0.7696467076633342
PB20.13.11_Comb02Ch32,4212722.782977,4212722.7783203125,0.2161374577567285
PB20.13.10_Comb30Ch32,4229354.863055,4229354.8583984375,0.24157988685588963
PB20.13.10_Comb06Ch32,3883514.408953,3883514.404296875,0.33010534444882406
PB20.13.13_Comb08Ch32,3780517.582782,3780517.578125,0.33817469548166024
PB20.13.13_Comb13Ch32,3960494.999774,3960494.9951171875,3.3958269136759887
PB20.13.10_Comb23Ch32,3707580.571063,3707580.56640625,0.3841352456476378
PB20.13.11_Comb09Ch32,4084320.073016,4084320.068359375,0.2765918227164735
PB20.13.12_Comb16Ch32,3876113.896258,3876113.8916015625,0.4069679446503527
PB20.13.15_Comb17Ch32,3711624.150164,3711624.1455078125,0.985900294319197
PB20.13.11_Comb25Ch32,4198150.639422,4198150.634765625,0.14936885236949482
PB20.13.13_Comb18Ch32,4065093.998797,4065093.994140625,1.2753604464979331
PB20.13.13_Comb21Ch32,4196319.584735,4196319.580078125,0.31807555524482695
PB20.13.31_Comb10Ch32,3811264.042743,3811264.0380859375,1.5808092958606335
PB20.13.12_Comb06Ch32,3893203.740008,3893203.7353515625,0.39554343224370697
PB20.13.10_Comb04Ch32,3923645.024188,3923645.01953125,0.9293580137922945
PB20.13.12_Comb17Ch32,3740997.31911,3740997.314453125,0.4109086662096996
PB20.13.28_Comb16Ch32,3976135.258563,3976135.25390625,0.6159262035607737
PB20.13.11_Comb14Ch32,3717041.020282,3717041.015625,0.38769631947324795
PB20.13.11_Comb19Ch32,3978881.840594,3978881.8359375,0.20138879010310226
PB20.13.28_Comb01Ch32,4203643.803485,4203643.798828125,0.14695716412443047
PB20.13.10_Comb10Ch32,4373855.595477,4373855.5908203125,0.3089121031691522
PB20.13.15_Comb18Ch32,3845062.260516,3845062.255859375,0.4360099586020682
PB20.13.10_Comb27Ch32,3870239.262469,3870239.2578125,0.33937520063866405
PB20.13.15_Comb16Ch32,4014434.81911,4014434.814453125,6.988072414651863
PB20.13.10_Comb29Ch32,3736801.152118,3736801.1474609375,0.2937761877588751
PB20.13.12_Comb20Ch32,4356994.633563,4356994.62890625,0.6535820163642606
