Name,Nominal Frequency,Actual Frequency,Resistance
PB20.13.28_Comb21Ch26,3143844.609149,3143844.6044921875,0.20295914018119965
PB20.13.28_Comb28Ch26,3348388.676532,3348388.671875,0.26239708012687063
PB20.13.11_Comb11Ch26,3350753.788836,3350753.7841796875,0.34324837147814097
PB20.13.11_Comb28Ch26,4064331.059344,4064331.0546875,0.33839478641851173
PB20.13.15_Comb22Ch26,3298950.199969,3298950.1953125,0.36778519192128034
PB20.13.28_Comb05Ch26,3291931.157,3291931.15234375,0.24750740793078763
PB20.13.12_Comb12Ch26,3230438.237078,3230438.232421875,0.3030841683069646
PB20.13.15_Comb24Ch26,4063339.238055,4063339.2333984375,0.1898733835379586
PB20.13.15_Comb30Ch26,3510437.016375,3510437.01171875,0.5988367531255758
PB20.13.12_Comb21Ch26,3601379.399188,3601379.39453125,0.6728070544447956
PB20.13.15_Comb08Ch26,4620285.038836,4620285.0341796875,7.408486044141837
PB20.13.11_Comb15Ch26,3367233.281024,3367233.2763671875,0.18636610009725796
PB20.13.15_Comb13Ch26,3374328.617938,3374328.61328125,0.13219826196697979
PB20.13.13_Comb07Ch26,3540878.300555,3540878.2958984375,0.4208237724577028
PB20.13.28_Comb17Ch26,3282241.825946,3282241.8212890625,0.11784202315524231
PB20.13.28_Comb29Ch26,4043807.988055,4043807.9833984375,0.20045604741470696
PB20.13.12_Comb29Ch26,3214035.038836,3214035.0341796875,0.20653937692438165
PB20.13.13_Comb24Ch26,3364791.874774,3364791.8701171875,0.1663650792008197
PB20.13.31_Comb17Ch26,3330917.363055,3330917.3583984375,0.13340976997446255
PB20.13.13_Comb05Ch26,3203125.004657,3203125.0,0.2687944803183368
PB20.13.10_Comb16Ch26,3682861.332782,3682861.328125,0.28295855022865835
PB20.13.10_Comb24Ch26,3153076.176532,3153076.171875,0.6296620391230467
PB20.13.12_Comb23Ch26,3281707.768328,3281707.763671875,0.38438647905400175
PB20.13.11_Comb16Ch26,3274917.607196,3274917.6025390625,0.16741290806416873
PB20.13.10_Comb28Ch26,3306198.124774,3306198.1201171875,0.1663697212509913
PB20.13.10_Comb26Ch26,3160476.689227,3160476.6845703125,0.3131694472098295
PB20.13.15_Comb21Ch26,3523788.456805,3523788.4521484375,0.40371766110071766
PB20.13.28_Comb23Ch26,3167266.85036,3167266.845703125,0.4343066951026128
PB20.13.28_Comb04Ch26,3677597.050555,3677597.0458984375,0.578091910957777
PB20.13.15_Comb26Ch26,3367919.926532,3367919.921875,0.18317643509422826
PB20.13.15_Comb10Ch26,3214263.920672,3214263.916015625,0.2819604584722071
PB20.13.31_Comb15Ch26,3124618.53493,3124618.5302734375,0.5902938324199971
PB20.13.31_Comb12Ch26,3285369.877703,3285369.873046875,0.2791118774730221
PB20.13.13_Comb03Ch26,3230896.00075,3230895.99609375,0.48882727111249563
PB20.13.10_Comb01Ch26,3202209.477313,3202209.47265625,0.3049265548409458
PB20.13.12_Comb09Ch26,3201141.362078,3201141.357421875,0.2650047903923474
PB20.13.28_Comb30Ch26,4612808.232196,4612808.2275390625,147.55081800935912
PB20.13.31_Comb21Ch26,3363647.465594,3363647.4609375,0.16860159248374684
PB20.13.11_Comb13Ch26,3231430.058368,3231430.0537109375,0.18513629009243815
PB20.13.15_Comb04Ch26,3210449.223407,3210449.21875,0.34736861631383176
PB20.13.28_Comb24Ch26,3277816.777118,3277816.7724609375,0.19480382404267457
PB20.13.31_Comb19Ch26,3474884.03786,3474884.033203125,0.3789925457295022
PB20.13.31_Comb28Ch26,3310012.822039,3310012.8173828125,0.1528487154821133
PB20.13.12_Comb01Ch26,3929519.657977,3929519.6533203125,0.3156626751597619
PB20.13.11_Comb03Ch26,3308868.41286,3308868.408203125,0.38056466295311037
PB20.13.11_Comb06Ch26,4625473.027118,4625473.0224609375,2.0348602532349305
PB20.13.10_Comb02Ch26,3245086.674578,3245086.669921875,0.16588337495554545
PB20.13.10_Comb17Ch26,3475570.683368,3475570.6787109375,0.2793123558568865
PB20.13.13_Comb02Ch26,3372192.387469,3372192.3828125,0.2435505610618777
PB20.13.13_Comb19Ch26,3930130.009539,3930130.0048828125,0.23133761225975383
PB20.13.13_Comb06Ch26,3256073.002703,3256072.998046875,0.38909537053483667
PB20.13.28_Comb26Ch26,3606338.505633,3606338.5009765625,0.23408099951125658
PB20.13.12_Comb08Ch26,3214645.390399,3214645.3857421875,0.2485744274120253
PB20.13.11_Comb17Ch26,3358154.301532,3358154.296875,0.005132027578681953
PB20.13.15_Comb14Ch26,3434219.365008,3434219.3603515625,0.3159356810154309
PB20.13.10_Comb19Ch26,3235473.637469,3235473.6328125,0.3307892525373866
PB20.13.15_Comb23Ch26,3288650.517352,3288650.5126953125,0.566714212226717
PB20.13.12_Comb02Ch26,3524627.690203,3524627.685546875,2.8363603120409806
PB20.13.15_Comb11Ch26,3391494.755633,3391494.7509765625,0.4705033867013105
PB20.13.28_Comb06Ch26,3563079.838641,3563079.833984375,0.5911860970616247
PB20.13.12_Comb25Ch26,3347778.324969,3347778.3203125,0.44732230444645377
PB20.13.13_Comb23Ch26,3474197.392352,3474197.3876953125,0.32651613210094566
PB20.13.11_Comb08Ch26,3571395.87868,3571395.8740234375,0.5454476053441814
PB20.13.31_Comb29Ch26,4005203.251727,4005203.2470703125,0.44140052825625675
PB20.13.13_Comb30Ch26,3897247.31911,3897247.314453125,0.3398620526858856
PB20.13.28_Comb18Ch26,3354873.661883,3354873.6572265625,0.24244603856220887
PB20.13.31_Comb11Ch26,4288177.494891,4288177.490234375,0.40999881657401477
PB20.13.12_Comb03Ch26,3226699.833758,3226699.8291015625,0.21504176993266363
PB20.13.12_Comb05Ch26,3574066.166766,3574066.162109375,0.19946710837052375
PB20.13.10_Comb07Ch26,3329696.65993,3329696.6552734375,0.2082939334569148
PB20.13.13_Comb29Ch26,3549041.752703,3549041.748046875,0.6181510112095338
PB20.13.11_Comb29Ch26,4655303.959735,4655303.955078125,59.727201803554
PB20.13.13_Comb27Ch26,3323745.732196,3323745.7275390625,0.3492385042546168
PB20.13.13_Comb17Ch26,3297042.851336,3297042.8466796875,0.14832204647117883
PB20.13.13_Comb26Ch26,3373947.148211,3373947.1435546875,0.19715081454746475
PB20.13.15_Comb20Ch26,4297790.532,4297790.52734375,38.43458727394255
PB20.13.12_Comb28Ch26,3420486.454852,3420486.4501953125,0.18224061071742942
PB20.13.28_Comb22Ch26,3399658.207782,3399658.203125,0.28464775455278973
PB20.13.31_Comb13Ch26,3449783.329852,3449783.3251953125,0.6247258510164686
PB20.13.10_Comb15Ch26,4030456.547625,4030456.54296875,0.02329447597838287
PB20.13.13_Comb12Ch26,3371658.329852,3371658.3251953125,0.19959421392773102
PB20.13.11_Comb18Ch26,3218231.205828,3218231.201171875,0.1937406538928642
PB20.13.12_Comb07Ch26,4160614.018328,4160614.013671875,0.33741095108378477
PB20.13.31_Comb20Ch26,3276519.780047,3276519.775390625,0.29469741636735625
PB20.13.11_Comb20Ch26,3604202.275164,3604202.2705078125,0.2335485440042959
PB20.13.31_Comb01Ch26,3984451.298602,3984451.2939453125,0.2637582122330289
PB20.13.10_Comb25Ch26,3302383.427508,3302383.4228515625,0.0016703239995360247
PB20.13.15_Comb25Ch26,3300704.960711,3300704.9560546875,0.29167638881594726
PB20.13.28_Comb10Ch26,3483123.783953,3483123.779296875,0.24181462139894352
PB20.13.15_Comb12Ch26,3185806.279071,3185806.2744140625,0.20312293967012446
PB20.13.12_Comb15Ch26,3135604.863055,3135604.8583984375,0.2704417173703565
PB20.13.28_Comb12Ch26,3559112.553485,3559112.548828125,0.5325263983642401
PB20.13.31_Comb18Ch26,3346939.091571,3346939.0869140625,0.3311625116179183
PB20.13.13_Comb28Ch26,3372879.032977,3372879.0283203125,0.17449071784864606
PB20.13.15_Comb28Ch26,3514785.771258,3514785.7666015625,0.45575812042410313
PB20.13.12_Comb11Ch26,3678359.990008,3678359.9853515625,0.6826067835028125
PB20.13.11_Comb23Ch26,3448791.508563,3448791.50390625,0.38221265672399835
PB20.13.28_Comb20Ch26,3679122.929461,3679122.9248046875,0.43527028203740764
PB20.13.15_Comb29Ch26,3205566.410907,3205566.40625,0.1554788883264553
PB20.13.12_Comb10Ch26,3338317.87575,3338317.87109375,0.34142533258637403
PB20.13.15_Comb05Ch26,3791122.44118,3791122.4365234375,0.0027217933715553227
PB20.13.15_Comb01Ch26,3346862.797625,3346862.79296875,0.5063728951122338
PB20.13.31_Comb22Ch26,3547592.167743,3547592.1630859375,2.373874482103755
PB20.13.28_Comb07Ch26,3393936.161883,3393936.1572265625,0.2398071778499247
PB20.13.28_Comb03Ch26,3286895.75661,3286895.751953125,0.21173206868541083
PB20.13.12_Comb18Ch26,3325653.080828,3325653.076171875,0.15832633494093876
PB20.13.12_Comb24Ch26,3289947.514422,3289947.509765625,0.27625538835765157
PB20.13.31_Comb25Ch26,3310317.997821,3310317.9931640625,0.1851716972136902
PB20.13.12_Comb26Ch26,3304748.539813,3304748.53515625,0.31659954720280004
PB20.13.11_Comb07Ch26,3180007.939227,3180007.9345703125,0.5436576422017163
PB20.13.11_Comb21Ch26,3250656.132586,3250656.1279296875,0.7549206204740831
PB20.13.12_Comb04Ch26,3164825.44411,3164825.439453125,0.1913274955469928
PB20.13.31_Comb24Ch26,3205490.116961,3205490.1123046875,0.2796451575680094
PB20.13.10_Comb14Ch26,3203430.180438,3203430.17578125,0.26779222034560785
PB20.13.10_Comb09Ch26,3295593.266375,3295593.26171875,0.40278174593572064
PB20.13.28_Comb14Ch26,3655395.512469,3655395.5078125,0.38760159677066175
PB20.13.13_Comb09Ch26,3293228.154071,3293228.1494140625,0.25318586362015705
PB20.13.13_Comb01Ch26,3613204.960711,3613204.9560546875,0.2903253660375655
PB20.13.10_Comb05Ch26,3242492.680438,3242492.67578125,0.2681621296543126
PB20.13.11_Comb02Ch26,3572387.699969,3572387.6953125,0.44434456630858027
PB20.13.11_Comb05Ch26,4424972.538836,4424972.5341796875,1.494725808124551
PB20.13.28_Comb25Ch26,3661499.028094,3661499.0234375,2.0691777487904517
PB20.13.10_Comb30Ch26,3490066.532977,3490066.5283203125,0.6055748072293896
PB20.13.10_Comb06Ch26,3366851.811297,3366851.806640625,0.14533162376907088
PB20.13.13_Comb08Ch26,3338394.169696,3338394.1650390625,0.18461678444385712
PB20.13.13_Comb13Ch26,3424911.50368,3424911.4990234375,1.6283763731685352
PB20.13.10_Comb23Ch26,3194274.907,3194274.90234375,0.22205730733054374
PB20.13.11_Comb09Ch26,3454360.966571,3454360.9619140625,0.5245615699218452
PB20.13.12_Comb16Ch26,3361511.235125,3361511.23046875,0.19842998574944867
PB20.13.15_Comb17Ch26,3198928.837664,3198928.8330078125,0.23832648250380473
PB20.13.11_Comb25Ch26,3734970.09743,3734970.0927734375,0.11849587548413011
PB20.13.13_Comb18Ch26,3536911.015399,3536911.0107421875,1.0388176831682245
PB20.13.13_Comb21Ch26,3727493.290789,3727493.2861328125,0.4673003663742641
PB20.13.13_Comb10Ch26,3985443.119891,3985443.115234375,0.25305661074719527
PB20.13.12_Comb06Ch26,3373260.502703,3373260.498046875,0.06548052903262117
PB20.13.12_Comb30Ch26,4316558.842547,4316558.837890625,241.37822131752554
PB20.13.28_Comb11Ch26,3940429.692157,3940429.6875,0.6050910216949131
PB20.13.10_Comb04Ch26,3357772.831805,3357772.8271484375,0.35685332892051475
PB20.13.12_Comb17Ch26,3234710.698016,3234710.693359375,0.24634417226396116
PB20.13.28_Comb16Ch26,3440093.998797,3440093.994140625,0.40447276431786294
PB20.13.11_Comb14Ch26,3193054.203875,3193054.19921875,0.1959366387454084
PB20.13.11_Comb19Ch26,3361892.704852,3361892.7001953125,0.2145964790157861
PB20.13.28_Comb01Ch26,4001998.906024,4001998.9013671875,0.31412733809857346
PB20.13.10_Comb10Ch26,3796615.605243,3796615.6005859375,0.37719490036842596
PB20.13.15_Comb18Ch26,3269042.973407,3269042.96875,0.2834687424572801
PB20.13.10_Comb27Ch26,3354949.955828,3354949.951171875,0.20415343868666633
PB20.13.15_Comb16Ch26,3947143.559344,3947143.5546875,0.6864132668941281
PB20.13.10_Comb29Ch26,3224945.073016,3224945.068359375,0.1794921132362141
