Name,Nominal Frequency,Actual Frequency,Resistance
PB20.13.28_Comb21Ch11,2162246.708758,2162246.7041015625,0.3358315970817752
PB20.13.28_Comb28Ch11,2279815.678485,2279815.673828125,0.3808473540675399
PB20.13.15_Comb06Ch11,4128875.737078,4128875.732421875,0.09228690669297132
PB20.13.11_Comb11Ch11,2217559.81911,2217559.814453125,0.46263448180427297
PB20.13.11_Comb28Ch11,2369384.770282,2369384.765625,0.3579304719707887
PB20.13.15_Comb22Ch11,2200775.151141,2200775.146484375,0.4651906810651733
PB20.13.28_Comb05Ch11,2234573.368914,2234573.3642578125,0.38934943034777475
PB20.13.12_Comb12Ch11,2174301.152118,2174301.1474609375,0.4569485680941254
PB20.13.15_Comb24Ch11,2464447.026141,2464447.021484375,0.34912025919412737
PB20.13.15_Comb30Ch11,2271881.108172,2271881.103515625,0.5404469099434006
PB20.13.12_Comb21Ch11,2288665.776141,2288665.771484375,0.5228323351948414
PB20.13.15_Comb08Ch11,2961273.198016,2961273.193359375,0.36844585556151094
PB20.13.11_Comb15Ch11,2316589.360125,2316589.35546875,0.3295367832538817
PB20.13.15_Comb13Ch11,2160873.417743,2160873.4130859375,0.24494337533699315
PB20.13.13_Comb07Ch11,2307052.616961,2307052.6123046875,0.3254080678140608
PB20.13.28_Comb17Ch11,2180175.785907,2180175.78125,0.19368114939767264
PB20.13.28_Comb29Ch11,2333526.615985,2333526.611328125,0.3507435164386953
PB20.13.12_Comb29Ch11,2181320.195086,2181320.1904296875,0.1809773728416599
PB20.13.13_Comb24Ch11,2241287.236102,2241287.2314453125,0.24200633602632923
PB20.13.31_Comb17Ch11,2265090.947039,2265090.9423828125,0.21045238504962244
PB20.13.13_Comb05Ch11,2168197.636493,2168197.6318359375,0.43469532907774816
PB20.13.10_Comb16Ch11,2454986.576922,2454986.572265625,0.29200904521103593
PB20.13.10_Comb24Ch11,2165451.054461,2165451.0498046875,2.127616226228476
PB20.13.12_Comb23Ch11,2169418.339618,2169418.3349609375,0.2740724652193465
PB20.13.11_Comb16Ch11,2219924.931414,2219924.9267578125,0.2239418901942085
PB20.13.10_Comb28Ch11,2217025.761493,2217025.7568359375,0.3024093116944696
PB20.13.10_Comb26Ch11,2152633.671649,2152633.6669921875,0.5371377359468338
PB20.13.15_Comb21Ch11,2342071.53786,2342071.533203125,0.4534897716333887
PB20.13.28_Comb23Ch11,2159194.950946,2159194.9462890625,0.5003351868020989
PB20.13.28_Comb04Ch11,2397537.236102,2397537.2314453125,0.3630792253412958
PB20.13.15_Comb26Ch11,2249679.570086,2249679.5654296875,0.311571854427463
PB20.13.15_Comb10Ch11,2194137.577899,2194137.5732421875,0.23666883664037897
PB20.13.31_Comb15Ch11,2136993.41286,2136993.408203125,0.6546820037849401
PB20.13.31_Comb12Ch11,2177734.379657,2177734.375,0.37405474717558224
PB20.13.13_Comb03Ch11,2185287.480243,2185287.4755859375,0.4454269138421938
PB20.13.10_Comb01Ch11,2183151.249774,2183151.2451171875,0.5243269492440052
PB20.13.12_Comb09Ch11,2184448.246844,2184448.2421875,0.47243729838867193
PB20.13.28_Comb30Ch11,4132766.728289,4132766.7236328125,80.41058384767514
PB20.13.31_Comb21Ch11,2158813.481219,2158813.4765625,0.2625463999476786
PB20.13.11_Comb13Ch11,2184982.304461,2184982.2998046875,0.3000371335795624
PB20.13.15_Comb04Ch11,2191009.526141,2191009.521484375,0.45465908570906777
PB20.13.28_Comb24Ch11,2174148.564227,2174148.5595703125,0.2864454025518065
PB20.13.12_Comb27Ch11,2294692.997821,2294692.9931640625,0.19141672318948916
PB20.13.31_Comb19Ch11,2262954.716571,2262954.7119140625,0.3290963047001619
PB20.13.31_Comb28Ch11,2169647.221453,2169647.216796875,0.28698987280727806
PB20.13.12_Comb01Ch11,2379684.452899,2379684.4482421875,0.25964203377158157
PB20.13.11_Comb03Ch11,2260818.486102,2260818.4814453125,0.5741915638777094
PB20.13.11_Comb24Ch11,4329376.22536,4329376.220703125,56.60399027702349
PB20.13.11_Comb06Ch11,3352508.549578,3352508.544921875,0.11805743775406134
PB20.13.10_Comb02Ch11,2204360.966571,2204360.9619140625,0.2685813011882026
PB20.13.10_Comb17Ch11,2317962.651141,2317962.646484375,0.4166610540587858
PB20.13.13_Comb02Ch11,2228012.089618,2228012.0849609375,0.40840134332696426
PB20.13.13_Comb19Ch11,2386932.377703,2386932.373046875,0.2929092198559077
PB20.13.13_Comb06Ch11,2217483.525164,2217483.5205078125,0.5153349227653286
PB20.13.28_Comb26Ch11,2236328.129657,2236328.125,0.2724368550529509
PB20.13.12_Comb08Ch11,2167434.697039,2167434.6923828125,0.2455443340520101
PB20.13.11_Comb17Ch11,2296600.346453,2296600.341796875,0.38692995037144673
PB20.13.15_Comb14Ch11,2296142.582782,2296142.578125,0.514113896446622
PB20.13.10_Comb19Ch11,2143096.928485,2143096.923828125,0.3896091896627034
PB20.13.15_Comb23Ch11,2165756.230243,2165756.2255859375,0.7607910862490386
PB20.13.12_Comb02Ch11,2294158.940203,2294158.935546875,2.865835943531299
PB20.13.15_Comb11Ch11,2242431.645282,2242431.640625,0.6592048737953591
PB20.13.28_Comb06Ch11,2182312.016375,2182312.01171875,0.4770791959938171
PB20.13.12_Comb25Ch11,2174530.033953,2174530.029296875,0.4334972336577336
PB20.13.15_Comb07Ch11,2830886.845477,2830886.8408203125,0.2941296344273633
PB20.13.13_Comb23Ch11,2313995.365985,2313995.361328125,0.5223328280474377
PB20.13.11_Comb08Ch11,2346420.292743,2346420.2880859375,0.41401755169381493
PB20.13.31_Comb29Ch11,2425842.289813,2425842.28515625,0.7459424706795279
PB20.13.13_Comb30Ch11,2317504.887469,2317504.8828125,0.3216110914012574
PB20.13.28_Comb18Ch11,2287292.485125,2287292.48046875,0.3395637098236356
PB20.13.31_Comb11Ch11,2246627.812274,2246627.8076171875,0.41002013957155053
PB20.13.12_Comb03Ch11,2178573.613055,2178573.6083984375,0.3485097447868255
PB20.13.12_Comb05Ch11,2394638.06618,2394638.0615234375,0.2033558502742902
PB20.13.10_Comb07Ch11,2223434.452899,2223434.4482421875,0.33460602165044234
PB20.13.13_Comb29Ch11,2358856.205828,2358856.201171875,0.6471796579038582
PB20.13.11_Comb29Ch11,2890243.53493,2890243.5302734375,0.35224404311868934
PB20.13.13_Comb27Ch11,2201004.032977,2201004.0283203125,0.49108818026669093
PB20.13.13_Comb17Ch11,2251892.0945,2251892.08984375,0.24484526219347783
PB20.13.13_Comb26Ch11,2225875.859149,2225875.8544921875,0.29516603284169923
PB20.13.12_Comb28Ch11,2227172.856219,2227172.8515625,0.18829767843769118
PB20.13.28_Comb22Ch11,2246932.988055,2246932.9833984375,0.37873154177341867
PB20.13.31_Comb13Ch11,2297592.167743,2297592.1630859375,0.48683099025093735
PB20.13.10_Comb15Ch11,2870407.109149,2870407.1044921875,27.145236389889266
PB20.13.13_Comb12Ch11,2244415.28786,2244415.283203125,0.2637716592296067
PB20.13.11_Comb18Ch11,2169036.869891,2169036.865234375,0.28327810169512907
PB20.13.12_Comb07Ch11,2331161.50368,2331161.4990234375,0.7283615908114419
PB20.13.31_Comb20Ch11,2234191.899188,2234191.89453125,0.44352164693435386
PB20.13.11_Comb20Ch11,2360534.672625,2360534.66796875,0.3988857956327178
PB20.13.31_Comb01Ch11,2322006.230243,2322006.2255859375,0.3235896136939346
PB20.13.10_Comb25Ch11,2237167.363055,2237167.3583984375,0.3793163124594779
PB20.13.15_Comb25Ch11,2187423.710711,2187423.7060546875,0.39253064106664526
PB20.13.13_Comb22Ch11,2827835.087664,2827835.0830078125,0.18706196669181666
PB20.13.28_Comb10Ch11,2251739.50661,2251739.501953125,0.35867922785168466
PB20.13.15_Comb12Ch11,2180786.137469,2180786.1328125,0.35138716057599595
PB20.13.12_Comb15Ch11,2146835.331805,2146835.3271484375,0.3529320478643844
PB20.13.28_Comb12Ch11,2182540.898211,2182540.8935546875,0.406256973808376
PB20.13.31_Comb18Ch11,2242889.408953,2242889.404296875,0.5910208492479402
PB20.13.13_Comb28Ch11,2227935.795672,2227935.791015625,0.3040117726164581
PB20.13.31_Comb02Ch11,3542785.649188,3542785.64453125,0.24442030489402236
PB20.13.15_Comb28Ch11,2188034.062274,2188034.0576171875,0.40071169616984337
PB20.13.12_Comb11Ch11,2213211.064227,2213211.0595703125,0.8129841605774033
PB20.13.11_Comb23Ch11,2387619.023211,2387619.0185546875,0.5648943546353788
PB20.13.28_Comb20Ch11,2361679.081805,2361679.0771484375,0.5206962845951083
PB20.13.15_Comb29Ch11,2180557.255633,2180557.2509765625,0.31645433409036694
PB20.13.12_Comb10Ch11,2280273.442157,2280273.4375,0.57468070324711
PB20.13.15_Comb01Ch11,2183609.013446,2183609.0087890625,0.5017157166163987
PB20.13.31_Comb22Ch11,2351226.811297,2351226.806640625,0.7651852941204909
PB20.13.28_Comb07Ch11,2237396.244891,2237396.240234375,0.4264069575523517
PB20.13.28_Comb03Ch11,2231521.611102,2231521.6064453125,0.3102487418962164
PB20.13.12_Comb18Ch11,2207031.254657,2207031.25,0.2824135577756338
PB20.13.12_Comb24Ch11,2182083.134539,2182083.1298828125,0.2715191233150322
PB20.13.31_Comb25Ch11,2208633.427508,2208633.4228515625,0.2739690055383131
PB20.13.12_Comb26Ch11,2194213.871844,2194213.8671875,0.3160978439010012
PB20.13.11_Comb07Ch11,2175140.385516,2175140.380859375,0.4982850894262876
PB20.13.11_Comb21Ch11,2147064.213641,2147064.208984375,1.2923121398662063
PB20.13.12_Comb04Ch11,2141952.519305,2141952.5146484375,0.28434065421250637
PB20.13.10_Comb14Ch11,2166900.639422,2166900.634765625,0.4453974627922332
PB20.13.10_Comb09Ch11,2197189.335711,2197189.3310546875,0.6833928864370561
PB20.13.28_Comb14Ch11,2367095.951922,2367095.947265625,0.39489540316024796
PB20.13.10_Comb12Ch11,3246994.023211,3246994.0185546875,0.34600793957776166
PB20.13.13_Comb09Ch11,2168121.342547,2168121.337890625,0.4062483981402336
PB20.13.13_Comb01Ch11,2303161.62575,2303161.62109375,0.297413610122543
PB20.13.10_Comb05Ch11,2147598.271258,2147598.2666015625,0.434201035389538
PB20.13.11_Comb02Ch11,2334899.907,2334899.90234375,0.36645853112389004
PB20.13.11_Comb05Ch11,2384796.147235,2384796.142578125,0.6130062132106072
PB20.13.28_Comb25Ch11,2327499.394305,2327499.3896484375,0.8526479556226824
PB20.13.10_Comb30Ch11,2279281.620868,2279281.6162109375,0.39341418482171125
PB20.13.31_Comb26Ch11,4520492.558368,4520492.5537109375,164.758498300323
PB20.13.10_Comb06Ch11,2194290.165789,2194290.1611328125,0.2548804238988298
PB20.13.13_Comb08Ch11,2281188.9695,2281188.96484375,0.2921141926248039
PB20.13.13_Comb13Ch11,2284317.021258,2284317.0166015625,1.3356774515304441
PB20.13.10_Comb23Ch11,2178802.494891,2178802.490234375,0.3628881049656858
PB20.13.11_Comb09Ch11,2301559.452899,2301559.4482421875,0.5419935619206196
PB20.13.12_Comb16Ch11,2249145.512469,2249145.5078125,0.30137186473944183
PB20.13.15_Comb17Ch11,2169418.339618,2169418.3349609375,0.44949096969624325
PB20.13.11_Comb25Ch11,2443084.721453,2443084.716796875,0.2563863945206243
PB20.13.11_Comb27Ch11,2746047.978289,2746047.9736328125,1.3183548812364922
PB20.13.13_Comb18Ch11,2374801.640399,2374801.6357421875,0.6437534808546329
PB20.13.13_Comb21Ch11,2446823.124774,2446823.1201171875,0.6553481360692898
PB20.13.13_Comb10Ch11,2369918.827899,2369918.8232421875,0.28566674799111696
PB20.13.12_Comb06Ch11,2163772.587664,2163772.5830078125,0.28132395750292377
PB20.13.31_Comb30Ch11,2471237.187274,2471237.1826171875,0.45202397142020057
PB20.13.12_Comb30Ch11,3806762.699969,3806762.6953125,149.65154658406087
PB20.13.28_Comb11Ch11,2650451.664813,2650451.66015625,0.20138736661142512
PB20.13.10_Comb04Ch11,2224655.156024,2224655.1513671875,0.5168388214388225
PB20.13.12_Comb17Ch11,2199707.035907,2199707.03125,0.30194017894706005
PB20.13.28_Comb16Ch11,2282943.730243,2282943.7255859375,0.4754544069620128
PB20.13.11_Comb14Ch11,2185211.186297,2185211.181640625,0.2793598237059502
PB20.13.11_Comb19Ch11,2248458.866961,2248458.8623046875,0.37250119193488157
PB20.13.28_Comb01Ch11,2438430.790789,2438430.7861328125,0.3053384204277108
PB20.13.10_Comb10Ch11,2296295.170672,2296295.166015625,0.32967452659541957
PB20.13.15_Comb18Ch11,2208938.603289,2208938.5986328125,0.3843621997895095
PB20.13.13_Comb14Ch11,3100662.236102,3100662.2314453125,3.4443344006704253
PB20.13.10_Comb27Ch11,2240066.532977,2240066.5283203125,0.31383525160461934
PB20.13.15_Comb16Ch11,2514343.266375,2514343.26171875,0.28054557591767826
PB20.13.10_Comb29Ch11,2183074.955828,2183074.951171875,0.28772181525472307
PB20.13.12_Comb20Ch11,2356185.917743,2356185.9130859375,0.3199322927629767
