Name,Nominal Frequency,Actual Frequency,Resistance
PB20.13.28_Comb05Ch01,1694564.823993,1694564.8193359375,1.6521472802172439
PB20.13.28_Comb05Ch02,1748046.879657,1748046.875,1.492043695272361
PB20.13.28_Comb05Ch03,1784591.679461,1784591.6748046875,2.248846560218783
PB20.13.28_Comb05Ch04,1846771.244891,1846771.240234375,1.37329965659261
PB20.13.28_Comb05Ch05,1901016.240008,1901016.2353515625,1.5607827179875886
PB20.13.28_Comb05Ch06,1958465.580828,1958465.576171875,1.7390047211821125
PB20.13.28_Comb05Ch07,2012786.869891,2012786.865234375,1.7295615572001437
PB20.13.28_Comb05Ch08,2073669.43825,2073669.43359375,1.6286921829770074
PB20.13.28_Comb05Ch09,2120437.626727,2120437.6220703125,2.975349297661781
PB20.13.28_Comb05Ch10,2189559.94118,2189559.9365234375,1.0609235730624504
PB20.13.28_Comb05Ch11,2234573.368914,2234573.3642578125,1.7592741141403743
PB20.13.28_Comb05Ch12,2304229.740985,NaN,NaN
PB20.13.28_Comb05Ch13,2381668.095477,2381668.0908203125,2.4059031249143548
PB20.13.28_Comb05Ch14,2439346.318133,2439346.3134765625,1.6151777133489575
PB20.13.28_Comb05Ch15,2500686.650164,2500686.6455078125,1.6345004790254392
PB20.13.28_Comb05Ch16,2557678.227313,2557678.22265625,1.751302715007286
PB20.13.28_Comb05Ch17,2650299.076922,2650299.072265625,1.5320310063212723
PB20.13.28_Comb05Ch18,2697677.616961,2697677.6123046875,1.7138574556341877
PB20.13.28_Comb05Ch19,2757339.482196,2757339.4775390625,2.467187390059677
PB20.13.28_Comb05Ch20,2859268.193133,2859268.1884765625,1.1518643985856667
PB20.13.28_Comb05Ch21,2918624.882586,2918624.8779296875,1.823870881872191
PB20.13.28_Comb05Ch22,2985229.496844,2985229.4921875,2.461253026042714
PB20.13.28_Comb05Ch23,3073120.121844,3073120.1171875,1.7725340402260064
PB20.13.28_Comb05Ch24,3147811.894305,3147811.8896484375,1.4864222340608302
PB20.13.28_Comb05Ch25,3244476.323016,3244476.318359375,1.7629848703885318
PB20.13.28_Comb05Ch26,3291931.157,3291931.15234375,1.357021612535269
PB20.13.28_Comb05Ch27,3375778.202899,3375778.1982421875,1.486691572668379
PB20.13.28_Comb05Ch28,3462829.5945,3462829.58984375,1.3881697265520274
PB20.13.28_Comb05Ch29,3577575.68825,3577575.68359375,2.461828101257636
PB20.13.28_Comb05Ch30,3642959.599383,3642959.5947265625,1.8944351519987173
PB20.13.28_Comb05Ch31,3715209.965594,3715209.9609375,1.3759082309237853
PB20.13.28_Comb05Ch32,3814086.918719,3814086.9140625,2.9256786984137992
PB20.13.28_Comb05Ch33,3921966.557391,3921966.552734375,1.9792338629977557
PB20.13.28_Comb05Ch34,3998870.854266,3998870.849609375,1.6806221399076238
PB20.13.28_Comb05Ch35,4118499.760516,4118499.755859375,1.8083860237842386
PB20.13.28_Comb05Ch36,4185333.25661,4185333.251953125,1.410425045760549
PB20.13.28_Comb05Ch37,4296340.947039,4296340.9423828125,1.6136680275148003
PB20.13.28_Comb05Ch38,4392547.612078,4392547.607421875,1.4267863747645493
PB20.13.28_Comb05Ch39,4507675.175555,4507675.1708984375,1.9824738989335093
PB20.13.11_Comb15Ch01,1666412.358172,1666412.353515625,1.8726664330267344
PB20.13.11_Comb15Ch02,1698455.815203,1698455.810546875,1.3545141036156292
PB20.13.11_Comb15Ch03,1729812.626727,1729812.6220703125,2.499895979941397
PB20.13.11_Comb15Ch04,1856307.988055,1856307.9833984375,1.3456741836895814
PB20.13.11_Comb15Ch05,1912765.507586,1912765.5029296875,5.849827227701525
PB20.13.11_Comb15Ch06,1954269.413836,1954269.4091796875,1.5882339032039487
PB20.13.11_Comb15Ch07,2071914.677508,2071914.6728515625,1.918595732288448
PB20.13.11_Comb15Ch08,2126388.554461,2126388.5498046875,1.0379228789374586
PB20.13.11_Comb15Ch09,2196044.926532,2196044.921875,2.0339421995020706
PB20.13.11_Comb15Ch10,2258682.255633,2258682.2509765625,1.9880431968001409
PB20.13.11_Comb15Ch11,2316589.360125,2316589.35546875,1.8840268082754752
PB20.13.11_Comb15Ch12,2368545.536883,2368545.5322265625,1.8212474076301655
PB20.13.11_Comb15Ch13,2428665.165789,2428665.1611328125,1.7223472210790955
PB20.13.11_Comb15Ch14,2484970.09743,2484970.0927734375,2.7198224388086363
PB20.13.11_Comb15Ch15,2584228.520282,2584228.515625,1.4571222017346968
PB20.13.11_Comb15Ch16,2610321.049578,2610321.044921875,3.1964508248491352
PB20.13.11_Comb15Ch17,2683944.706805,2683944.7021484375,2.755779520322827
PB20.13.11_Comb15Ch18,2769012.455828,2769012.451171875,1.1071557696937413
PB20.13.11_Comb15Ch19,2855682.377703,2855682.373046875,1.5420949110869664
PB20.13.11_Comb15Ch20,2914123.539813,2914123.53515625,2.788704362954175
PB20.13.11_Comb15Ch21,2996521.00075,2996520.99609375,1.8551838917784775
PB20.13.11_Comb15Ch22,3089904.789813,3089904.78515625,1.322509312442375
PB20.13.11_Comb15Ch23,3152008.061297,3152008.056640625,1.8220194056067327
PB20.13.11_Comb15Ch24,3193435.673602,3193435.6689453125,2.999929834373618
PB20.13.11_Comb15Ch25,3295745.854266,3295745.849609375,2.4429267091632254
PB20.13.11_Comb15Ch26,3367233.281024,3367233.2763671875,2.2609037080474708
PB20.13.11_Comb15Ch27,3487701.420672,3487701.416015625,2.0425589460480498
PB20.13.11_Comb15Ch28,3542251.591571,3542251.5869140625,1.9324088789262852
PB20.13.11_Comb15Ch29,3618469.242938,3618469.23828125,2.9954192490939606
PB20.13.11_Comb15Ch30,3732604.985125,3732604.98046875,2.5733681466129967
PB20.13.11_Comb15Ch31,3832778.935321,3832778.9306640625,1.7045182381362451
PB20.13.11_Comb15Ch32,3890533.451922,3890533.447265625,2.234177191561045
PB20.13.11_Comb15Ch33,4011840.824969,4011840.8203125,2.388418378421794
PB20.13.11_Comb15Ch34,4070816.044696,4070816.0400390625,1.4500354900004275
PB20.13.11_Comb15Ch35,4202575.68825,4202575.68359375,1.2820255753114493
PB20.13.11_Comb15Ch36,4281387.333758,4281387.3291015625,1.145477938686381
PB20.13.11_Comb15Ch37,4392318.730243,4392318.7255859375,1.9608442134857584
PB20.13.11_Comb15Ch38,4407730.107196,4407730.1025390625,1.58212477282736
PB20.13.15_Comb13Ch01,1633148.198016,1633148.193359375,1.4462451233596691
PB20.13.15_Comb13Ch02,1679611.210711,1679611.2060546875,1.4902157352628431
PB20.13.15_Comb13Ch03,1735687.260516,1735687.255859375,1.4963621216740053
PB20.13.15_Comb13Ch04,1785507.206805,1785507.2021484375,1.5061354410553964
PB20.13.15_Comb13Ch05,1824874.882586,1824874.8779296875,1.4661665276877012
PB20.13.15_Comb13Ch06,1881713.871844,1881713.8671875,1.8303237126830605
PB20.13.15_Comb13Ch07,1944732.670672,1944732.666015625,1.7702007695415882
PB20.13.15_Comb13Ch08,1996765.141375,1996765.13671875,1.7467079709137963
PB20.13.15_Comb13Ch09,2045516.97243,2045516.9677734375,1.7613776231491967
PB20.13.15_Comb13Ch10,2106399.540789,2106399.5361328125,1.0393378350953815
PB20.13.15_Comb13Ch11,2160949.711688,2160949.70703125,1.7711952702373552
PB20.13.15_Comb13Ch12,2221450.810321,2221450.8056640625,1.7580265340668781
PB20.13.15_Comb13Ch13,2297210.698016,2297210.693359375,1.7792528376010321
PB20.13.15_Comb13Ch14,2345733.647235,2345733.642578125,1.8119834535438513
PB20.13.15_Comb13Ch15,2426605.229266,2426605.224609375,1.4906774158929363
PB20.13.15_Comb13Ch16,2484054.570086,2484054.5654296875,1.8223936584716665
PB20.13.15_Comb13Ch17,2542800.907977,2542800.9033203125,1.5618974705005577
PB20.13.15_Comb13Ch18,2625732.426532,2625732.421875,1.7683371154627514
PB20.13.15_Comb13Ch19,2757644.657977,2757644.6533203125,1.032184183999564
PB20.13.15_Comb13Ch20,2813949.589618,2813949.5849609375,1.4945260332318104
PB20.13.15_Comb13Ch21,2972869.877703,2972869.873046875,1.7764841721574887
PB20.13.15_Comb13Ch22,3030090.336688,3030090.33203125,1.5007574645696462
PB20.13.15_Comb13Ch23,3134231.572039,3134231.5673828125,1.4353334333114496
PB20.13.15_Comb13Ch24,3210525.517352,3210525.5126953125,1.5477814955087188
PB20.13.15_Comb13Ch25,3280029.301532,3280029.296875,1.4374078136059791
PB20.13.15_Comb13Ch26,3374252.323993,3374252.3193359375,1.406502726075766
PB20.13.15_Comb13Ch27,3440780.644305,3440780.6396484375,1.8682564113517188
PB20.13.15_Comb13Ch28,3536529.545672,3536529.541015625,1.8467713140814905
PB20.13.15_Comb13Ch29,3614883.427508,3614883.4228515625,1.3951262488328382
PB20.13.15_Comb13Ch30,3698425.297625,3698425.29296875,1.9264601919367497
PB20.13.15_Comb13Ch31,3791046.147235,3791046.142578125,1.8439480049030346
PB20.13.15_Comb13Ch32,3896484.379657,3896484.375,1.7373166545779999
PB20.13.15_Comb13Ch33,3964920.048602,3964920.0439453125,1.386800248582978
PB20.13.15_Comb13Ch34,4079284.672625,4079284.66796875,1.4437262273829687
PB20.13.15_Comb13Ch35,4161148.075946,4161148.0712890625,1.3555595265524318
PB20.13.15_Comb13Ch36,4263916.020282,4263916.015625,1.2849844792358143
PB20.13.15_Comb13Ch37,4338378.910907,4338378.90625,2.043502589357153
PB20.13.15_Comb13Ch38,4376983.647235,4376983.642578125,1.8686416181364125
PB20.13.13_Comb07Ch01,1651687.626727,1651687.6220703125,1.2258779065931054
PB20.13.13_Comb07Ch02,1690444.950946,1690444.9462890625,1.227835681149699
PB20.13.13_Comb07Ch03,1735229.496844,1735229.4921875,1.3360240140659776
PB20.13.13_Comb07Ch04,1789779.667743,1789779.6630859375,1.267930164103594
PB20.13.13_Comb07Ch05,1840286.259539,1840286.2548828125,1.321922330006699
PB20.13.13_Comb07Ch06,1902771.00075,1902770.99609375,1.5018100161137515
PB20.13.13_Comb07Ch07,1951370.243914,1951370.2392578125,1.533900405882034
PB20.13.13_Comb07Ch08,2010955.815203,2010955.810546875,1.5416089325607532
PB20.13.13_Comb07Ch09,2115173.3445,2115173.33984375,1.0015256204257383
PB20.13.13_Comb07Ch10,2244644.169696,2244644.1650390625,1.4379352776603886
PB20.13.13_Comb07Ch11,2307128.910907,2307128.90625,1.5014134481723214
PB20.13.13_Comb07Ch12,2363128.666766,2363128.662109375,1.5100175542175676
PB20.13.13_Comb07Ch13,2427978.520282,2427978.515625,1.3283800390954574
PB20.13.13_Comb07Ch14,2488098.149188,2488098.14453125,1.5806031575878667
PB20.13.13_Comb07Ch15,2568817.143328,2568817.138671875,1.2473013942756033
PB20.13.13_Comb07Ch16,2619781.498797,2619781.494140625,1.7488311626445214
PB20.13.13_Comb07Ch17,2693634.03786,2693634.033203125,1.4769285976524367
PB20.13.13_Comb07Ch18,2771224.980243,2771224.9755859375,1.0088174724609729
PB20.13.13_Comb07Ch19,2916946.415789,2916946.4111328125,1.4881091359001721
PB20.13.13_Comb07Ch20,2989959.721453,2989959.716796875,1.5186138173668622
PB20.13.13_Comb07Ch21,3060226.445086,3060226.4404296875,1.2406191242906786
PB20.13.13_Comb07Ch22,3144912.724383,3144912.7197265625,1.3003875826986413
PB20.13.13_Comb07Ch23,3210678.105243,3210678.1005859375,1.333993424313188
PB20.13.13_Comb07Ch24,3375625.615008,NaN,NaN
PB20.13.13_Comb07Ch25,3473205.571063,3473205.56640625,1.6302974636270504
PB20.13.13_Comb07Ch26,3540878.300555,3540878.2958984375,1.7492931659360138
PB20.13.13_Comb07Ch27,3818283.085711,3818283.0810546875,1.6539134472942087
PB20.13.13_Comb07Ch28,3895492.558368,3895492.5537109375,1.7240296316467083
PB20.13.13_Comb07Ch29,3997802.739032,3997802.734375,1.22427880366815
PB20.13.13_Comb07Ch30,4080734.257586,4080734.2529296875,1.23497180956049
PB20.13.13_Comb07Ch31,4274444.584735,4274444.580078125,1.0940291454352638
PB20.13.13_Comb07Ch32,4389266.97243,4389266.9677734375,1.4271843152863475
PB20.13.13_Comb07Ch33,4382705.693133,4382705.6884765625,1.7291738385245905
PB20.13.28_Comb17Ch01,1645278.935321,NaN,NaN
PB20.13.28_Comb17Ch02,1683502.201922,1683502.197265625,1.5184561995333552
PB20.13.28_Comb17Ch03,1732711.796649,NaN,NaN
PB20.13.28_Comb17Ch04,1790618.901141,NaN,NaN
PB20.13.28_Comb17Ch05,1838836.674578,1838836.669921875,1.6556578764499823
PB20.13.28_Comb17Ch06,1897430.424578,NaN,NaN
PB20.13.28_Comb17Ch07,1944046.025164,NaN,NaN
PB20.13.28_Comb17Ch08,2009429.936297,NaN,NaN
PB20.13.28_Comb17Ch09,2064666.752703,NaN,NaN
PB20.13.28_Comb17Ch10,2122802.739032,NaN,NaN
PB20.13.28_Comb17Ch11,2180099.491961,NaN,NaN
PB20.13.28_Comb17Ch12,2240295.414813,NaN,NaN
PB20.13.28_Comb17Ch13,2299728.398211,NaN,NaN
PB20.13.28_Comb17Ch14,2365417.485125,NaN,NaN
PB20.13.28_Comb17Ch15,2422409.062274,NaN,NaN
PB20.13.28_Comb17Ch16,2477416.996844,NaN,NaN
PB20.13.28_Comb17Ch17,2560272.221453,NaN,NaN
PB20.13.28_Comb17Ch18,2614593.510516,NaN,NaN
PB20.13.28_Comb17Ch19,2685470.585711,NaN,NaN
PB20.13.28_Comb17Ch20,2772903.447039,NaN,NaN
PB20.13.28_Comb17Ch21,2836380.009539,NaN,NaN
PB20.13.28_Comb17Ch22,2975158.696063,NaN,NaN
PB20.13.28_Comb17Ch23,3050079.35036,NaN,NaN
PB20.13.28_Comb17Ch24,3134994.511493,NaN,NaN
PB20.13.28_Comb17Ch25,3203277.592547,NaN,NaN
PB20.13.28_Comb17Ch26,3282241.825946,NaN,NaN
PB20.13.28_Comb17Ch27,3363494.877703,NaN,NaN
PB20.13.28_Comb17Ch28,3463287.358172,NaN,NaN
PB20.13.28_Comb17Ch29,3533630.37575,NaN,NaN
PB20.13.28_Comb17Ch30,3617935.185321,NaN,NaN
PB20.13.28_Comb17Ch31,3799972.538836,NaN,NaN
PB20.13.28_Comb17Ch32,3883209.233172,NaN,NaN
PB20.13.28_Comb17Ch33,3987274.174578,NaN,NaN
PB20.13.28_Comb17Ch34,4073333.744891,NaN,NaN
PB20.13.28_Comb17Ch35,4175491.337664,NaN,NaN
PB20.13.28_Comb17Ch36,4253387.455828,NaN,NaN
PB20.13.28_Comb17Ch37,4370651.249774,NaN,NaN
PB20.13.28_Comb17Ch38,4379959.111102,NaN,NaN
PB20.13.12_Comb29Ch01,1593475.346453,1593475.341796875,1.3133485003517433
PB20.13.12_Comb29Ch02,1651992.802508,1651992.7978515625,1.6415455276578519
PB20.13.12_Comb29Ch03,1693725.590594,1693725.5859375,1.3729412963786984
PB20.13.12_Comb29Ch04,1804351.811297,1804351.806640625,1.5116858424693742
PB20.13.12_Comb29Ch05,1849899.296649,1849899.2919921875,2.0276398058157192
PB20.13.12_Comb29Ch06,1902084.355243,1902084.3505859375,1.5378691444600294
PB20.13.12_Comb29Ch07,1962814.335711,1962814.3310546875,1.2396833542158139
PB20.13.12_Comb29Ch08,1999359.135516,1999359.130859375,1.2676774791007455
PB20.13.12_Comb29Ch09,2077560.429461,2077560.4248046875,0.9854632437752984
PB20.13.12_Comb29Ch10,2110366.825946,2110366.8212890625,1.240074032178841
PB20.13.12_Comb29Ch11,2181320.195086,2181320.1904296875,1.39946530249569
PB20.13.12_Comb29Ch12,2254714.970477,2254714.9658203125,1.4354908036267486
PB20.13.12_Comb29Ch13,2301788.334735,2301788.330078125,1.98026524796011
PB20.13.12_Comb29Ch14,2376251.22536,2376251.220703125,1.6872637225335336
PB20.13.12_Comb29Ch15,2416687.016375,2416687.01171875,2.0443121852442308
PB20.13.12_Comb29Ch16,2512130.741961,2512130.7373046875,1.5267050376939617
PB20.13.12_Comb29Ch17,2549133.305438,2549133.30078125,1.2821242937753934
PB20.13.12_Comb29Ch18,2607803.349383,2607803.3447265625,1.2446366895650283
PB20.13.12_Comb29Ch19,2715911.869891,2715911.865234375,0.9358990936307494
PB20.13.12_Comb29Ch20,2771530.156024,2771530.1513671875,1.2972565695958915
PB20.13.12_Comb29Ch21,2817459.111102,2817459.1064453125,1.213941504581905
PB20.13.12_Comb29Ch22,2894210.820086,2894210.8154296875,1.8065797551584262
PB20.13.12_Comb29Ch23,2999649.052508,2999649.0478515625,1.2438118813360244
PB20.13.12_Comb29Ch24,3087921.147235,3087921.142578125,1.5170259728406281
PB20.13.12_Comb29Ch25,3131484.990008,3131484.9853515625,1.6479542767405178
PB20.13.12_Comb29Ch26,3214035.038836,3214035.0341796875,1.1660411037792395
PB20.13.12_Comb29Ch27,3302688.603289,3302688.5986328125,1.3141774292508466
PB20.13.12_Comb29Ch28,3377609.257586,3377609.2529296875,1.2331136655851123
PB20.13.12_Comb29Ch29,3445968.632586,3445968.6279296875,1.1617365462651166
PB20.13.12_Comb29Ch30,3538589.482196,3538589.4775390625,1.0044625348409164
PB20.13.12_Comb29Ch31,3593521.122821,3593521.1181640625,1.0924315220199654
PB20.13.12_Comb29Ch32,3695144.657977,3695144.6533203125,1.6436298323947642
PB20.13.12_Comb29Ch33,3770751.957782,3770751.953125,1.2685273005284716
PB20.13.12_Comb29Ch34,3927993.779071,3927993.7744140625,1.1178578232764749
PB20.13.12_Comb29Ch35,3993682.865985,3993682.861328125,1.2549592243217866
PB20.13.12_Comb29Ch36,4084396.366961,4084396.3623046875,1.0847698559969383
PB20.13.12_Comb29Ch37,4189300.541766,4189300.537109375,1.3390997671797855
PB20.13.12_Comb29Ch38,4234237.675555,4234237.6708984375,0.9237078902112072
PB20.13.12_Comb29Ch39,4354629.521258,NaN,NaN
PB20.13.13_Comb24Ch01,1647644.047625,1647644.04296875,1.236766921114675
PB20.13.13_Comb24Ch02,1686630.25368,1686630.2490234375,1.2438566353069802
PB20.13.13_Comb24Ch03,1732559.208758,1732559.2041015625,1.3132085065812797
PB20.13.13_Comb24Ch04,1791000.370868,1791000.3662109375,1.2434476435005108
PB20.13.13_Comb24Ch05,1841506.962664,1841506.9580078125,1.3227743687935545
PB20.13.13_Comb24Ch06,1899719.242938,1899719.23828125,1.5074302244251554
PB20.13.13_Comb24Ch07,1948013.310321,1948013.3056640625,1.5593590316203065
PB20.13.13_Comb24Ch08,2010955.815203,2010955.810546875,1.5282762313057263
PB20.13.13_Comb24Ch09,2123565.678485,2123565.673828125,1.036365774736223
PB20.13.13_Comb24Ch10,2180099.491961,2180099.4873046875,1.46586574124234
PB20.13.13_Comb24Ch11,2241287.236102,2241287.2314453125,1.4759233902967968
PB20.13.13_Comb24Ch12,2304382.328875,2304382.32421875,1.4915297539382388
PB20.13.13_Comb24Ch13,2367782.59743,2367782.5927734375,1.4561791050644748
PB20.13.13_Comb24Ch14,2424240.116961,2424240.1123046875,1.41394476247548
PB20.13.13_Comb24Ch15,2479858.403094,2479858.3984375,1.535762112149534
PB20.13.13_Comb24Ch16,2565460.209735,2565460.205078125,1.29168759929708
PB20.13.13_Comb24Ch17,2616500.859149,2616500.8544921875,1.5213817744162288
PB20.13.13_Comb24Ch18,2690429.692157,2690429.6875,1.4492111668982983
PB20.13.13_Comb24Ch19,2775344.853289,2775344.8486328125,1.1132380900843106
PB20.13.13_Comb24Ch20,2841415.40993,2841415.4052734375,1.2901294506939598
PB20.13.13_Comb24Ch21,2914123.539813,2914123.53515625,1.5373952441148093
PB20.13.13_Comb24Ch22,2982025.151141,2982025.146484375,1.5356205420689872
PB20.13.13_Comb24Ch23,3055114.75075,3055114.74609375,1.3581510681673497
PB20.13.13_Comb24Ch24,3137741.093524,3137741.0888671875,1.4164178517525892
PB20.13.13_Comb24Ch25,3288345.341571,3288345.3369140625,1.2679492966675294
PB20.13.13_Comb24Ch26,3364791.874774,3364791.8701171875,1.2117078781267647
PB20.13.13_Comb24Ch27,3470001.22536,3470001.220703125,1.62135948024251
PB20.13.13_Comb24Ch28,3538208.012469,3538208.0078125,1.5426090004006616
PB20.13.13_Comb24Ch29,3615417.485125,3615417.48046875,1.2380862588158335
PB20.13.13_Comb24Ch30,3726348.88161,3726348.876953125,1.5519210157105146
PB20.13.13_Comb24Ch31,3810501.103289,3810501.0986328125,1.5928419509810015
PB20.13.13_Comb24Ch32,3885116.581805,3885116.5771484375,1.4552378478844525
PB20.13.13_Comb24Ch33,3993682.865985,3993682.861328125,1.3191080113288904
PB20.13.13_Comb24Ch34,4078369.145282,4078369.140625,1.2025870567648778
PB20.13.13_Comb24Ch35,4186172.490008,4186172.4853515625,1.1786039428975534
PB20.13.13_Comb24Ch36,4262847.905047,4262847.900390625,1.1263883852830685
PB20.13.13_Comb24Ch37,4378051.762469,4378051.7578125,1.6093205982061436
PB20.13.13_Comb24Ch38,4385604.863055,4385604.8583984375,1.6301857763811478
PB20.13.12_Comb23Ch01,1588668.827899,1588668.8232421875,1.583845158958712
PB20.13.12_Comb23Ch02,1635437.016375,1635437.01171875,1.4502999703871147
PB20.13.12_Comb23Ch03,1684188.84743,1684188.8427734375,1.3804785916123956
PB20.13.12_Comb23Ch04,1731414.799578,1731414.794921875,1.467357975009661
PB20.13.12_Comb23Ch05,1784744.267352,1784744.2626953125,1.7177826185867715
PB20.13.12_Comb23Ch06,1836242.680438,1836242.67578125,1.3648775669630069
PB20.13.12_Comb23Ch07,1884613.041766,1884613.037109375,1.4015327023223703
PB20.13.12_Comb23Ch08,1937561.039813,1937561.03515625,1.472519153820534
PB20.13.12_Comb23Ch09,1998748.783953,1998748.779296875,1.4436913867445644
PB20.13.12_Comb23Ch10,2112350.468524,2112350.4638671875,1.9180153701691207
PB20.13.12_Comb23Ch11,2169418.339618,2169418.3349609375,1.4937276141924933
PB20.13.12_Comb23Ch12,2223434.452899,2223434.4482421875,1.4124893130582699
PB20.13.12_Comb23Ch13,2282791.142352,2282791.1376953125,1.3663095212536611
PB20.13.12_Comb23Ch14,2353057.865985,2353057.861328125,1.9490567300753976
PB20.13.12_Comb23Ch15,2409667.973407,2409667.96875,1.411675998908221
PB20.13.12_Comb23Ch16,2483291.630633,2483291.6259765625,1.4114007927729244
PB20.13.12_Comb23Ch17,2529983.525164,2529983.5205078125,1.4896632623063268
PB20.13.12_Comb23Ch18,2679977.421649,2679977.4169921875,1.0969850728039299
PB20.13.12_Comb23Ch19,2761077.885516,2761077.880859375,1.7069479524440512
PB20.13.12_Comb23Ch20,2813339.238055,2813339.2333984375,1.462065924731446
PB20.13.12_Comb23Ch21,2881851.200946,2881851.1962890625,1.4127199458890678
PB20.13.12_Comb23Ch22,2973175.053485,2973175.048828125,1.4400861276773387
PB20.13.12_Comb23Ch23,3043441.777118,3043441.7724609375,1.715179325615763
PB20.13.12_Comb23Ch24,3120956.425555,3120956.4208984375,1.410784850577507
PB20.13.12_Comb23Ch25,3205108.647235,3205108.642578125,2.363963669939232
PB20.13.12_Comb23Ch26,3281707.768328,3281707.763671875,1.516704013381413
PB20.13.12_Comb23Ch27,3333282.47536,3333282.470703125,1.4533627951867794
PB20.13.12_Comb23Ch28,3405532.841571,3405532.8369140625,1.433652475533373
PB20.13.12_Comb23Ch29,3535003.666766,3535003.662109375,1.82308497496205
PB20.13.12_Comb23Ch30,3586044.31618,3586044.3115234375,1.3913094987546932
PB20.13.12_Comb23Ch31,3672256.474383,NaN,NaN
PB20.13.12_Comb23Ch32,3751602.177508,3751602.1728515625,1.3465734608747342
PB20.13.12_Comb23Ch33,3872909.550555,3872909.5458984375,1.4831476387904776
PB20.13.12_Comb23Ch34,3958511.357196,3958511.3525390625,1.296621193156556
PB20.13.12_Comb23Ch35,4070281.987078,4070281.982421875,1.4655233805852197
PB20.13.12_Comb23Ch36,4160690.312274,4160690.3076171875,1.3473650877995804
PB20.13.12_Comb23Ch37,4198455.815203,4198455.810546875,1.2359046636166073
PB20.13.12_Comb23Ch38,4296569.828875,4296569.82421875,1.2616424499634804
PB20.13.28_Comb23Ch01,1637191.777118,1637191.7724609375,2.1901237357867207
PB20.13.28_Comb23Ch02,1683578.495868,1683578.4912109375,1.854938688222165
PB20.13.28_Comb23Ch03,1714019.780047,1714019.775390625,1.4403264555026982
PB20.13.28_Comb23Ch04,1766433.720477,1766433.7158203125,1.4374638299441829
PB20.13.28_Comb23Ch05,1820907.59743,1820907.5927734375,2.5813381440016263
PB20.13.28_Comb23Ch06,1891098.027118,1891098.0224609375,1.6784686535444866
PB20.13.28_Comb23Ch07,1937408.451922,1937408.447265625,1.7149700870240006
PB20.13.28_Comb23Ch08,1984786.991961,1984786.9873046875,1.8425474065105047
PB20.13.28_Comb23Ch09,2054290.776141,2054290.771484375,1.760727913876016
PB20.13.28_Comb23Ch10,2092132.573016,2092132.568359375,1.1425107657772837
PB20.13.28_Comb23Ch11,2159194.950946,2159194.9462890625,2.8604611712346095
PB20.13.28_Comb23Ch12,2220077.519305,2220077.5146484375,2.3981496860934084
PB20.13.28_Comb23Ch13,2292861.943133,2292861.9384765625,1.876426020761383
PB20.13.28_Comb23Ch14,2332534.794696,2332534.7900390625,1.7404151104532992
PB20.13.28_Comb23Ch15,2403945.927508,2403945.9228515625,3.018128276886816
PB20.13.28_Comb23Ch16,2480163.578875,2480163.57421875,1.7368986495998242
PB20.13.28_Comb23Ch17,2554626.4695,2554626.46484375,1.506805104339549
PB20.13.28_Comb23Ch18,2592315.678485,2592315.673828125,2.3053880212856774
PB20.13.28_Comb23Ch19,2687377.934344,2687377.9296875,1.9760477034551602
PB20.13.28_Comb23Ch20,2735290.532,2735290.52734375,1.2191094966634357
PB20.13.28_Comb23Ch21,2837982.182391,2837982.177734375,2.356962823018901
PB20.13.28_Comb23Ch22,2913055.424578,2913055.419921875,1.991460291827025
PB20.13.28_Comb23Ch23,2981948.857196,2981948.8525390625,1.8426155424302797
PB20.13.28_Comb23Ch24,3032989.50661,3032989.501953125,1.5088137057578284
PB20.13.28_Comb23Ch25,3115158.085711,3115158.0810546875,2.5120792943691295
PB20.13.28_Comb23Ch26,3167266.85036,3167266.845703125,1.7405066915752385
PB20.13.28_Comb23Ch27,3294982.914813,3294982.91015625,2.5762329629834153
PB20.13.28_Comb23Ch28,3349227.90993,3349227.9052734375,2.1541381185534663
PB20.13.28_Comb23Ch29,3439407.353289,3439407.3486328125,2.0525014538942097
PB20.13.28_Comb23Ch30,3500595.09743,3500595.0927734375,2.272276517346608
PB20.13.28_Comb23Ch31,3611373.906024,3611373.9013671875,2.5213422077684533
PB20.13.28_Comb23Ch32,3725128.178485,3725128.173828125,2.0349056622555337
PB20.13.28_Comb23Ch33,3816452.031024,3816452.0263671875,2.148413825554656
PB20.13.28_Comb23Ch34,3865280.156024,3865280.1513671875,1.916269089219389
PB20.13.28_Comb23Ch35,3960800.175555,3960800.1708984375,2.494323057118035
PB20.13.28_Comb23Ch36,4031524.66286,4031524.658203125,1.5994168852989852
PB20.13.28_Comb23Ch37,4195098.88161,4195098.876953125,2.1786259553281484
PB20.13.28_Comb23Ch38,4257354.740985,4257354.736328125,2.0040824316821473
PB20.13.28_Comb23Ch39,4330902.104266,4330902.099609375,1.8949127490514368
PB20.13.28_Comb23Ch40,4342346.196063,4342346.19140625,1.7342879121584758
PB20.13.28_Comb04Ch01,1708068.852313,1708068.84765625,1.3545654965862859
PB20.13.28_Comb04Ch02,1759872.44118,1759872.4365234375,1.9442581749902
PB20.13.28_Comb04Ch03,1812133.793719,1812133.7890625,1.392891210927991
PB20.13.28_Comb04Ch04,1865158.085711,1865158.0810546875,2.1161077952528493
PB20.13.28_Comb04Ch05,1977157.59743,1977157.5927734375,1.7553033789338377
PB20.13.28_Comb04Ch06,2032775.883563,2032775.87890625,1.6118607198174444
PB20.13.28_Comb04Ch07,2097244.267352,2097244.2626953125,1.6557302667804672
PB20.13.28_Comb04Ch08,2212677.00661,2212677.001953125,0.9996949838605266
PB20.13.28_Comb04Ch09,2253570.561297,2253570.556640625,1.6141769791758547
PB20.13.28_Comb04Ch10,2324066.166766,2324066.162109375,1.961199872739871
PB20.13.28_Comb04Ch11,2397537.236102,2397537.2314453125,1.6104494465111538
PB20.13.28_Comb04Ch12,2466278.080828,2466278.076171875,1.9756843852830597
PB20.13.28_Comb04Ch13,2524185.185321,2524185.1806640625,1.4256706181511378
PB20.13.28_Comb04Ch14,2591552.739032,NaN,NaN
PB20.13.28_Comb04Ch15,2723922.734149,2723922.7294921875,1.6325666490335882
PB20.13.28_Comb04Ch16,2799911.50368,2799911.4990234375,1.650269990131237
PB20.13.28_Comb04Ch17,2889328.007586,2889328.0029296875,1.077428539107435
PB20.13.28_Comb04Ch18,2945861.821063,2945861.81640625,1.537642681995089
PB20.13.28_Comb04Ch19,3104476.933368,3104476.9287109375,1.6891590004444645
PB20.13.28_Comb04Ch20,3171539.311297,3171539.306640625,1.4652392046746885
PB20.13.28_Comb04Ch21,3266906.742938,3266906.73828125,1.3872276497933216
PB20.13.28_Comb04Ch22,3336868.290789,3336868.2861328125,1.5342554962469381
PB20.13.28_Comb04Ch23,3413314.823993,3413314.8193359375,1.3285578340483928
PB20.13.28_Comb04Ch24,3521118.168719,3521118.1640625,1.596140763917411
PB20.13.28_Comb04Ch25,3614425.663836,3614425.6591796875,1.8311380877225643
PB20.13.28_Comb04Ch26,3677597.050555,3677597.0458984375,1.7650356765873707
PB20.13.28_Comb04Ch27,3777313.237078,3777313.232421875,1.334390147052609
PB20.13.28_Comb04Ch28,3950576.786883,3950576.7822265625,1.9044983005056817
PB20.13.28_Comb04Ch29,4150619.511493,4150619.5068359375,1.3904340787365563
PB20.13.28_Comb04Ch30,4234542.851336,4234542.8466796875,1.5661936812857895
PB20.13.28_Comb04Ch31,4334030.156024,4334030.1513671875,1.4258216256599243
PB20.13.28_Comb04Ch32,4426651.005633,4426651.0009765625,1.9221249088071797
PB20.13.28_Comb04Ch33,4542388.920672,4542388.916015625,1.9577391174205487
PB20.13.10_Comb01Ch01,1646041.874774,1646041.8701171875,1.3453963677857204
PB20.13.10_Comb01Ch02,1680831.913836,1680831.9091796875,1.373614063733353
PB20.13.10_Comb01Ch03,1728973.393328,1728973.388671875,1.5111771475860298
PB20.13.10_Comb01Ch04,1782379.155047,1782379.150390625,1.40524423539907
PB20.13.10_Comb01Ch05,1832199.101336,1832199.0966796875,1.3976642125224241
PB20.13.10_Comb01Ch06,1895065.312274,1895065.3076171875,1.6172640745141607
PB20.13.10_Comb01Ch07,1939926.152118,1939926.1474609375,1.660966625526831
PB20.13.10_Comb01Ch08,2001571.65993,2001571.6552734375,1.6563375855510984
PB20.13.10_Comb01Ch09,2064895.634539,2064895.6298828125,1.617159638508638
PB20.13.10_Comb01Ch10,2109222.416766,2109222.412109375,1.0544446778412206
PB20.13.10_Comb01Ch11,2183227.543719,2183227.5390625,1.6772551805023834
PB20.13.10_Comb01Ch12,2237777.714618,2237777.7099609375,1.6362017629524228
PB20.13.10_Comb01Ch13,2293014.531024,2293014.5263671875,1.7006007403907535
PB20.13.10_Comb01Ch14,2354354.863055,2354354.8583984375,1.6558174909539167
PB20.13.10_Comb01Ch15,2415390.019305,2415390.0146484375,1.4573492166549395
PB20.13.10_Comb01Ch16,2478866.581805,2478866.5771484375,1.6757697448941158
PB20.13.10_Comb01Ch17,2556915.28786,2556915.283203125,1.4252791740174815
PB20.13.10_Comb01Ch18,2610549.931414,2610549.9267578125,1.74497669104786
PB20.13.10_Comb01Ch19,2685012.822039,2685012.8173828125,1.5786456428400768
PB20.13.10_Comb01Ch20,2758178.715594,2758178.7109375,1.0418165141595968
PB20.13.10_Comb01Ch21,2834014.897235,2834014.892578125,1.4038308681596061
PB20.13.10_Comb01Ch22,2906494.145282,2906494.140625,1.7165206907506587
PB20.13.10_Comb01Ch23,2975387.577899,2975387.5732421875,1.6347248683068987
PB20.13.10_Comb01Ch24,3046340.947039,3046340.9423828125,1.436896847354637
PB20.13.10_Comb01Ch25,3126678.471453,3126678.466796875,1.3830450840193662
PB20.13.10_Comb01Ch26,3202209.477313,3202209.47265625,1.389246050081285
PB20.13.10_Comb01Ch27,3283004.765399,3283004.7607421875,1.376125897494946
PB20.13.10_Comb01Ch28,3363723.759539,3363723.7548828125,1.3174123679102463
PB20.13.10_Comb01Ch29,3456802.372821,3456802.3681640625,1.8471624832045417
PB20.13.10_Comb01Ch30,3525924.687274,3525924.6826171875,1.7497245238138925
PB20.13.10_Comb01Ch31,3622055.058368,3622055.0537109375,1.3265665815344914
PB20.13.10_Comb01Ch32,3718719.487078,3718719.482421875,1.7704857792081605
PB20.13.10_Comb01Ch33,3799667.363055,3799667.3583984375,1.627908961736546
PB20.13.10_Comb01Ch34,3878326.420672,3878326.416015625,1.6117713496602122
PB20.13.10_Comb01Ch35,3974914.555438,3974914.55078125,1.312339464596241
PB20.13.10_Comb01Ch36,4064559.94118,4064559.9365234375,1.2878010112460592
PB20.13.10_Comb01Ch37,4173202.519305,4173202.5146484375,1.246776597837473
PB20.13.10_Comb01Ch38,4252471.928485,4252471.923828125,1.1811594976789932
PB20.13.10_Comb01Ch39,4368286.137469,4368286.1328125,1.0494093021923268
PB20.13.12_Comb09Ch01,1651611.332782,1651611.328125,1.3100242643261149
PB20.13.12_Comb09Ch02,1688766.484149,1688766.4794921875,1.4886337941358145
PB20.13.12_Comb09Ch03,1731796.269305,1731796.2646484375,1.4127734083275523
PB20.13.12_Comb09Ch04,1784133.915789,1784133.9111328125,1.955003333624645
PB20.13.12_Comb09Ch05,1835250.859149,NaN,NaN
PB20.13.12_Comb09Ch06,1903839.115985,1903839.111328125,2.2761982028355057
PB20.13.12_Comb09Ch07,1946563.72536,1946563.720703125,1.6890402452087352
PB20.13.12_Comb09Ch08,2005310.06325,2005310.05859375,1.5858169422789243
PB20.13.12_Comb09Ch09,2070541.386493,2070541.3818359375,1.5539152118788662
PB20.13.12_Comb09Ch10,2109451.298602,2109451.2939453125,1.0654673599794524
PB20.13.12_Comb09Ch11,2184371.952899,2184371.9482421875,1.6541214564702238
PB20.13.12_Comb09Ch12,2246322.636493,2246322.6318359375,1.8047710632586678
PB20.13.12_Comb09Ch13,2302474.980243,2302474.9755859375,1.6411684835467415
PB20.13.12_Comb09Ch14,2357482.914813,2357482.91015625,2.1625300508102168
PB20.13.12_Comb09Ch15,2422409.062274,2422409.0576171875,1.594433413629361
PB20.13.12_Comb09Ch16,2485427.861102,2485427.8564453125,2.0046617175986685
PB20.13.12_Comb09Ch17,2566757.206805,2566757.2021484375,1.3952458423814134
PB20.13.12_Comb09Ch18,2614135.746844,2614135.7421875,1.6354470849656015
PB20.13.12_Comb09Ch19,2689285.282977,2689285.2783203125,1.6046865011531364
PB20.13.12_Comb09Ch20,2762451.176532,2762451.171875,1.040912180380535
PB20.13.12_Comb09Ch21,2847213.749774,2847213.7451171875,1.3717451330261394
PB20.13.12_Comb09Ch22,2913513.18825,2913513.18359375,1.6207211456026114
PB20.13.12_Comb09Ch23,2986907.963641,2986907.958984375,2.1145809591943667
PB20.13.12_Comb09Ch24,3057708.744891,3057708.740234375,1.420259207877403
PB20.13.12_Comb09Ch25,3136062.626727,3136062.6220703125,1.5488056430465302
PB20.13.12_Comb09Ch26,3201065.068133,3201065.0634765625,2.0716695479603806
PB20.13.12_Comb09Ch27,3294448.857196,3294448.8525390625,1.3243793296436126
PB20.13.12_Comb09Ch28,3371505.741961,3371505.7373046875,1.3914254110585165
PB20.13.12_Comb09Ch29,3467941.288836,3467941.2841796875,1.8526453837441943
PB20.13.12_Comb09Ch30,3532562.260516,3532562.255859375,1.7741760400188167
PB20.13.12_Comb09Ch31,3626861.576922,3626861.572265625,1.300466892976286
PB20.13.12_Comb09Ch32,3729553.227313,3729553.22265625,1.7645212349489758
PB20.13.12_Comb09Ch33,3816452.031024,3816452.0263671875,2.3346529094747646
PB20.13.12_Comb09Ch34,3887405.400164,3887405.3955078125,1.6945937744164365
PB20.13.12_Comb09Ch35,3986434.94118,3986434.9365234375,1.531599369285701
PB20.13.12_Comb09Ch36,4066848.759539,4066848.7548828125,2.003523590929255
PB20.13.12_Comb09Ch37,4189910.893328,4189910.888671875,1.2207081197898304
PB20.13.12_Comb09Ch38,4268264.775164,4268264.7705078125,1.2996143001474576
PB20.13.12_Comb09Ch39,4377136.235125,4377136.23046875,0.9537968415693171
PB20.13.31_Comb21Ch01,1630935.673602,1630935.6689453125,1.1357324592808016
PB20.13.31_Comb21Ch02,1675720.2195,1675720.21484375,1.29304073466405
PB20.13.31_Comb21Ch03,1730346.684344,1730346.6796875,1.2545484649847214
PB20.13.31_Comb21Ch04,1779785.160907,1779785.15625,1.2279422041460082
PB20.13.31_Comb21Ch05,1819305.424578,1819305.419921875,1.2182526847117678
PB20.13.31_Comb21Ch06,1878814.701922,1878814.697265625,1.4796955954485373
PB20.13.31_Comb21Ch07,1937561.039813,1937561.03515625,1.4454581698734725
PB20.13.31_Comb21Ch08,1990127.568133,1990127.5634765625,1.305631887382437
PB20.13.31_Comb21Ch09,2044143.681414,2044143.6767578125,1.4120278521594396
PB20.13.31_Comb21Ch10,2099914.555438,2099914.55078125,1.0931634467295
PB20.13.31_Comb21Ch11,2158889.775164,2158889.7705078125,1.4136824885605979
PB20.13.31_Comb21Ch12,2217483.525164,2217483.5205078125,1.4478695843533145
PB20.13.31_Comb21Ch13,2291259.770282,2291259.765625,1.4119156376644086
PB20.13.31_Comb21Ch14,2419052.12868,2419052.1240234375,1.253132519802568
PB20.13.31_Comb21Ch15,2476272.587664,2476272.5830078125,1.8207927454019566
PB20.13.31_Comb21Ch16,2537994.389422,2537994.384765625,1.1871530901653873
PB20.13.31_Comb21Ch17,2615737.919696,2615737.9150390625,1.5012813229941124
PB20.13.31_Comb21Ch18,2671356.205828,2671356.201171875,1.5214732857890583
PB20.13.31_Comb21Ch19,2748718.266375,2748718.26171875,1.079836981938812
PB20.13.31_Comb21Ch20,2809448.246844,2809448.2421875,1.2653315882963558
PB20.13.31_Comb21Ch21,2964096.073993,2964096.0693359375,1.8800326416494642
PB20.13.31_Comb21Ch22,3022460.942157,3022460.9375,1.200953064247688
PB20.13.31_Comb21Ch23,3125686.650164,3125686.6455078125,1.2035219834825595
PB20.13.31_Comb21Ch24,3201904.301532,3201904.296875,1.2470287639484563
PB20.13.31_Comb21Ch25,3270721.440203,3270721.435546875,1.2298863046906008
PB20.13.31_Comb21Ch26,3363723.759539,3363723.7548828125,1.521024102414798
PB20.13.31_Comb21Ch27,3431930.546649,3431930.5419921875,1.50733934401185
PB20.13.31_Comb21Ch28,3522720.341571,3522720.3369140625,1.505309187606001
PB20.13.31_Comb21Ch29,3605346.684344,3605346.6796875,1.5498629433717988
PB20.13.31_Comb21Ch30,3783645.634539,3783645.6298828125,1.5539262760010188
PB20.13.31_Comb21Ch31,3882141.117938,3882141.11328125,1.6379503756075648
PB20.13.31_Comb21Ch32,3954620.365985,3954620.361328125,1.1397060784155393
PB20.13.31_Comb21Ch33,4067153.935321,4067153.9306640625,1.1879383645698192
PB20.13.31_Comb21Ch34,4153594.97536,4153594.970703125,1.1009240056592855
PB20.13.31_Comb21Ch35,4249649.052508,4249649.0478515625,1.8333480341367316
PB20.13.31_Comb21Ch36,4329452.519305,NaN,NaN
PB20.13.31_Comb21Ch37,4363327.031024,NaN,NaN
PB20.13.12_Comb01Ch01,1744155.888446,1744155.8837890625,1.3399175337828064
PB20.13.12_Comb01Ch02,1785278.324969,1785278.3203125,1.785742211987718
PB20.13.12_Comb01Ch03,1846923.832782,1846923.828125,1.3950979005298865
PB20.13.12_Comb01Ch04,1896972.660907,1896972.65625,1.422869611317413
PB20.13.12_Comb01Ch05,1960906.987078,1960906.982421875,1.7225757858264237
PB20.13.12_Comb01Ch06,2013626.103289,2013626.0986328125,1.77490172288683
PB20.13.12_Comb01Ch07,2072601.323016,2072601.318359375,1.7778569703752118
PB20.13.12_Comb01Ch08,2127151.493914,2127151.4892578125,1.6648447504013897
PB20.13.12_Comb01Ch09,2178115.849383,2178115.8447265625,1.072324206122474
PB20.13.12_Comb01Ch10,2247314.457782,2247314.453125,1.829028388061829
PB20.13.12_Comb01Ch11,2379684.452899,2379684.4482421875,1.9365318492404886
PB20.13.12_Comb01Ch12,2428283.696063,2428283.69140625,1.668900850073027
PB20.13.12_Comb01Ch13,2498397.831805,2498397.8271484375,1.5542655149536735
PB20.13.12_Comb01Ch14,2697982.792743,2697982.7880859375,1.7536804209083943
PB20.13.12_Comb01Ch15,2856140.141375,2856140.13671875,1.043220296505672
PB20.13.12_Comb01Ch16,2923812.870868,2923812.8662109375,1.524473395570768
PB20.13.12_Comb01Ch17,3149719.242938,3149719.23828125,1.4714615785598706
PB20.13.12_Comb01Ch18,3241729.740985,3241729.736328125,1.4839859164913032
PB20.13.12_Comb01Ch19,3295593.266375,3295593.26171875,1.406332129586823
PB20.13.12_Comb01Ch20,3377838.139422,3377838.134765625,1.350188370324393
PB20.13.12_Comb01Ch21,3468017.582782,3468017.578125,1.3061588902775514
PB20.13.12_Comb01Ch22,3574829.106219,3574829.1015625,1.9481071741800926
PB20.13.12_Comb01Ch23,3648986.821063,3648986.81640625,1.8758076209582304
PB20.13.12_Comb01Ch24,3714599.614032,3714599.609375,1.406305550825855
PB20.13.12_Comb01Ch25,3822708.134539,3822708.1298828125,1.874435242922052
PB20.13.12_Comb01Ch26,3929367.070086,3929367.0654296875,1.6791327975685624
PB20.13.12_Comb01Ch27,4009323.124774,4009323.1201171875,1.7670552044025463
PB20.13.12_Comb01Ch28,4117431.645282,4117431.640625,1.4577018927220518
PB20.13.12_Comb01Ch29,4190826.420672,4190826.416015625,1.290773912819975
PB20.13.12_Comb01Ch30,4297332.768328,4297332.763671875,1.3035126866681557
PB20.13.12_Comb01Ch31,4387283.329852,4387283.3251953125,1.5531228863392206
PB20.13.12_Comb01Ch32,4519195.561297,4519195.556640625,1.9682965041264597
PB20.13.13_Comb02Ch01,1640930.180438,1640930.17578125,1.2072023800918759
PB20.13.13_Comb02Ch02,1683349.614032,1683349.609375,1.3371477279971276
PB20.13.13_Comb02Ch03,1730728.154071,1730728.1494140625,1.2823141510655816
PB20.13.13_Comb02Ch04,1787414.555438,1787414.55078125,1.2619279841901287
PB20.13.13_Comb02Ch05,1830291.752703,1830291.748046875,1.3318077842681135
PB20.13.13_Comb02Ch06,1891326.908953,1891326.904296875,1.4874321623809483
PB20.13.13_Comb02Ch07,1945190.434344,1945190.4296875,1.5763177351598592
PB20.13.13_Comb02Ch08,1999740.605243,1999740.6005859375,1.455855221952747
PB20.13.13_Comb02Ch09,2112426.762469,2112426.7578125,1.0336257089784575
PB20.13.13_Comb02Ch10,2169418.339618,NaN,NaN
PB20.13.13_Comb02Ch11,2228012.089618,2228012.0849609375,1.6277724425210505
PB20.13.13_Comb02Ch12,2300338.749774,2300338.7451171875,1.5308692229103118
PB20.13.13_Comb02Ch13,2351150.517352,2351150.5126953125,1.5073307309582793
PB20.13.13_Comb02Ch14,2423019.413836,2423019.4091796875,1.3375551038544091
PB20.13.13_Comb02Ch15,2489242.558368,2489242.5537109375,1.5031041757481696
PB20.13.13_Comb02Ch16,2550582.890399,2550582.8857421875,1.3811179167058822
PB20.13.13_Comb02Ch17,2619934.086688,2619934.08203125,1.5023337448131886
PB20.13.13_Comb02Ch18,2702255.25368,2702255.2490234375,1.4968415953192302
PB20.13.13_Comb02Ch19,2762527.470477,2762527.4658203125,1.085229151170466
PB20.13.13_Comb02Ch20,2832183.842547,2832183.837890625,1.3094921576846743
PB20.13.13_Comb02Ch21,2920150.761493,2920150.7568359375,1.5741117207840054
PB20.13.13_Comb02Ch22,2983856.205828,2983856.201171875,1.4731048677079353
PB20.13.13_Comb02Ch23,3040161.137469,3040161.1328125,1.4354507665538387
PB20.13.13_Comb02Ch24,3133926.396258,3133926.3916015625,1.3575429054241392
PB20.13.13_Comb02Ch25,3295669.560321,3295669.5556640625,1.258775478008037
PB20.13.13_Comb02Ch26,3372268.681414,3372268.6767578125,1.315952921487301
PB20.13.13_Comb02Ch27,3446273.808368,3446273.8037109375,1.6292892921061937
PB20.13.13_Comb02Ch28,3534393.315203,3534393.310546875,1.5818537469605283
PB20.13.13_Comb02Ch29,3629760.746844,3629760.7421875,1.1571888183387244
PB20.13.13_Comb02Ch30,3730468.754657,3730468.75,1.703710345819328
PB20.13.13_Comb02Ch31,3810424.809344,3810424.8046875,1.485762755207581
PB20.13.13_Comb02Ch32,3893203.740008,3893203.7353515625,1.456683732391287
PB20.13.13_Comb02Ch33,3973617.558368,3973617.5537109375,1.284300877144046
PB20.13.13_Comb02Ch34,4081573.490985,4081573.486328125,1.1604661854570384
PB20.13.13_Comb02Ch35,4186630.25368,4186630.2490234375,1.1807573698881408
PB20.13.13_Comb02Ch36,4266967.778094,4266967.7734375,1.11412497644182
PB20.13.13_Comb02Ch37,4346694.950946,4346694.9462890625,1.555763739534891
PB20.13.13_Comb02Ch38,4379348.759539,4379348.7548828125,1.503241775417115
PB20.13.12_Comb25Ch01,1591720.585711,1591720.5810546875,1.61407585924277
PB20.13.12_Comb25Ch02,1641769.413836,1641769.4091796875,1.3707164231005067
PB20.13.12_Comb25Ch03,1688385.014422,1688385.009765625,1.7552033556303688
PB20.13.12_Comb25Ch04,1736068.730243,1736068.7255859375,1.3271711668299075
PB20.13.12_Comb25Ch05,1789245.610125,1789245.60546875,1.5443755118801077
PB20.13.12_Comb25Ch06,1840209.965594,1840209.9609375,1.4607641024655567
PB20.13.12_Comb25Ch07,1888504.032977,1888504.0283203125,1.4574287916003137
PB20.13.12_Comb25Ch08,2006683.354266,2006683.349609375,2.126231851248111
PB20.13.12_Comb25Ch09,2065811.161883,2065811.1572265625,1.0227583091749606
PB20.13.12_Comb25Ch10,2120895.390399,2120895.3857421875,1.736396541528636
PB20.13.12_Comb25Ch11,2174453.740008,2174453.7353515625,1.4351007038485029
PB20.13.12_Comb25Ch12,2290725.712664,2290725.7080078125,1.2806231260567116
PB20.13.12_Comb25Ch13,2362594.609149,2362594.6044921875,1.5326230511636134
PB20.13.12_Comb25Ch14,2416229.252703,2416229.248046875,1.4562873405407135
PB20.13.12_Comb25Ch15,2493438.72536,2493438.720703125,1.3469569335080553
PB20.13.12_Comb25Ch16,2538757.328875,2538757.32421875,1.3620345105847955
PB20.13.12_Comb25Ch17,2692565.922625,2692565.91796875,1.0046498670403456
PB20.13.12_Comb25Ch18,2766876.22536,2766876.220703125,1.692356070224627
PB20.13.12_Comb25Ch19,2815551.762469,2815551.7578125,2.0675715987429566
PB20.13.12_Comb25Ch20,2889099.12575,2889099.12109375,1.4123350891923188
PB20.13.12_Comb25Ch21,2983856.205828,2983856.201171875,1.4152327662634148
PB20.13.12_Comb25Ch22,3053970.341571,3053970.3369140625,1.4871499039636757
PB20.13.12_Comb25Ch23,3124771.122821,3124771.1181640625,1.3205834439403739
PB20.13.12_Comb25Ch24,3213195.805438,3213195.80078125,1.6515257865203197
PB20.13.12_Comb25Ch25,3295364.384539,3295364.3798828125,1.3660553779018474
PB20.13.12_Comb25Ch26,3347702.031024,3347702.0263671875,1.8078016460328903
PB20.13.12_Comb25Ch27,3416824.345477,3416824.3408203125,1.3440062764829488
PB20.13.12_Comb25Ch28,3537826.542743,3537826.5380859375,1.625499494984874
PB20.13.12_Comb25Ch29,3676452.641375,3676452.63671875,1.2960653198758902
PB20.13.12_Comb25Ch30,3760757.450946,3760757.4462890625,1.2437924770603588
PB20.13.12_Comb25Ch31,3880920.414813,3880920.41015625,1.3221036747443775
PB20.13.12_Comb25Ch32,3964920.048602,3964920.0439453125,1.191483704344478
PB20.13.12_Comb25Ch33,4079742.436297,4079742.431640625,1.3289851966123891
PB20.13.12_Comb25Ch34,4170532.231219,4170532.2265625,1.2322966065214593
PB20.13.12_Comb25Ch35,4212951.664813,4212951.66015625,1.4290642751771567
PB20.13.12_Comb25Ch36,4304275.517352,4304275.5126953125,1.1259760901369635
PB20.13.15_Comb07Ch01,1643524.174578,1643524.169921875,1.503070289772104
PB20.13.15_Comb07Ch02,1686248.783953,1686248.779296875,1.5604327531676698
PB20.13.15_Comb07Ch03,1893386.845477,1893386.8408203125,1.695112290706238
PB20.13.15_Comb07Ch04,1950454.716571,1950454.7119140625,1.6819258202725202
PB20.13.15_Comb07Ch05,2056961.064227,2056961.0595703125,1.7393706299965321
PB20.13.15_Comb07Ch06,2171249.394305,2171249.3896484375,1.6700116601774329
PB20.13.15_Comb07Ch07,2233657.841571,2233657.8369140625,1.7212945315720523
PB20.13.15_Comb07Ch08,2487945.561297,2487945.556640625,1.71555455353046
PB20.13.15_Comb07Ch09,2558364.872821,2558364.8681640625,1.5028305230880774
PB20.13.15_Comb07Ch10,2689361.576922,2689361.572265625,1.7641682652766664
PB20.13.15_Comb07Ch11,2830963.139422,2830963.134765625,1.4772329105915154
PB20.13.15_Comb07Ch12,2903289.799578,2903289.794921875,1.819822900197202
PB20.13.15_Comb07Ch13,2981109.623797,2981109.619140625,1.6937793226632043
PB20.13.15_Comb07Ch14,3046875.004657,3046875.0,1.53776234153554
PB20.13.15_Comb07Ch15,3288040.165789,3288040.1611328125,1.5054710779566498
PB20.13.15_Comb07Ch16,3375320.439227,3375320.4345703125,1.5359865492713107
PB20.13.15_Comb07Ch17,3623504.643328,3623504.638671875,1.473731364765615
PB20.13.15_Comb07Ch18,3716354.374774,3716354.3701171875,1.8274734405515514
PB20.13.15_Comb07Ch19,3808593.754657,3808593.75,1.6666099553238714
PB20.13.15_Comb07Ch20,3898696.904071,3898696.8994140625,1.5441014719369677
PB20.13.15_Comb07Ch21,4179840.092547,4179840.087890625,1.5071419971195654
PB20.13.15_Comb07Ch22,4268875.126727,4268875.1220703125,1.4615171577446153
PB20.13.13_Comb23Ch01,1703109.745868,1703109.7412109375,1.278915408111087
PB20.13.13_Comb23Ch02,1752395.634539,1752395.6298828125,1.314372374403391
PB20.13.13_Comb23Ch03,1788177.494891,1788177.490234375,1.3110410890649082
PB20.13.13_Comb23Ch04,1847381.596453,1847381.591796875,1.2514336540809226
PB20.13.13_Comb23Ch05,1901626.591571,1901626.5869140625,1.2751197133187415
PB20.13.13_Comb23Ch06,1962585.453875,1962585.44921875,1.5619186790990212
PB20.13.13_Comb23Ch07,2015380.864032,2015380.859375,1.53508101569803
PB20.13.13_Comb23Ch08,2071838.383563,2071838.37890625,1.6840401386487054
PB20.13.13_Comb23Ch09,2175521.855243,2175521.8505859375,1.0443624833894918
PB20.13.13_Comb23Ch10,2240371.708758,2240371.7041015625,1.5957085549702976
PB20.13.13_Comb23Ch11,2313995.365985,2313995.361328125,1.5793624646325637
PB20.13.13_Comb23Ch12,2391586.308368,2391586.3037109375,1.7122949472743143
PB20.13.13_Comb23Ch13,2433547.978289,2433547.9736328125,1.491929691329755
PB20.13.13_Comb23Ch14,2508392.338641,2508392.333984375,1.3467604977276861
PB20.13.13_Comb23Ch15,2565612.797625,2565612.79296875,1.5429105136792827
PB20.13.13_Comb23Ch16,2662963.871844,2662963.8671875,1.3713630041157485
PB20.13.13_Comb23Ch17,2709198.002703,2709197.998046875,1.7940225392421614
PB20.13.13_Comb23Ch18,2761535.649188,2761535.64453125,1.729342475088961
PB20.13.13_Comb23Ch19,2852783.207782,2852783.203125,1.1080486605712523
PB20.13.13_Comb23Ch20,2935485.8445,2935485.83984375,1.3776209427371826
PB20.13.13_Comb23Ch21,2979812.626727,2979812.6220703125,1.8228829291583573
PB20.13.13_Comb23Ch22,3074569.706805,3074569.7021484375,1.589097363744829
PB20.13.13_Comb23Ch23,3162689.213641,3162689.208984375,1.417167080888637
PB20.13.13_Comb23Ch24,3259048.466571,3259048.4619140625,1.3409164007694439
PB20.13.13_Comb23Ch25,3382110.60036,3382110.595703125,1.281116110169224
PB20.13.13_Comb23Ch26,3474197.392352,3474197.3876953125,1.3097408829260402
PB20.13.13_Comb23Ch27,3586120.610125,3586120.60546875,2.1711975963435037
PB20.13.13_Comb23Ch28,3648757.939227,3648757.9345703125,1.7932376820606506
PB20.13.13_Comb23Ch29,3719177.25075,3719177.24609375,1.2337522107208956
PB20.13.13_Comb23Ch30,3817672.734149,3817672.7294921875,1.81861554521178
PB20.13.13_Comb23Ch31,3939666.752703,3939666.748046875,1.7074091199672992
PB20.13.13_Comb23Ch32,4016876.22536,4016876.220703125,1.572196198477149
PB20.13.13_Comb23Ch33,4129028.324969,4129028.3203125,1.3696854086449726
PB20.13.13_Comb23Ch34,4195327.763446,4195327.7587890625,1.25961971893343
PB20.13.13_Comb23Ch35,4314575.199969,4314575.1953125,1.2791517628611533
PB20.13.13_Comb23Ch36,4399642.948993,4399642.9443359375,1.2580589843384034
PB20.13.13_Comb23Ch37,4508209.233172,4508209.228515625,2.039614811293447
PB20.13.13_Comb23Ch38,4524841.31325,4524841.30859375,1.583682227608613
PB20.13.13_Comb30Ch01,1653747.56325,1653747.55859375,1.3420453445332268
PB20.13.13_Comb30Ch02,1694488.530047,1694488.525390625,1.3036248881382226
PB20.13.13_Comb30Ch03,1736068.730243,1736068.7255859375,1.3158637943951503
PB20.13.13_Comb30Ch04,1797943.119891,1797943.115234375,1.4837658007176946
PB20.13.13_Comb30Ch05,1843566.899188,1843566.89453125,1.4052361549327204
PB20.13.13_Comb30Ch06,1906127.934344,1906127.9296875,1.6524799589398673
PB20.13.13_Comb30Ch07,1957626.34743,1957626.3427734375,1.5312489745481457
PB20.13.13_Comb30Ch08,2017822.270282,2017822.265625,1.6603692840501674
PB20.13.13_Comb30Ch09,2119293.217547,2119293.212890625,1.3649067831733428
PB20.13.13_Comb30Ch10,2247314.457782,2247314.453125,1.6096273949031046
PB20.13.13_Comb30Ch11,2317581.181414,2317581.1767578125,1.4782517829557804
PB20.13.13_Comb30Ch12,2364273.075946,2364273.0712890625,1.6739332595165588
PB20.13.13_Comb30Ch13,2437210.087664,2437210.0830078125,1.3881715326654676
PB20.13.13_Comb30Ch14,2488403.324969,2488403.3203125,1.7047453371732042
PB20.13.13_Comb30Ch15,2574310.307391,2574310.302734375,1.3116360688852216
PB20.13.13_Comb30Ch16,2626495.365985,2626495.361328125,1.6445348389028183
PB20.13.13_Comb30Ch17,2782058.720477,2782058.7158203125,1.6307530336495333
PB20.13.13_Comb30Ch18,2848892.216571,2848892.2119140625,1.3902684979200337
PB20.13.13_Comb30Ch19,2993087.773211,2993087.7685546875,1.615786539892225
PB20.13.13_Comb30Ch20,3063583.37868,3063583.3740234375,1.3443184153062913
PB20.13.13_Comb30Ch21,3375320.439227,NaN,NaN
PB20.13.13_Comb30Ch22,3484191.899188,3484191.89453125,1.7069102606073083
PB20.13.13_Comb30Ch23,3558731.083758,3558731.0791015625,1.8812302113261692
PB20.13.13_Comb30Ch24,3628082.280047,3628082.275390625,1.2857778769063075
PB20.13.13_Comb30Ch25,3823776.249774,3823776.2451171875,1.6385286779532047
PB20.13.13_Comb30Ch26,3897323.613055,3897323.6083984375,1.5822404586431633
PB20.13.13_Comb30Ch27,4014053.349383,4014053.3447265625,1.391804539663042
PB20.13.13_Comb30Ch28,4195556.645282,4195556.640625,1.2917059019829236
PB20.13.13_Comb30Ch29,4279251.103289,4279251.0986328125,1.1649956814624667
PB20.13.13_Comb30Ch30,4385986.332782,4385986.328125,1.9820188018961789
PB20.13.13_Comb30Ch31,4413299.565203,4413299.560546875,1.7923990547074573
PB20.13.13_Comb29Ch01,1685791.020282,1685791.015625,1.3278129639293454
PB20.13.13_Comb29Ch02,1733016.97243,1733016.9677734375,1.3781273023777891
PB20.13.13_Comb29Ch03,1777954.106219,1777954.1015625,1.3171400657617622
PB20.13.13_Comb29Ch04,1836090.092547,1836090.087890625,1.3984463423233744
PB20.13.13_Comb29Ch05,1886978.154071,1886978.1494140625,1.3433685998387932
PB20.13.13_Comb29Ch06,1995010.380633,1995010.3759765625,1.5785399384832866
PB20.13.13_Comb29Ch07,2057037.358172,2057037.353515625,1.526579319953678
PB20.13.13_Comb29Ch08,2178955.082782,2178955.078125,1.020364042106575
PB20.13.13_Comb29Ch09,2231140.141375,2231140.13671875,1.488747585775095
PB20.13.13_Comb29Ch10,2296905.522235,2296905.517578125,1.7131303739529182
PB20.13.13_Comb29Ch11,2358856.205828,2358856.201171875,1.5459338452894134
PB20.13.13_Comb29Ch12,2426528.935321,2426528.9306640625,1.5211565591450003
PB20.13.13_Comb29Ch13,2480392.460711,2480392.4560546875,1.3683318545862682
PB20.13.13_Comb29Ch14,2562026.982196,2562026.9775390625,1.5194899223582856
PB20.13.13_Comb29Ch15,2625198.368914,2625198.3642578125,1.3642926507323951
PB20.13.13_Comb29Ch16,2689361.576922,2689361.572265625,1.5665889297850204
PB20.13.13_Comb29Ch17,2776870.732196,2776870.7275390625,1.5582858935053232
PB20.13.13_Comb29Ch18,2843399.052508,2843399.0478515625,1.1754036866144546
PB20.13.13_Comb29Ch19,2904357.914813,2904357.91015625,1.2807212623490136
PB20.13.13_Comb29Ch20,2987747.197039,2987747.1923828125,1.5053635029848076
PB20.13.13_Comb29Ch21,3059768.681414,3059768.6767578125,1.5010244781294888
PB20.13.13_Comb29Ch22,3126144.413836,3126144.4091796875,1.3446248112871941
PB20.13.13_Comb29Ch23,3215789.799578,3215789.794921875,1.4122494832454777
PB20.13.13_Comb29Ch24,3378372.197039,3378372.1923828125,1.1962389437755305
PB20.13.13_Comb29Ch25,3464965.824969,3464965.8203125,1.2607399537551864
PB20.13.13_Comb29Ch26,3548812.870868,3548812.8662109375,1.5938141503299843
PB20.13.13_Comb29Ch27,3610305.790789,3610305.7861328125,1.63306785718399
PB20.13.13_Comb29Ch28,3726959.233172,3726959.228515625,1.1308732653979963
PB20.13.13_Comb29Ch29,3818130.497821,3818130.4931640625,1.588154049723954
PB20.13.13_Comb29Ch30,3915710.453875,3915710.44921875,1.4708336193516138
PB20.13.13_Comb29Ch31,3995742.802508,3995742.7978515625,1.4728636964663224
PB20.13.13_Comb29Ch32,4086151.127703,4086151.123046875,1.3368934613164523
PB20.13.13_Comb29Ch33,4175872.807391,4175872.802734375,1.3035384349182662
PB20.13.13_Comb29Ch34,4288177.494891,4288177.490234375,1.094542006097907
PB20.13.13_Comb29Ch35,4369125.370868,4369125.3662109375,1.179375785898799
PB20.13.13_Comb29Ch36,4481124.882586,4481124.8779296875,1.6409637055102329
PB20.13.13_Comb29Ch37,4475097.660907,4475097.65625,1.6844065929536307
PB20.13.13_Comb26Ch01,1636657.7195,1636657.71484375,1.291929727074742
PB20.13.13_Comb26Ch02,1689529.423602,1689529.4189453125,1.2991301851990544
PB20.13.13_Comb26Ch03,1735916.142352,1735916.1376953125,1.3544634706018184
PB20.13.13_Comb26Ch04,1789398.198016,1789398.193359375,1.2824592431671162
PB20.13.13_Comb26Ch05,1829681.401141,1829681.396484375,1.3826353791492674
PB20.13.13_Comb26Ch06,1887969.97536,1887969.970703125,1.61925388654057
PB20.13.13_Comb26Ch07,1956405.644305,1956405.6396484375,1.5719180666540153
PB20.13.13_Comb26Ch08,2001113.896258,2001113.8916015625,1.633533517644587
PB20.13.13_Comb26Ch09,2103576.664813,2103576.66015625,1.0780520877652484
PB20.13.13_Comb26Ch10,2162475.590594,2162475.5859375,1.6146489459319333
PB20.13.13_Comb26Ch11,2225875.859149,2225875.8544921875,1.5472057653366447
PB20.13.13_Comb26Ch12,2312545.781024,2312545.7763671875,1.6853385984628462
PB20.13.13_Comb26Ch13,2344589.238055,2344589.2333984375,1.5919902273055226
PB20.13.13_Comb26Ch14,2436981.205828,2436981.201171875,1.419795927511496
PB20.13.13_Comb26Ch15,2486572.270282,2486572.265625,1.6097115895310752
PB20.13.13_Comb26Ch16,2557067.87575,2557067.87109375,1.4136301546387384
PB20.13.13_Comb26Ch17,2629241.948016,2629241.943359375,1.6522751834435523
PB20.13.13_Comb26Ch18,2679595.951922,2679595.947265625,1.585622820095514
PB20.13.13_Comb26Ch19,2758941.655047,2758941.650390625,1.1599384616722006
PB20.13.13_Comb26Ch20,2821044.926532,2821044.921875,1.5128110315123244
PB20.13.13_Comb26Ch21,2893981.93825,2893981.93359375,1.5915378667270905
PB20.13.13_Comb26Ch22,2983322.148211,2983322.1435546875,1.6645630997063094
PB20.13.13_Comb26Ch23,3041458.134539,3041458.1298828125,1.4759733131198502
PB20.13.13_Comb26Ch24,3153762.822039,3153762.8173828125,1.449773295521758
PB20.13.13_Comb26Ch25,3286209.111102,3286209.1064453125,1.3337508374785152
PB20.13.13_Comb26Ch26,3373870.854266,3373870.849609375,1.3200098198990502
PB20.13.13_Comb26Ch27,3457260.136493,3457260.1318359375,1.8997371648611043
PB20.13.13_Comb26Ch28,3550033.573993,3550033.5693359375,1.7486768742755727
PB20.13.13_Comb26Ch29,3701553.349383,3701553.3447265625,1.6847705716187267
PB20.13.13_Comb26Ch30,3804931.645282,3804931.640625,1.7322862738968186
PB20.13.13_Comb26Ch31,3903427.12868,3903427.1240234375,1.634097320284819
PB20.13.13_Comb26Ch32,3987426.762469,3987426.7578125,1.6170347235329308
PB20.13.13_Comb26Ch33,4085922.245868,4085922.2412109375,1.3005909454466895
PB20.13.13_Comb26Ch34,4173278.81325,4173278.80859375,1.1889671062753555
PB20.13.13_Comb26Ch35,4279174.809344,4279174.8046875,1.2925217958429682
PB20.13.13_Comb26Ch36,4349823.002703,4349822.998046875,2.080189422821932
PB20.13.13_Comb26Ch37,4394836.430438,4394836.42578125,1.7903889896986276
PB20.13.12_Comb28Ch01,1590728.764422,1590728.759765625,1.8768060729173788
PB20.13.12_Comb28Ch02,1635818.486102,1635818.4814453125,1.6385441505189542
PB20.13.12_Comb28Ch03,1740570.073016,1740570.068359375,1.3273226482368117
PB20.13.12_Comb28Ch04,1795730.595477,1795730.5908203125,1.8889836763499939
PB20.13.12_Comb28Ch05,1836471.562274,1836471.5576171875,1.470813587315725
PB20.13.12_Comb28Ch06,1882934.574969,1882934.5703125,1.4666890883791743
PB20.13.12_Comb28Ch07,1947937.016375,1947937.01171875,1.5310941861987393
PB20.13.12_Comb28Ch08,2070541.386493,2070541.3818359375,1.0620754015747462
PB20.13.12_Comb28Ch09,2116775.517352,2116775.5126953125,2.091807743978073
PB20.13.12_Comb28Ch10,2172088.627703,2172088.623046875,1.684759204470131
PB20.13.12_Comb28Ch11,2227249.150164,2227249.1455078125,1.5594911402765788
PB20.13.12_Comb28Ch12,2293777.470477,2293777.4658203125,1.3700466024639397
PB20.13.12_Comb28Ch13,2405242.924578,2405242.919921875,1.4619992635662218
PB20.13.12_Comb28Ch14,2486114.50661,2486114.501953125,1.491607081317048
PB20.13.12_Comb28Ch15,2539367.680438,2539367.67578125,1.5239015301104266
PB20.13.12_Comb28Ch16,2598648.075946,2598648.0712890625,1.534809451910145
PB20.13.12_Comb28Ch17,2699661.259539,2699661.2548828125,1.0767917194124494
PB20.13.12_Comb28Ch18,2758331.303485,2758331.298828125,2.0781493742919013
PB20.13.12_Comb28Ch19,2803955.082782,2803955.078125,1.6861472425887047
PB20.13.12_Comb28Ch20,2876510.624774,2876510.6201171875,1.5994431348703526
PB20.13.12_Comb28Ch21,2984085.087664,2984085.0830078125,1.630257006278084
PB20.13.12_Comb28Ch22,3129730.229266,3129730.224609375,1.3536288273912211
PB20.13.12_Comb28Ch23,3207092.289813,3207092.28515625,2.0058011661028523
PB20.13.12_Comb28Ch24,3283233.647235,3283233.642578125,1.6966718863364125
PB20.13.12_Comb28Ch25,3343048.10036,3343048.095703125,1.5220672722569233
PB20.13.12_Comb28Ch26,3420410.160907,3420410.15625,1.6016408216283258
PB20.13.12_Comb28Ch27,3535232.548602,3535232.5439453125,1.8782323428436458
PB20.13.12_Comb28Ch28,3583755.497821,3583755.4931640625,1.714320190676589
PB20.13.12_Comb28Ch29,3667907.7195,3667907.71484375,1.5460401937686858
PB20.13.12_Comb28Ch30,3741531.376727,3741531.3720703125,1.4495731345285752
PB20.13.12_Comb28Ch31,3891372.685321,3891372.6806640625,1.6761028382711725
PB20.13.12_Comb28Ch32,3976058.964618,3976058.9599609375,1.3516474935500036
PB20.13.12_Comb28Ch33,4072189.335711,4072189.3310546875,1.839881878639194
PB20.13.12_Comb28Ch34,4159851.078875,4159851.07421875,1.6355559323770605
PB20.13.12_Comb28Ch35,4316558.842547,4316558.837890625,1.458322533476882
PB20.13.13_Comb12Ch01,1649856.572039,1649856.5673828125,1.4668434573215074
PB20.13.13_Comb12Ch02,1685867.314227,1685867.3095703125,1.386894133416654
PB20.13.13_Comb12Ch03,1732254.032977,1732254.0283203125,1.2539961928744598
PB20.13.13_Comb12Ch04,1781692.509539,1781692.5048828125,1.321138338651393
PB20.13.13_Comb12Ch05,1834945.683368,1834945.6787109375,1.5005132449991885
PB20.13.13_Comb12Ch06,1902847.294696,1902847.2900390625,1.9218046772937583
PB20.13.13_Comb12Ch07,1944427.494891,1944427.490234375,1.5111387228713102
PB20.13.13_Comb12Ch08,2002716.06911,2002716.064453125,1.5820668618035754
PB20.13.13_Comb12Ch09,2106094.365008,2106094.3603515625,1.0587650946777616
PB20.13.13_Comb12Ch10,2181854.252703,2181854.248046875,1.6159705093437824
PB20.13.13_Comb12Ch11,2244415.28786,2244415.283203125,1.8342767515214988
PB20.13.13_Comb12Ch12,2298736.576922,2298736.572265625,1.6469023626456902
PB20.13.13_Comb12Ch13,2355957.035907,2355957.03125,1.6082384465268502
PB20.13.13_Comb12Ch14,2420730.595477,2420730.5908203125,1.3700870827627418
PB20.13.13_Comb12Ch15,2486419.682391,2486419.677734375,1.5775106871004467
PB20.13.13_Comb12Ch16,2564620.976336,2564620.9716796875,1.8525090374402506
PB20.13.13_Comb12Ch17,2613296.513446,2613296.5087890625,1.5752907739721593
PB20.13.13_Comb12Ch18,2690048.22243,2690048.2177734375,1.6366999033243872
PB20.13.13_Comb12Ch19,2757110.60036,2757110.595703125,1.1278213933054355
PB20.13.13_Comb12Ch20,2842483.525164,2842483.5205078125,1.9070971269185235
PB20.13.13_Comb12Ch21,2911529.545672,2911529.541015625,1.8412407796652772
PB20.13.13_Comb12Ch22,2984924.321063,2984924.31640625,1.6449228651025964
PB20.13.13_Comb12Ch23,3058853.154071,3058853.1494140625,2.0345268741731126
PB20.13.13_Comb12Ch24,3130874.638446,3130874.6337890625,1.3565715064931263
PB20.13.13_Comb12Ch25,3292770.390399,3292770.3857421875,1.5083768409110478
PB20.13.13_Comb12Ch26,3371658.329852,3371658.3251953125,1.37725925998273
PB20.13.13_Comb12Ch27,3465499.882586,3465499.8779296875,2.1754909007463494
PB20.13.13_Comb12Ch28,3526916.508563,3526916.50390625,1.5673044620593604
PB20.13.13_Comb12Ch29,3629074.101336,3629074.0966796875,1.3082674558257033
PB20.13.13_Comb12Ch30,3722457.890399,3722457.8857421875,2.24773757616554
PB20.13.13_Comb12Ch31,3815002.446063,3815002.44140625,2.276882660090011
PB20.13.13_Comb12Ch32,3886184.697039,3886184.6923828125,1.486544122887495
PB20.13.13_Comb12Ch33,3981018.071063,3981018.06640625,1.3810015231170674
PB20.13.13_Comb12Ch34,4066085.820086,4066085.8154296875,1.2327941703168612
PB20.13.13_Comb12Ch35,4185791.020282,4185791.015625,1.9126662386502458
PB20.13.13_Comb12Ch36,4264984.135516,NaN,NaN
PB20.13.13_Comb12Ch37,4370727.543719,4370727.5390625,1.6673964631461364
PB20.13.13_Comb12Ch38,4377899.174578,4377899.169921875,1.5461556864794552
PB20.13.13_Comb22Ch01,1639099.12575,1639099.12109375,1.251358035956781
PB20.13.13_Comb22Ch02,1684570.317157,1684570.3125,1.3932388778321811
PB20.13.13_Comb22Ch03,1736679.081805,1736679.0771484375,1.3315343831384734
PB20.13.13_Comb22Ch04,1889877.323993,1889877.3193359375,1.4633032362776879
PB20.13.13_Comb22Ch05,1947937.016375,1947937.01171875,1.5334200895049956
PB20.13.13_Comb22Ch06,2167663.578875,2167663.57421875,1.450756292410122
PB20.13.13_Comb22Ch07,2302322.392352,2302322.3876953125,1.4744796920507912
PB20.13.13_Comb22Ch08,2479782.109149,2479782.1044921875,1.4790119656248188
PB20.13.13_Comb22Ch09,2552108.769305,2552108.7646484375,1.323406699486784
PB20.13.13_Comb22Ch10,2686538.700946,2686538.6962890625,1.4615002406178539
PB20.13.13_Comb22Ch11,2827835.087664,2827835.0830078125,1.2442539882964065
PB20.13.13_Comb22Ch12,2903900.151141,2903900.146484375,1.5146379425908327
PB20.13.13_Comb22Ch13,2979507.450946,2979507.4462890625,1.5091401487741622
PB20.13.13_Comb22Ch14,3037796.025164,3037796.0205078125,1.3428300990454491
PB20.13.13_Comb22Ch15,3140869.145282,3140869.140625,1.4280954791107512
PB20.13.13_Comb22Ch16,3447494.511493,3447494.5068359375,1.5066573980449474
PB20.13.13_Comb22Ch17,3621215.824969,3621215.8203125,1.1314025618389516
PB20.13.13_Comb22Ch18,3714752.201922,3714752.197265625,1.5148743004427923
PB20.13.13_Comb22Ch19,3807067.87575,3807067.87109375,1.4636487485071044
PB20.13.13_Comb22Ch20,3895111.088641,3895111.083984375,1.4564810699394868
PB20.13.13_Comb22Ch21,4344482.426532,4344482.421875,1.365324158105083
PB20.13.28_Comb10Ch01,1711502.079852,1711502.0751953125,2.0403131583850422
PB20.13.28_Comb10Ch02,1760635.380633,1760635.3759765625,1.3869412387340037
PB20.13.28_Comb10Ch03,1795959.477313,1795959.47265625,3.7875819159478525
PB20.13.28_Comb10Ch04,1846771.244891,1846771.240234375,1.3319529131074275
PB20.13.28_Comb10Ch05,1905670.170672,1905670.166015625,1.8634757940349924
PB20.13.28_Comb10Ch06,1976013.18825,1976013.18359375,1.8593065181222108
PB20.13.28_Comb10Ch07,2031707.768328,2031707.763671875,1.5476587864687859
PB20.13.28_Comb10Ch08,2080917.363055,2080917.3583984375,1.590585706312546
PB20.13.28_Comb10Ch09,2136688.237078,2136688.232421875,4.342956568205147
PB20.13.28_Comb10Ch10,2177963.261493,2177963.2568359375,1.068375698281983
PB20.13.28_Comb10Ch11,2251739.50661,2251739.501953125,2.3447037500248196
PB20.13.28_Comb10Ch12,2322158.818133,2322158.8134765625,1.7218898334587758
PB20.13.28_Comb10Ch13,2402648.930438,2402648.92578125,3.1115858202050415
PB20.13.28_Comb10Ch14,2432937.626727,2432937.6220703125,1.5963934980649375
PB20.13.28_Comb10Ch15,2518768.315203,2518768.310546875,1.8280149232699638
PB20.13.28_Comb10Ch16,2565078.740008,2565078.7353515625,1.9866398457704717
PB20.13.28_Comb10Ch17,2676391.606219,2676391.6015625,1.2487317946359866
PB20.13.28_Comb10Ch18,2708740.239032,2708740.234375,1.7386364983467952
PB20.13.28_Comb10Ch19,2762298.588641,2762298.583984375,4.443725255403206
PB20.13.28_Comb10Ch20,2857284.550555,2857284.5458984375,1.199563428402133
PB20.13.28_Comb10Ch21,2995147.709735,2995147.705078125,4.98514820050215
PB20.13.28_Comb10Ch22,3176879.887469,3176879.8828125,1.3186594628572201
PB20.13.28_Comb10Ch23,3265914.921649,3265914.9169921875,1.9367254325395893
PB20.13.28_Comb10Ch24,3315277.104266,3315277.099609375,1.4976110750341571
PB20.13.28_Comb10Ch25,3394393.925555,3394393.9208984375,2.3304428859451023
PB20.13.28_Comb10Ch26,3483123.783953,3483123.779296875,1.45968942233505
PB20.13.28_Comb10Ch27,3605804.448016,3605804.443359375,3.844194654612799
PB20.13.28_Comb10Ch28,3671646.122821,3671646.1181640625,1.7616351525042653
PB20.13.28_Comb10Ch29,3727111.821063,3727111.81640625,1.9014315014024303
PB20.13.28_Comb10Ch30,3835296.635516,NaN,NaN
PB20.13.28_Comb10Ch31,4018936.161883,4018936.1572265625,1.8136594479330903
PB20.13.28_Comb10Ch32,4143600.468524,4143600.4638671875,2.00087418303243
PB20.13.28_Comb10Ch33,4205551.152118,4205551.1474609375,1.465679794479577
PB20.13.28_Comb10Ch34,4327163.700946,4327163.6962890625,2.2681751989108263
PB20.13.28_Comb10Ch35,4544296.269305,4544296.2646484375,1.4502469315711664
PB20.13.28_Comb10Ch36,4563140.873797,4563140.869140625,1.5611349641050063
PB20.13.13_Comb28Ch01,1639556.889422,1639556.884765625,1.219775414165391
PB20.13.13_Comb28Ch02,1683044.43825,1683044.43359375,1.28090216709403
PB20.13.13_Comb28Ch03,1728591.923602,1728591.9189453125,1.284993573149061
PB20.13.13_Comb28Ch04,1780548.10036,1780548.095703125,1.2065969403572083
PB20.13.13_Comb28Ch05,1827163.700946,1827163.6962890625,1.2650907924762338
PB20.13.13_Comb28Ch06,1890563.9695,1890563.96484375,1.4674775934611224
PB20.13.13_Comb28Ch07,1943969.731219,1943969.7265625,1.4572054736849804
PB20.13.13_Comb28Ch08,1995010.380633,1995010.3759765625,1.5785861816359654
PB20.13.13_Comb28Ch09,2101898.198016,2101898.193359375,1.011089100902609
PB20.13.13_Comb28Ch10,2166595.463641,2166595.458984375,1.4812084512530272
PB20.13.13_Comb28Ch11,2227859.501727,2227859.4970703125,1.5090299190717678
PB20.13.13_Comb28Ch12,2297592.167743,2297592.1630859375,1.5414001036416485
PB20.13.13_Comb28Ch13,2344589.238055,2344589.2333984375,1.4447583308765592
PB20.13.13_Comb28Ch14,2419891.362078,2419891.357421875,1.2597652320846948
PB20.13.13_Comb28Ch15,2489089.970477,2489089.9658203125,1.4423027976535239
PB20.13.13_Comb28Ch16,2549057.011493,2549057.0068359375,1.2725935739093435
PB20.13.13_Comb28Ch17,2613906.865008,2613906.8603515625,1.6113792735140393
PB20.13.13_Comb28Ch18,2692947.392352,2692947.3876953125,1.5686442160725802
PB20.13.13_Comb28Ch19,2750625.615008,2750625.6103515625,1.0477238362242693
PB20.13.13_Comb28Ch20,2828979.496844,2828979.4921875,1.255113769506491
PB20.13.13_Comb28Ch21,2907943.730243,2907943.7255859375,1.6030810462829774
PB20.13.13_Comb28Ch22,2982559.208758,2982559.2041015625,1.4273964032527215
PB20.13.13_Comb28Ch23,3036117.558368,3036117.5537109375,1.3948550909447346
PB20.13.13_Comb28Ch24,3130340.580828,3130340.576171875,1.2509363130552031
PB20.13.13_Comb28Ch25,3290863.041766,3290863.037109375,1.200592884010207
PB20.13.13_Comb28Ch26,3372955.326922,3372955.322265625,1.2919825139873304
PB20.13.13_Comb28Ch27,3442764.286883,3442764.2822265625,1.6015148471267853
PB20.13.13_Comb28Ch28,3524703.984149,3524703.9794921875,1.6031724028944192
PB20.13.13_Comb28Ch29,3622283.940203,3622283.935546875,1.1618695495919458
PB20.13.13_Comb28Ch30,3718948.368914,3718948.3642578125,1.6504420846948764
PB20.13.13_Comb28Ch31,3808746.342547,3808746.337890625,1.427498235246719
PB20.13.13_Comb28Ch32,3889923.10036,3889923.095703125,1.3895280347198875
PB20.13.13_Comb28Ch33,3967514.042743,3967514.0380859375,1.1776010257976635
PB20.13.13_Comb28Ch34,4063873.295672,4063873.291015625,1.1210313599475625
PB20.13.13_Comb28Ch35,4180145.268328,4180145.263671875,1.092184861699907
PB20.13.13_Comb28Ch36,4268417.363055,4268417.3583984375,1.1129778624112954
PB20.13.13_Comb28Ch37,4346008.305438,4346008.30078125,1.6241044386426753
PB20.13.13_Comb28Ch38,4367980.961688,4367980.95703125,1.649394208685056
PB20.13.15_Comb05Ch01,1639175.419696,1639175.4150390625,10.507075428273854
PB20.13.15_Comb05Ch02,1678466.801532,1678466.796875,6.821493946738794
PB20.13.15_Comb05Ch03,1729049.687274,1729049.6826171875,3.4650691569838727
PB20.13.15_Comb05Ch04,1785507.206805,1785507.2021484375,3.1717103618288345
PB20.13.15_Comb05Ch05,1832199.101336,1832199.0966796875,3.0668204685115956
PB20.13.15_Comb05Ch06,1890792.851336,1890792.8466796875,3.193942518753034
PB20.13.15_Comb05Ch07,1938018.803485,1938018.798828125,3.1575217052503826
PB20.13.15_Comb05Ch08,2002258.305438,NaN,NaN
PB20.13.15_Comb05Ch09,2116775.517352,2116775.5126953125,2.7313560057029838
PB20.13.15_Comb05Ch10,2171630.864032,2171630.859375,3.4816580096764382
PB20.13.15_Comb05Ch11,2231445.317157,2231445.3125,2.7131484325643176
PB20.13.15_Comb05Ch12,2291336.064227,NaN,NaN
PB20.13.15_Comb05Ch13,2357864.384539,NaN,NaN
PB20.13.15_Comb05Ch14,2414703.373797,NaN,NaN
PB20.13.15_Comb05Ch15,2473754.887469,NaN,NaN
PB20.13.15_Comb05Ch16,2550659.184344,NaN,NaN
PB20.13.15_Comb05Ch17,2766571.049578,NaN,NaN
PB20.13.15_Comb05Ch18,2825851.445086,NaN,NaN
PB20.13.15_Comb05Ch19,2967453.007586,NaN,NaN
PB20.13.15_Comb05Ch20,3038864.140399,NaN,NaN
PB20.13.15_Comb05Ch21,3124084.477313,NaN,NaN
PB20.13.15_Comb05Ch22,3198699.955828,NaN,NaN
PB20.13.15_Comb05Ch23,3357009.892352,NaN,NaN
PB20.13.15_Comb05Ch24,3451461.796649,NaN,NaN
PB20.13.15_Comb05Ch25,3614044.19411,NaN,NaN
PB20.13.15_Comb05Ch26,3791046.147235,NaN,NaN
PB20.13.15_Comb05Ch27,3873748.783953,NaN,NaN
PB20.13.15_Comb05Ch28,3972091.679461,NaN,NaN
PB20.13.15_Comb05Ch29,4067382.817157,NaN,NaN
PB20.13.15_Comb05Ch30,4247360.234149,NaN,NaN
PB20.13.15_Comb05Ch31,4358520.512469,NaN,NaN
PB20.13.15_Comb05Ch32,4560317.997821,NaN,NaN
PB20.13.28_Comb07Ch01,1694793.705828,1694793.701171875,1.4339151215619497
PB20.13.28_Comb07Ch02,1753463.749774,1753463.7451171875,1.2875368361933937
PB20.13.28_Comb07Ch03,1782302.861102,1782302.8564453125,2.11214471019601
PB20.13.28_Comb07Ch04,1844787.602313,1844787.59765625,1.2512259167123216
PB20.13.28_Comb07Ch05,1901321.415789,1901321.4111328125,1.4366219740719866
PB20.13.28_Comb07Ch06,1964187.626727,1964187.6220703125,1.6302965058134395
PB20.13.28_Comb07Ch07,2014923.10036,NaN,NaN
PB20.13.28_Comb07Ch08,2070999.150164,2070999.1455078125,1.9187593809948427
PB20.13.28_Comb07Ch09,2122726.445086,2122726.4404296875,1.5661650556325597
PB20.13.28_Comb07Ch10,2186126.713641,2186126.708984375,1.0137119016276173
PB20.13.28_Comb07Ch11,2237396.244891,2237396.240234375,1.732616362189648
PB20.13.28_Comb07Ch12,2309341.435321,2309341.4306640625,1.5086371702730106
PB20.13.28_Comb07Ch13,2387695.317157,2387695.3125,2.3944515185517963
PB20.13.28_Comb07Ch14,2437515.263446,2437515.2587890625,1.5091592090327621
PB20.13.28_Comb07Ch15,2499389.653094,2499389.6484375,1.462223158645692
PB20.13.28_Comb07Ch16,2572479.252703,2572479.248046875,1.5941947432929502
PB20.13.28_Comb07Ch17,2656555.180438,2656555.17578125,1.6826433496142297
PB20.13.28_Comb07Ch18,2697830.204852,2697830.2001953125,1.8956149807203146
PB20.13.28_Comb07Ch19,2859954.838641,2859954.833984375,1.0597602116265992
PB20.13.28_Comb07Ch20,2928009.03786,2928009.033203125,1.665602153905153
PB20.13.28_Comb07Ch21,2999801.640399,2999801.6357421875,1.7008436622575396
PB20.13.28_Comb07Ch22,3085174.565203,3085174.560546875,1.6860341454508265
PB20.13.28_Comb07Ch23,3151245.121844,3151245.1171875,1.841153612306966
PB20.13.28_Comb07Ch24,3250656.132586,3250656.1279296875,1.569067921982169
PB20.13.28_Comb07Ch25,3292694.096453,3292694.091796875,1.3650241645379055
PB20.13.28_Comb07Ch26,3394012.455828,3394012.451171875,1.5540500612121124
PB20.13.28_Comb07Ch27,3474273.686297,3474273.681640625,1.2674416354161118
PB20.13.28_Comb07Ch28,3581542.973407,3581542.96875,3.3390902272375294
PB20.13.28_Comb07Ch29,3634567.265399,3634567.2607421875,2.0836630100747193
PB20.13.28_Comb07Ch30,3730468.754657,3730468.75,1.4515256419855125
PB20.13.28_Comb07Ch31,3839950.56618,3839950.5615234375,1.914338235370925
PB20.13.28_Comb07Ch32,3953170.781024,3953170.7763671875,1.843840064232389
PB20.13.28_Comb07Ch33,4013900.761493,4013900.7568359375,2.0926468663206403
PB20.13.28_Comb07Ch34,4128799.443133,4128799.4384765625,1.6606485825678066
PB20.13.28_Comb07Ch35,4188842.778094,4188842.7734375,1.4208768767755964
PB20.13.28_Comb07Ch36,4322814.946063,4322814.94140625,1.5858585201154454
PB20.13.28_Comb07Ch37,4403686.528094,4403686.5234375,1.3567583242472248
PB20.13.28_Comb07Ch38,4511795.048602,4511795.0439453125,2.2964352503609318
PB20.13.28_Comb03Ch01,1690368.657,1690368.65234375,2.2104374981858035
PB20.13.28_Comb03Ch02,1731643.681414,1731643.6767578125,1.4780455577744605
PB20.13.28_Comb03Ch03,1778869.633563,1778869.62890625,1.424116729230859
PB20.13.28_Comb03Ch04,1839141.85036,1839141.845703125,1.3088757077069462
PB20.13.28_Comb03Ch05,1894683.842547,1894683.837890625,1.9794373014651532
PB20.13.28_Comb03Ch06,1950225.834735,1950225.830078125,1.5629677439039833
PB20.13.28_Comb03Ch07,1994781.498797,1994781.494140625,1.5829506975322276
PB20.13.28_Comb03Ch08,2067413.334735,2067413.330078125,1.6281323764431133
PB20.13.28_Comb03Ch09,2120513.920672,2120513.916015625,1.6915193314229826
PB20.13.28_Comb03Ch10,2190856.93825,2190856.93359375,1.0599869561815554
PB20.13.28_Comb03Ch11,2231521.611102,2231521.6064453125,2.281629567569
PB20.13.28_Comb03Ch12,2298583.989032,2298583.984375,1.7115386037087896
PB20.13.28_Comb03Ch13,2361984.257586,2361984.2529296875,1.6209078987272214
PB20.13.28_Comb03Ch14,2436065.678485,2436065.673828125,1.555757630822008
PB20.13.28_Comb03Ch15,2484970.09743,2484970.0927734375,1.7759811602233586
PB20.13.28_Comb03Ch16,2544708.25661,2544708.251953125,1.6941600246018358
PB20.13.28_Comb03Ch17,2632522.587664,2632522.5830078125,1.3159380222400625
PB20.13.28_Comb03Ch18,2686614.994891,2686614.990234375,1.7471608665506113
PB20.13.28_Comb03Ch19,2758560.185321,2758560.1806640625,1.8165101012577936
PB20.13.28_Comb03Ch20,2851791.386493,2851791.3818359375,1.0567426927533876
PB20.13.28_Comb03Ch21,2912826.542743,2912826.5380859375,2.55684002707977
PB20.13.28_Comb03Ch22,2982406.620868,2982406.6162109375,1.8485011994269844
PB20.13.28_Comb03Ch23,3053970.341571,3053970.3369140625,1.651157416270081
PB20.13.28_Comb03Ch24,3135223.393328,3135223.388671875,1.3144122357231964
PB20.13.28_Comb03Ch25,3216934.208758,3216934.2041015625,1.7156048384105702
PB20.13.28_Comb03Ch26,3286972.050555,3286972.0458984375,1.581859423770338
PB20.13.28_Comb03Ch27,3363723.759539,3363723.7548828125,1.7506628340067771
PB20.13.28_Comb03Ch28,3451004.032977,3451004.0283203125,1.4992812290318336
PB20.13.28_Comb03Ch29,3557434.086688,3557434.08203125,1.7692703757009722
PB20.13.28_Comb03Ch30,3621292.118914,3621292.1142578125,1.7620863595483225
PB20.13.28_Comb03Ch31,3708190.922625,3708190.91796875,2.0599577740168167
PB20.13.28_Comb03Ch32,3812637.333758,3812637.3291015625,1.9264076846798999
PB20.13.28_Comb03Ch33,3897171.025164,3897171.0205078125,1.6440040853824325
PB20.13.28_Comb03Ch34,3978347.782977,3978347.7783203125,1.7616563263814407
PB20.13.28_Comb03Ch35,4093322.758563,4093322.75390625,2.0005043129378945
PB20.13.28_Comb03Ch36,4170913.700946,4170913.6962890625,1.357894722678356
PB20.13.28_Comb03Ch37,4281311.039813,4281311.03515625,1.7696578952261959
PB20.13.28_Comb03Ch38,4359283.451922,4359283.447265625,1.3866336402860941
PB20.13.12_Comb26Ch01,1605758.671649,1605758.6669921875,1.34624939364084
PB20.13.12_Comb26Ch02,1656951.908953,1656951.904296875,1.9724600737643847
PB20.13.12_Comb26Ch03,1694259.648211,1694259.6435546875,1.4741491989267639
PB20.13.12_Comb26Ch04,1751785.282977,1751785.2783203125,2.0335663448197296
PB20.13.12_Comb26Ch05,1810989.384539,1810989.3798828125,1.49027689485526
PB20.13.12_Comb26Ch06,1856307.988055,1856307.9833984375,1.678826554519883
PB20.13.12_Comb26Ch07,1961059.574969,1961059.5703125,1.6172409605518447
PB20.13.12_Comb26Ch08,2015380.864032,NaN,NaN
PB20.13.12_Comb26Ch09,2085723.88161,2085723.876953125,1.0828002602543019
PB20.13.12_Comb26Ch10,2133331.303485,2133331.298828125,1.4076558424500458
PB20.13.12_Comb26Ch11,2194213.871844,2194213.8671875,2.069287144841645
PB20.13.12_Comb26Ch12,2312774.66286,2312774.658203125,2.0039704842749577
PB20.13.12_Comb26Ch13,2374114.994891,2374114.990234375,1.5193663934999069
PB20.13.12_Comb26Ch14,2423934.94118,2423934.9365234375,1.6857356042772045
PB20.13.12_Comb26Ch15,2518920.903094,2518920.8984375,1.6738781606716402
PB20.13.12_Comb26Ch16,2551269.535907,2551269.53125,1.6886636805153692
PB20.13.12_Comb26Ch17,2621688.84743,2621688.8427734375,1.3036714467501715
PB20.13.12_Comb26Ch18,2719802.861102,2719802.8564453125,1.058234975019135
PB20.13.12_Comb26Ch19,2787399.296649,2787399.2919921875,1.5344562037938028
PB20.13.12_Comb26Ch20,2829513.554461,2829513.5498046875,1.339689379178447
PB20.13.12_Comb26Ch21,2903366.093524,2903366.0888671875,1.7016955912245428
PB20.13.12_Comb26Ch22,3014984.135516,3014984.130859375,1.6421277876718883
PB20.13.12_Comb26Ch23,3079223.637469,3079223.6328125,1.7110539020294113
PB20.13.12_Comb26Ch24,3143920.903094,3143920.8984375,2.000162346410544
PB20.13.12_Comb26Ch25,3230972.294696,3230972.2900390625,1.4820111139948333
PB20.13.12_Comb26Ch26,3304672.245868,3304672.2412109375,1.9316690109070684
PB20.13.12_Comb26Ch27,3371810.917743,3371810.9130859375,1.6286283568122926
PB20.13.12_Comb26Ch28,3439865.116961,3439865.1123046875,1.642331020252471
PB20.13.12_Comb26Ch29,3555908.207782,NaN,NaN
PB20.13.12_Comb26Ch30,3613433.842547,3613433.837890625,1.4130186954456252
PB20.13.12_Comb26Ch31,3704910.282977,3704910.2783203125,1.8729607163524324
PB20.13.12_Comb26Ch32,3775177.00661,3775177.001953125,1.412414416826236
PB20.13.12_Comb26Ch33,3921966.557391,3921966.552734375,1.9768688270737207
PB20.13.12_Comb26Ch34,3997116.093524,3997116.0888671875,1.7147291578810349
PB20.13.12_Comb26Ch35,4108200.077899,4108200.0732421875,1.409361462521814
PB20.13.12_Comb26Ch36,4197769.169696,4197769.1650390625,1.7558226181141503
PB20.13.12_Comb26Ch37,4244689.946063,4244689.94140625,1.3560340123769297
PB20.13.12_Comb26Ch38,4342575.077899,4342575.0732421875,1.5143372114138052
PB20.13.13_Comb09Ch01,1637649.540789,1637649.5361328125,1.221446629496913
PB20.13.13_Comb09Ch02,1683273.320086,1683273.3154296875,1.3424571974605448
PB20.13.13_Comb09Ch03,1731567.387469,1731567.3828125,1.2766546365964833
PB20.13.13_Comb09Ch04,1783218.388446,1783218.3837890625,1.284504274669514
PB20.13.13_Comb09Ch05,1825561.528094,1825561.5234375,1.3062169169014606
PB20.13.13_Comb09Ch06,1888351.445086,1888351.4404296875,1.5603893376710563
PB20.13.13_Comb09Ch07,1945419.31618,1945419.3115234375,1.4584519231455257
PB20.13.13_Comb09Ch08,1996154.789813,1996154.78515625,1.4985855752290451
PB20.13.13_Comb09Ch09,2055816.655047,2055816.650390625,1.5137085445067364
PB20.13.13_Comb09Ch10,2106094.365008,2106094.3603515625,1.0772007758971633
PB20.13.13_Comb09Ch11,2168121.342547,2168121.337890625,1.5330845939923416
PB20.13.13_Comb09Ch12,2223968.510516,2223968.505859375,1.6773277016114112
PB20.13.13_Comb09Ch13,2299041.752703,2299041.748046875,1.4887807512816735
PB20.13.13_Comb09Ch14,2349700.932391,2349700.927734375,1.5314691651303238
PB20.13.13_Comb09Ch15,2421569.828875,2421569.82421875,1.3589603389885605
PB20.13.13_Comb09Ch16,2493133.549578,2493133.544921875,1.5045235389305802
PB20.13.13_Comb09Ch17,2546310.429461,2546310.4248046875,1.3348439446423845
PB20.13.13_Comb09Ch18,2619781.498797,2619781.494140625,1.5879367874589623
PB20.13.13_Comb09Ch19,2702331.547625,2702331.54296875,1.4864534935615756
PB20.13.13_Comb09Ch20,2753067.021258,2753067.0166015625,1.0878406376788785
PB20.13.13_Comb09Ch21,2824783.329852,NaN,NaN
PB20.13.13_Comb09Ch22,2911376.957782,2911376.953125,1.5514102767404405
PB20.13.13_Comb09Ch23,2982788.090594,2982788.0859375,1.5409493801844878
PB20.13.13_Comb09Ch24,3130722.050555,3130722.0458984375,1.2814801874327426
PB20.13.13_Comb09Ch25,3206558.232196,3206558.2275390625,1.284017808891645
PB20.13.13_Comb09Ch26,3293228.154071,3293228.1494140625,1.2453333787824266
PB20.13.13_Comb09Ch27,3379135.136493,3379135.1318359375,1.3163847904403443
PB20.13.13_Comb09Ch28,3444290.165789,3444290.1611328125,1.6130633340018152
PB20.13.13_Comb09Ch29,3528671.269305,3528671.2646484375,1.5327549921421253
PB20.13.13_Comb09Ch30,3634033.207782,3634033.203125,1.1863962510065535
PB20.13.13_Comb09Ch31,3718490.605243,3718490.6005859375,1.630389132332256
PB20.13.13_Comb09Ch32,3807754.521258,3807754.5166015625,1.490867101147087
PB20.13.13_Comb09Ch33,3894653.324969,3894653.3203125,1.4329817005658458
PB20.13.13_Comb09Ch34,3964614.872821,3964614.8681640625,1.2429948836909763
PB20.13.13_Comb09Ch35,4075775.151141,4075775.146484375,1.2003665632377736
PB20.13.13_Comb09Ch36,4178543.095477,4178543.0908203125,1.129012789919003
PB20.13.13_Comb09Ch37,4267959.599383,4267959.5947265625,1.1307184762772167
PB20.13.13_Comb09Ch38,4346389.775164,4346389.7705078125,1.6637342251216105
PB20.13.13_Comb09Ch39,4370117.192157,4370117.1875,1.4146123755295719
PB20.13.11_Comb25Ch01,1790618.901141,1790618.896484375,1.226958283016265
PB20.13.11_Comb25Ch02,1854400.639422,1854400.634765625,1.2057420566999064
PB20.13.11_Comb25Ch03,1917953.495868,1917953.4912109375,1.1818411661182984
PB20.13.11_Comb25Ch04,1990966.801532,1990966.796875,1.412128894949503
PB20.13.11_Comb25Ch05,2036285.405047,2036285.400390625,1.4444793881621507
PB20.13.11_Comb25Ch06,2094345.09743,2094345.0927734375,1.442449048660286
PB20.13.11_Comb25Ch07,2187805.180438,2187805.17578125,1.0106909250324798
PB20.13.11_Comb25Ch08,2257690.434344,2257690.4296875,1.4617992208805402
PB20.13.11_Comb25Ch09,2327880.864032,2327880.859375,1.440254619403518
PB20.13.11_Comb25Ch10,2421112.065203,2421112.060546875,1.402397319747294
PB20.13.11_Comb25Ch11,2443084.721453,2443084.716796875,1.474411703537678
PB20.13.11_Comb25Ch12,2513351.445086,2513351.4404296875,1.2163270579813175
PB20.13.11_Comb25Ch13,2575225.834735,2575225.830078125,1.5097997940605126
PB20.13.11_Comb25Ch14,2697982.792743,NaN,NaN
PB20.13.11_Comb25Ch15,2701721.196063,NaN,NaN
PB20.13.11_Comb25Ch16,2771301.274188,NaN,NaN
PB20.13.11_Comb25Ch17,2872390.751727,2872390.7470703125,1.0163470919332416
PB20.13.11_Comb25Ch18,3014526.371844,3014526.3671875,1.5439225900771452
PB20.13.11_Comb25Ch19,3117294.31618,3117294.3115234375,1.4070428819745964
PB20.13.11_Comb25Ch20,3190765.385516,3190765.380859375,1.2302111072507467
PB20.13.11_Comb25Ch21,3279342.656024,3279342.6513671875,1.1400976093837916
PB20.13.11_Comb25Ch22,3300323.490985,3300323.486328125,1.2509826434165956
PB20.13.11_Comb25Ch23,3412017.826922,3412017.822265625,1.2378528992110647
PB20.13.11_Comb25Ch24,3485565.190203,3485565.185546875,1.2518784663468443
PB20.13.11_Comb25Ch25,3633804.325946,3633804.3212890625,1.501861917163958
PB20.13.11_Comb25Ch26,3667984.013446,3667984.0087890625,1.488212970318534
PB20.13.11_Comb25Ch27,3734970.09743,3734970.0927734375,1.2681347520891464
PB20.13.11_Comb25Ch28,3858261.113055,3858261.1083984375,1.6352195669162917
PB20.13.11_Comb25Ch29,3992614.75075,3992614.74609375,1.400136851700927
PB20.13.11_Comb25Ch30,4030990.605243,4030990.6005859375,1.4081905264731933
PB20.13.11_Comb25Ch31,4177551.274188,4177551.26953125,1.0583097827893815
PB20.13.11_Comb25Ch32,4198150.639422,4198150.634765625,1.1394540400870705
PB20.13.11_Comb25Ch33,4357681.279071,4357681.2744140625,1.119559497705527
PB20.13.11_Comb25Ch34,4562606.81618,4562606.8115234375,1.2978059785165101
PB20.13.13_Comb21Ch01,1707992.558368,1707992.5537109375,1.290973498135817
PB20.13.13_Comb21Ch02,1771698.002703,1771697.998046875,1.230346422890785
PB20.13.13_Comb21Ch03,1791076.664813,1791076.66015625,1.2864309303227124
PB20.13.13_Comb21Ch04,1853103.642352,1853103.6376953125,1.2913384966903714
PB20.13.13_Comb21Ch05,1914596.562274,1914596.5576171875,1.2985518918100114
PB20.13.13_Comb21Ch06,1978149.418719,1978149.4140625,1.5257460569448889
PB20.13.13_Comb21Ch07,2032470.707782,2032470.703125,1.7938537267780315
PB20.13.13_Comb21Ch08,2085418.705828,2085418.701171875,1.7609624120123157
PB20.13.13_Comb21Ch09,2192611.698993,2192611.6943359375,1.0083712567408183
PB20.13.13_Comb21Ch10,2246856.69411,2246856.689453125,1.635991102988637
PB20.13.13_Comb21Ch11,2412414.555438,2412414.55078125,1.5668958601266885
PB20.13.13_Comb21Ch12,2446746.830828,2446746.826171875,1.520802905606649
PB20.13.13_Comb21Ch13,2517852.78786,2517852.783203125,1.3825644361916378
PB20.13.13_Comb21Ch14,2572784.428485,2572784.423828125,1.6494199026851175
PB20.13.13_Comb21Ch15,2685317.997821,NaN,NaN
PB20.13.13_Comb21Ch16,2706451.420672,2706451.416015625,1.892801739559081
PB20.13.13_Comb21Ch17,2773132.328875,2773132.32421875,1.5117249975382876
PB20.13.13_Comb21Ch18,2866592.411883,2866592.4072265625,1.0560686708131704
PB20.13.13_Comb21Ch19,2952957.157977,2952957.1533203125,1.3342550039733947
PB20.13.13_Comb21Ch20,3010330.204852,3010330.2001953125,1.6164796917736988
PB20.13.13_Comb21Ch21,3177642.826922,3177642.822265625,1.3638749070633458
PB20.13.13_Comb21Ch22,3274383.549578,3274383.544921875,1.3819833115909934
PB20.13.13_Comb21Ch23,3402023.320086,3402023.3154296875,1.3603553795781225
PB20.13.13_Comb21Ch24,3476181.03493,3476181.0302734375,1.2374740141363223
PB20.13.13_Comb21Ch25,3615493.779071,3615493.7744140625,1.7480774604898808
PB20.13.13_Comb21Ch26,3663101.200946,3663101.1962890625,1.7410998316392634
PB20.13.13_Comb21Ch27,3727645.87868,3727645.8740234375,1.3183205274283087
PB20.13.13_Comb21Ch28,3850021.366961,3850021.3623046875,1.6229501305798864
PB20.13.13_Comb21Ch29,3972930.91286,3972930.908203125,1.5608284067509979
PB20.13.13_Comb21Ch30,4023208.622821,4023208.6181640625,1.7314538163537605
PB20.13.13_Comb21Ch31,4159164.433368,4159164.4287109375,1.3299051998680136
PB20.13.13_Comb21Ch32,4196319.584735,4196319.580078125,1.2117037566538058
PB20.13.13_Comb21Ch33,4343109.135516,4343109.130859375,1.2677554770105264
PB20.13.13_Comb21Ch34,4425201.420672,4425201.416015625,1.3436956627263559
PB20.13.13_Comb21Ch35,4529113.774188,4529113.76953125,1.6310048141303422
PB20.13.13_Comb21Ch36,4536437.992938,4536437.98828125,1.3960518509685633
PB20.13.13_Comb25Ch01,1705551.152118,1705551.1474609375,1.477914984801914
PB20.13.13_Comb25Ch02,1961669.926532,1961669.921875,1.5883571232051634
PB20.13.13_Comb25Ch03,2311172.490008,2311172.4853515625,1.6254774769519724
PB20.13.13_Comb25Ch04,2556076.054461,2556076.0498046875,1.6227443698895379
PB20.13.13_Comb25Ch05,2932357.792743,2932357.7880859375,1.6227652274978026
PB20.13.13_Comb25Ch06,3073196.415789,3073196.4111328125,1.6631291212397554
PB20.13.13_Comb25Ch07,3391189.579852,3391189.5751953125,1.6896017624113275
PB20.13.13_Comb25Ch08,3925628.666766,3925628.662109375,1.5619235386674752
PB20.13.13_Comb25Ch09,4313507.084735,4313507.080078125,1.6988042466411097
PB20.13.28_Comb01Ch01,1697845.463641,1697845.458984375,1.4843807072944657
PB20.13.28_Comb01Ch02,1778335.575946,1778335.5712890625,1.47113319771855
PB20.13.28_Comb01Ch03,1789550.785907,1789550.78125,2.4732670819435794
PB20.13.28_Comb01Ch04,1857299.809344,1857299.8046875,1.3952299622072082
PB20.13.28_Comb01Ch05,1911926.274188,1911926.26953125,1.510634033938697
PB20.13.28_Comb01Ch06,1979827.885516,1979827.880859375,1.865873632781056
PB20.13.28_Comb01Ch07,2087554.936297,2087554.931640625,1.9084009722326132
PB20.13.28_Comb01Ch08,2123489.384539,2123489.3798828125,1.7089569473894075
PB20.13.28_Comb01Ch09,2183456.425555,2183456.4208984375,1.097000407293459
PB20.13.28_Comb01Ch10,2233047.490008,2233047.4853515625,1.8424704639690308
PB20.13.28_Comb01Ch11,2313690.190203,2313690.185546875,1.725974712518179
PB20.13.28_Comb01Ch12,2438507.084735,2438507.080078125,1.6934185029800162
PB20.13.28_Comb01Ch13,2526855.473407,2526855.46875,1.532302694781939
PB20.13.28_Comb01Ch14,2581100.468524,2581100.4638671875,1.8989575289652132
PB20.13.28_Comb01Ch15,2694091.801532,2694091.796875,1.6921047224798278
PB20.13.28_Comb01Ch16,2707672.123797,2707672.119140625,2.0618875422560925
PB20.13.28_Comb01Ch17,2777252.201922,2777252.197265625,1.78514122360591
PB20.13.28_Comb01Ch18,2868881.230243,2868881.2255859375,1.1366036782461095
PB20.13.28_Comb01Ch19,2942428.593524,2942428.5888671875,1.697180820392227
PB20.13.28_Comb01Ch20,2997970.585711,2997970.5810546875,2.0022703327718516
PB20.13.28_Comb01Ch21,3112869.267352,3112869.2626953125,2.07543856361324
PB20.13.28_Comb01Ch22,3175354.008563,3175354.00390625,1.7381144513111468
PB20.13.28_Comb01Ch23,3295211.796649,3295211.7919921875,1.2718726800188043
PB20.13.28_Comb01Ch24,3303680.424578,3303680.419921875,1.563350645431939
PB20.13.28_Comb01Ch25,3396987.919696,3396987.9150390625,1.6513857704801331
PB20.13.28_Comb01Ch26,3484649.66286,3484649.658203125,1.473545884601544
PB20.13.28_Comb01Ch27,3732376.103289,3732376.0986328125,1.4452150614339783
PB20.13.28_Comb01Ch28,3841705.326922,3841705.322265625,2.119913503538705
PB20.13.28_Comb01Ch29,4001998.906024,4001998.9013671875,2.518800704365044
PB20.13.28_Comb01Ch30,4042968.754657,4042968.75,2.046822921738519
PB20.13.28_Comb01Ch31,4183578.495868,4183578.4912109375,1.8104339412777615
PB20.13.28_Comb01Ch32,4203643.803485,4203643.798828125,1.380308552460698
PB20.13.28_Comb01Ch33,4339447.026141,4339447.021484375,1.8443293627607362
PB20.13.28_Comb01Ch34,4442825.322039,4442825.3173828125,1.7015950559683222
PB20.13.28_Comb01Ch35,4574890.141375,4574890.13671875,2.109266111421728
PB20.13.12_Comb20Ch01,1726379.399188,1726379.39453125,1.2917858819311878
PB20.13.12_Comb20Ch02,1780700.68825,1780700.68359375,1.8380925710602647
PB20.13.12_Comb20Ch03,1836547.856219,1836547.8515625,1.32210383716828
PB20.13.12_Comb20Ch04,1879959.111102,1879959.1064453125,1.4834192669875323
PB20.13.12_Comb20Ch05,1937332.157977,1937332.1533203125,1.6229037345060093
PB20.13.12_Comb20Ch06,1993637.089618,1993637.0849609375,1.5811566796983654
PB20.13.12_Comb20Ch07,2053298.954852,2053298.9501953125,1.5722870258009525
PB20.13.12_Comb20Ch08,2104873.661883,2104873.6572265625,3.7143217632039076
PB20.13.12_Comb20Ch09,2167129.521258,2167129.5166015625,1.0726563346704958
PB20.13.12_Comb20Ch10,2228469.853289,2228469.8486328125,1.934747131604785
PB20.13.12_Comb20Ch11,2356109.623797,2356109.619140625,2.9001052531795857
PB20.13.12_Comb20Ch12,2415313.72536,2415313.720703125,1.5870465804499403
PB20.13.12_Comb20Ch13,2488021.855243,2488021.8505859375,1.5475128637003637
PB20.13.12_Comb20Ch14,2548751.835711,2548751.8310546875,1.6796778554111762
PB20.13.12_Comb20Ch15,2620239.262469,2620239.2578125,1.3511831549889783
PB20.13.12_Comb20Ch16,2705459.599383,2705459.5947265625,1.6200910658865681
PB20.13.12_Comb20Ch17,2844238.285907,2844238.28125,1.1592712491412631
PB20.13.12_Comb20Ch18,3043975.834735,3043975.830078125,1.7137556148040842
PB20.13.12_Comb20Ch19,3215255.741961,3215255.7373046875,1.4937854986527237
PB20.13.12_Comb20Ch20,3304443.364032,3304443.359375,1.3171548519575063
PB20.13.12_Comb20Ch21,3361053.471453,3361053.466796875,1.6718586137429068
PB20.13.12_Comb20Ch22,3458328.251727,3458328.2470703125,1.3505324637524752
PB20.13.12_Comb20Ch23,3538131.718524,3538131.7138671875,2.8655833015530585
PB20.13.12_Comb20Ch24,3624801.640399,3624801.6357421875,1.7248258739712232
PB20.13.12_Comb20Ch25,3705291.752703,3705291.748046875,1.5515796974771203
PB20.13.12_Comb20Ch26,3793258.671649,3793258.6669921875,2.8857695718989835
PB20.13.12_Comb20Ch27,3890151.982196,3890151.9775390625,1.722162797302371
PB20.13.12_Comb20Ch28,3991012.577899,3991012.5732421875,1.69661441577084
PB20.13.12_Comb20Ch29,4075317.387469,4075317.3828125,1.5407081378326064
PB20.13.12_Comb20Ch30,4187622.074969,4187622.0703125,1.4090208258755739
PB20.13.12_Comb20Ch31,4274978.642352,4274978.6376953125,1.4424880290472466
PB20.13.12_Comb20Ch32,4356994.633563,4356994.62890625,1.3808582765095012
PB20.13.12_Comb20Ch33,4488449.101336,4488449.0966796875,1.9763793513640084
