Name,Nominal Frequency,Actual Frequency,Resistance
PB20.13.28_Comb05Ch01,1694564.823993,1694564.8193359375,1.6493580459428205
PB20.13.28_Comb05Ch02,1748046.879657,1748046.875,1.4879689081356113
PB20.13.28_Comb05Ch03,1784591.679461,1784591.6748046875,2.246519183843127
PB20.13.28_Comb05Ch04,1846771.244891,1846771.240234375,1.3732452370946377
PB20.13.28_Comb05Ch05,1901016.240008,1901016.2353515625,1.5579855326543424
PB20.13.28_Comb05Ch06,1958465.580828,1958465.576171875,1.7358563516535457
PB20.13.28_Comb05Ch07,2012786.869891,2012786.865234375,1.725577018007211
PB20.13.28_Comb05Ch08,2073669.43825,2073669.43359375,1.6251317404147123
PB20.13.28_Comb05Ch09,2120437.626727,2120437.6220703125,2.9731783127530718
PB20.13.28_Comb05Ch10,2189559.94118,2189559.9365234375,1.0579686396331793
PB20.13.28_Comb05Ch11,2234573.368914,2234573.3642578125,1.7569557977155634
PB20.13.28_Comb05Ch12,2304229.740985,NaN,NaN
PB20.13.28_Comb05Ch13,2381668.095477,2381668.0908203125,2.4000567738155096
PB20.13.28_Comb05Ch14,2439346.318133,2439346.3134765625,1.6119370463564648
PB20.13.28_Comb05Ch15,2500686.650164,2500686.6455078125,1.628908365819554
PB20.13.28_Comb05Ch16,2557678.227313,2557678.22265625,1.7473910824150312
PB20.13.28_Comb05Ch17,2650299.076922,2650299.072265625,1.5250648775695288
PB20.13.28_Comb05Ch18,2697677.616961,2697677.6123046875,1.708931709878154
PB20.13.28_Comb05Ch19,2757339.482196,2757339.4775390625,2.464728377744163
PB20.13.28_Comb05Ch20,2859268.193133,2859268.1884765625,1.1456871341468369
PB20.13.28_Comb05Ch21,2918624.882586,2918624.8779296875,1.818347484496886
PB20.13.28_Comb05Ch22,2985229.496844,2985229.4921875,2.456831272622134
PB20.13.28_Comb05Ch23,3073120.121844,3073120.1171875,1.7668694846017814
PB20.13.28_Comb05Ch24,3147811.894305,3147811.8896484375,1.4795983651563926
PB20.13.28_Comb05Ch25,3244476.323016,3244476.318359375,1.7533463322084195
PB20.13.28_Comb05Ch26,3291931.157,3291931.15234375,1.351865800856924
PB20.13.28_Comb05Ch27,3375778.202899,3375778.1982421875,1.481307192252992
PB20.13.28_Comb05Ch28,3462829.5945,3462829.58984375,1.3817945486369079
PB20.13.28_Comb05Ch29,3577575.68825,3577575.68359375,2.4515710960035633
PB20.13.28_Comb05Ch30,3642959.599383,3642959.5947265625,1.8843702061830025
PB20.13.28_Comb05Ch31,3715209.965594,3715209.9609375,1.3712444295476989
PB20.13.28_Comb05Ch32,3814086.918719,3814086.9140625,2.919673394386222
PB20.13.28_Comb05Ch33,3921966.557391,3921966.552734375,1.9684765003450497
PB20.13.28_Comb05Ch34,3998870.854266,3998870.849609375,1.6734083518872955
PB20.13.28_Comb05Ch35,4118499.760516,4118499.755859375,1.7953739885440767
PB20.13.28_Comb05Ch36,4185333.25661,4185333.251953125,1.4004489791894346
PB20.13.28_Comb05Ch37,4296340.947039,4296340.9423828125,1.6035456517367217
PB20.13.28_Comb05Ch38,4392547.612078,4392547.607421875,1.4155479872966668
PB20.13.28_Comb05Ch39,4507675.175555,4507675.1708984375,1.969635550015266
PB20.13.11_Comb15Ch01,1666412.358172,1666412.353515625,1.8677244395853179
PB20.13.11_Comb15Ch02,1698455.815203,1698455.810546875,1.3550280901130218
PB20.13.11_Comb15Ch03,1729812.626727,1729812.6220703125,2.49554760405291
PB20.13.11_Comb15Ch04,1856307.988055,1856307.9833984375,1.3436323172562272
PB20.13.11_Comb15Ch05,1912765.507586,1912765.5029296875,5.8438598083659485
PB20.13.11_Comb15Ch06,1954269.413836,1954269.4091796875,1.5866221985295932
PB20.13.11_Comb15Ch07,2071914.677508,2071914.6728515625,1.9133650140082445
PB20.13.11_Comb15Ch08,2126388.554461,2126388.5498046875,1.03645433823588
PB20.13.11_Comb15Ch09,2196044.926532,2196044.921875,2.0275060646130165
PB20.13.11_Comb15Ch10,2258682.255633,2258682.2509765625,1.9815400095437088
PB20.13.11_Comb15Ch11,2316589.360125,2316589.35546875,1.8861807318764285
PB20.13.11_Comb15Ch12,2368545.536883,2368545.5322265625,1.8155241111094629
PB20.13.11_Comb15Ch13,2428665.165789,2428665.1611328125,1.717021458673841
PB20.13.11_Comb15Ch14,2484970.09743,2484970.0927734375,2.7138421521349825
PB20.13.11_Comb15Ch15,2584228.520282,2584228.515625,1.4590754790772278
PB20.13.11_Comb15Ch16,2610321.049578,2610321.044921875,3.1876394448533363
PB20.13.11_Comb15Ch17,2683944.706805,2683944.7021484375,2.7488946415106184
PB20.13.11_Comb15Ch18,2769012.455828,2769012.451171875,1.1087398516861053
PB20.13.11_Comb15Ch19,2855682.377703,2855682.373046875,1.5364076010030983
PB20.13.11_Comb15Ch20,2914123.539813,2914123.53515625,2.780240545723043
PB20.13.11_Comb15Ch21,2996521.00075,2996520.99609375,1.8495465180174295
PB20.13.11_Comb15Ch22,3089904.789813,3089904.78515625,1.3191765733751735
PB20.13.11_Comb15Ch23,3152008.061297,3152008.056640625,1.826702667548254
PB20.13.11_Comb15Ch24,3193435.673602,3193435.6689453125,2.9891626553392885
PB20.13.11_Comb15Ch25,3295745.854266,3295745.849609375,2.434402450933455
PB20.13.11_Comb15Ch26,3367233.281024,3367233.2763671875,2.251785490535832
PB20.13.11_Comb15Ch27,3487701.420672,3487701.416015625,2.045758683093459
PB20.13.11_Comb15Ch28,3542251.591571,3542251.5869140625,1.9252186300217284
PB20.13.11_Comb15Ch29,3618469.242938,3618469.23828125,2.9845138540256753
PB20.13.11_Comb15Ch30,3732604.985125,3732604.98046875,2.561092985444939
PB20.13.11_Comb15Ch31,3832778.935321,3832778.9306640625,1.7046054056701958
PB20.13.11_Comb15Ch32,3890533.451922,3890533.447265625,2.2236902625402637
PB20.13.11_Comb15Ch33,4011840.824969,4011840.8203125,2.3955771827755976
PB20.13.11_Comb15Ch34,4070816.044696,4070816.0400390625,1.4415099822347985
PB20.13.11_Comb15Ch35,4202575.68825,4202575.68359375,1.2760734845137414
PB20.13.11_Comb15Ch36,4281387.333758,4281387.3291015625,1.142619543446193
PB20.13.11_Comb15Ch37,4392318.730243,4392318.7255859375,1.9625525199675276
PB20.13.11_Comb15Ch38,4407730.107196,4407730.1025390625,1.5756012697109938
PB20.13.15_Comb13Ch01,1633148.198016,1633148.193359375,1.4440269353736985
PB20.13.15_Comb13Ch02,1679611.210711,1679611.2060546875,1.4882811958199942
PB20.13.15_Comb13Ch03,1735687.260516,1735687.255859375,1.4942816100826373
PB20.13.15_Comb13Ch04,1785507.206805,1785507.2021484375,1.5036893300412741
PB20.13.15_Comb13Ch05,1824874.882586,1824874.8779296875,1.4646779979539484
PB20.13.15_Comb13Ch06,1881713.871844,1881713.8671875,1.8280440431883216
PB20.13.15_Comb13Ch07,1944732.670672,1944732.666015625,1.7679619065241603
PB20.13.15_Comb13Ch08,1996765.141375,1996765.13671875,1.7444730379326716
PB20.13.15_Comb13Ch09,2045516.97243,2045516.9677734375,1.7596626113752174
PB20.13.15_Comb13Ch10,2106399.540789,2106399.5361328125,1.037790067034861
PB20.13.15_Comb13Ch11,2160949.711688,2160949.70703125,1.7687475895760323
PB20.13.15_Comb13Ch12,2221450.810321,2221450.8056640625,1.755287123849505
PB20.13.15_Comb13Ch13,2297210.698016,2297210.693359375,1.7755408436699749
PB20.13.15_Comb13Ch14,2345733.647235,2345733.642578125,1.808836023734949
PB20.13.15_Comb13Ch15,2426605.229266,2426605.224609375,1.4878682230134546
PB20.13.15_Comb13Ch16,2484054.570086,2484054.5654296875,1.8190787385870448
PB20.13.15_Comb13Ch17,2542800.907977,2542800.9033203125,1.5592135951700923
PB20.13.15_Comb13Ch18,2625732.426532,2625732.421875,1.7654013031655083
PB20.13.15_Comb13Ch19,2757644.657977,2757644.6533203125,1.0292771882181404
PB20.13.15_Comb13Ch20,2813949.589618,2813949.5849609375,1.492574490471715
PB20.13.15_Comb13Ch21,2972869.877703,2972869.873046875,1.7727524577450304
PB20.13.15_Comb13Ch22,3030090.336688,3030090.33203125,1.4975354950732278
PB20.13.15_Comb13Ch23,3134231.572039,3134231.5673828125,1.4307240823503498
PB20.13.15_Comb13Ch24,3210525.517352,3210525.5126953125,1.541441298646016
PB20.13.15_Comb13Ch25,3280029.301532,3280029.296875,1.4335046035670878
PB20.13.15_Comb13Ch26,3374252.323993,3374252.3193359375,1.4020575954238805
PB20.13.15_Comb13Ch27,3440780.644305,3440780.6396484375,1.8655258025473003
PB20.13.15_Comb13Ch28,3536529.545672,3536529.541015625,1.8406999065535508
PB20.13.15_Comb13Ch29,3614883.427508,3614883.4228515625,1.3901375862357064
PB20.13.15_Comb13Ch30,3698425.297625,3698425.29296875,1.9225878707086346
PB20.13.15_Comb13Ch31,3791046.147235,3791046.142578125,1.8434293462733644
PB20.13.15_Comb13Ch32,3896484.379657,3896484.375,1.733992871631295
PB20.13.15_Comb13Ch33,3964920.048602,3964920.0439453125,1.384976332183428
PB20.13.15_Comb13Ch34,4079284.672625,4079284.66796875,1.4369266001801917
PB20.13.15_Comb13Ch35,4161148.075946,4161148.0712890625,1.3509984911764394
PB20.13.15_Comb13Ch36,4263916.020282,4263916.015625,1.2800180697313537
PB20.13.15_Comb13Ch37,4338378.910907,4338378.90625,2.034860169174872
PB20.13.15_Comb13Ch38,4376983.647235,4376983.642578125,1.8627226210097538
PB20.13.13_Comb07Ch01,1651687.626727,1651687.6220703125,1.2236281020553166
PB20.13.13_Comb07Ch02,1690444.950946,1690444.9462890625,1.225626911590288
PB20.13.13_Comb07Ch03,1735229.496844,1735229.4921875,1.3327305827146445
PB20.13.13_Comb07Ch04,1789779.667743,1789779.6630859375,1.265438553766814
PB20.13.13_Comb07Ch05,1840286.259539,1840286.2548828125,1.319868414692472
PB20.13.13_Comb07Ch06,1902771.00075,1902770.99609375,1.4994595937547812
PB20.13.13_Comb07Ch07,1951370.243914,1951370.2392578125,1.530676980716951
PB20.13.13_Comb07Ch08,2010955.815203,2010955.810546875,1.5393351502595543
PB20.13.13_Comb07Ch09,2115173.3445,2115173.33984375,0.9998878794413522
PB20.13.13_Comb07Ch10,2244644.169696,2244644.1650390625,1.4350076934303604
PB20.13.13_Comb07Ch11,2307128.910907,2307128.90625,1.4977323750832072
PB20.13.13_Comb07Ch12,2363128.666766,2363128.662109375,1.5063679808436827
PB20.13.13_Comb07Ch13,2427978.520282,2427978.515625,1.3252425504074556
PB20.13.13_Comb07Ch14,2488098.149188,2488098.14453125,1.5765638069228298
PB20.13.13_Comb07Ch15,2568817.143328,2568817.138671875,1.24393514943994
PB20.13.13_Comb07Ch16,2619781.498797,2619781.494140625,1.7442544039862447
PB20.13.13_Comb07Ch17,2693634.03786,2693634.033203125,1.473866753028003
PB20.13.13_Comb07Ch18,2771224.980243,2771224.9755859375,1.0057853082680854
PB20.13.13_Comb07Ch19,2916946.415789,2916946.4111328125,1.4840839921467261
PB20.13.13_Comb07Ch20,2989959.721453,2989959.716796875,1.5151377370901673
PB20.13.13_Comb07Ch21,3060226.445086,3060226.4404296875,1.2371852814362396
PB20.13.13_Comb07Ch22,3144912.724383,3144912.7197265625,1.2960908752408906
PB20.13.13_Comb07Ch23,3210678.105243,3210678.1005859375,1.328370432718518
PB20.13.13_Comb07Ch24,3375625.615008,NaN,NaN
PB20.13.13_Comb07Ch25,3473205.571063,3473205.56640625,1.624985094201647
PB20.13.13_Comb07Ch26,3540878.300555,3540878.2958984375,1.7451084885705572
PB20.13.13_Comb07Ch27,3818283.085711,3818283.0810546875,1.6475284448753826
PB20.13.13_Comb07Ch28,3895492.558368,3895492.5537109375,1.716517971895795
PB20.13.13_Comb07Ch29,3997802.739032,3997802.734375,1.2186755703310743
PB20.13.13_Comb07Ch30,4080734.257586,4080734.2529296875,1.2278724835275692
PB20.13.13_Comb07Ch31,4274444.584735,4274444.580078125,1.088071532250089
PB20.13.13_Comb07Ch32,4389266.97243,4389266.9677734375,1.4257575924418338
PB20.13.13_Comb07Ch33,4382705.693133,4382705.6884765625,1.7208530461312284
PB20.13.28_Comb17Ch01,1645278.935321,1645278.9306640625,1.5974022197947697
PB20.13.28_Comb17Ch02,1683502.201922,1683502.197265625,1.3193300735915099
PB20.13.28_Comb17Ch03,1732711.796649,1732711.7919921875,2.6738674150503945
PB20.13.28_Comb17Ch04,1790618.901141,1790618.896484375,1.3677090011046165
PB20.13.28_Comb17Ch05,1838836.674578,1838836.669921875,1.5473881760111678
PB20.13.28_Comb17Ch06,1897430.424578,1897430.419921875,1.6480859339335014
PB20.13.28_Comb17Ch07,1944046.025164,1944046.0205078125,2.0796459021642875
PB20.13.28_Comb17Ch08,2009429.936297,2009429.931640625,2.0469102656265554
PB20.13.28_Comb17Ch09,2064666.752703,2064666.748046875,1.5894571571674811
PB20.13.28_Comb17Ch10,2122802.739032,2122802.734375,1.0268778709389752
PB20.13.28_Comb17Ch11,2180099.491961,2180099.4873046875,2.0876883903469876
PB20.13.28_Comb17Ch12,2240295.414813,2240295.41015625,1.560438948775266
PB20.13.28_Comb17Ch13,2299728.398211,2299728.3935546875,4.4595740036079
PB20.13.28_Comb17Ch14,2365417.485125,2365417.48046875,1.6791523440188907
PB20.13.28_Comb17Ch15,2422409.062274,2422409.0576171875,1.7829620056935214
PB20.13.28_Comb17Ch16,2477416.996844,2477416.9921875,1.8448070230814015
PB20.13.28_Comb17Ch17,2560272.221453,2560272.216796875,2.0162394640705856
PB20.13.28_Comb17Ch18,2614593.510516,2614593.505859375,2.481580531720333
PB20.13.28_Comb17Ch19,2685470.585711,2685470.5810546875,1.6508269911622107
PB20.13.28_Comb17Ch20,2772903.447039,2772903.4423828125,1.0563840400674487
PB20.13.28_Comb17Ch21,2836380.009539,2836380.0048828125,1.7521945763426672
PB20.13.28_Comb17Ch22,2975158.696063,2975158.69140625,1.7776048197226726
PB20.13.28_Comb17Ch23,3050079.35036,3050079.345703125,2.428314628357749
PB20.13.28_Comb17Ch24,3134994.511493,3134994.5068359375,1.8874372484374327
PB20.13.28_Comb17Ch25,3203277.592547,3203277.587890625,1.6892865059583677
PB20.13.28_Comb17Ch26,3282241.825946,3282241.8212890625,1.7722967243026906
PB20.13.28_Comb17Ch27,3363494.877703,3363494.873046875,1.3857815114106968
PB20.13.28_Comb17Ch28,3463287.358172,NaN,NaN
PB20.13.28_Comb17Ch29,3533630.37575,3533630.37109375,2.8811325140967026
PB20.13.28_Comb17Ch30,3617935.185321,3617935.1806640625,1.8251777137915681
PB20.13.28_Comb17Ch31,3799972.538836,3799972.5341796875,1.7851877847290496
PB20.13.28_Comb17Ch32,3883209.233172,3883209.228515625,2.236787501086485
PB20.13.28_Comb17Ch33,3987274.174578,3987274.169921875,1.585177156765745
PB20.13.28_Comb17Ch34,4073333.744891,4073333.740234375,1.3958313646846963
PB20.13.28_Comb17Ch35,4175491.337664,4175491.3330078125,1.5043457181941569
PB20.13.28_Comb17Ch36,4253387.455828,4253387.451171875,1.1929156635384504
PB20.13.28_Comb17Ch37,4370651.249774,4370651.2451171875,3.5692592777832948
PB20.13.28_Comb17Ch38,4379959.111102,4379959.1064453125,1.9359670785814385
PB20.13.12_Comb29Ch01,1593475.346453,1593475.341796875,1.311518808525279
PB20.13.12_Comb29Ch02,1651992.802508,1651992.7978515625,1.6388656250223788
PB20.13.12_Comb29Ch03,1693725.590594,1693725.5859375,1.3712808639699243
PB20.13.12_Comb29Ch04,1804351.811297,1804351.806640625,1.5098029303445615
PB20.13.12_Comb29Ch05,1849899.296649,1849899.2919921875,2.025705250598182
PB20.13.12_Comb29Ch06,1902084.355243,1902084.3505859375,1.5364413712122897
PB20.13.12_Comb29Ch07,1962814.335711,1962814.3310546875,1.2391583138246518
PB20.13.12_Comb29Ch08,1999359.135516,1999359.130859375,1.2669033519512378
PB20.13.12_Comb29Ch09,2077560.429461,2077560.4248046875,0.9851402397078133
PB20.13.12_Comb29Ch10,2110366.825946,2110366.8212890625,1.2395111522489362
PB20.13.12_Comb29Ch11,2181320.195086,2181320.1904296875,1.3991626646033577
PB20.13.12_Comb29Ch12,2254714.970477,2254714.9658203125,1.4357773609705284
PB20.13.12_Comb29Ch13,2301788.334735,2301788.330078125,1.9814069443026223
PB20.13.12_Comb29Ch14,2376251.22536,2376251.220703125,1.6883852915092241
PB20.13.12_Comb29Ch15,2416687.016375,2416687.01171875,2.045965936554912
PB20.13.12_Comb29Ch16,2512130.741961,2512130.7373046875,1.5282202878916795
PB20.13.12_Comb29Ch17,2549133.305438,2549133.30078125,1.2832871790259284
PB20.13.12_Comb29Ch18,2607803.349383,2607803.3447265625,1.2453080147880338
PB20.13.12_Comb29Ch19,2715911.869891,2715911.865234375,0.9375691627330824
PB20.13.12_Comb29Ch20,2771530.156024,2771530.1513671875,1.2990920136728972
PB20.13.12_Comb29Ch21,2817459.111102,2817459.1064453125,1.2155559769566524
PB20.13.12_Comb29Ch22,2894210.820086,2894210.8154296875,1.8096128767869513
PB20.13.12_Comb29Ch23,2999649.052508,2999649.0478515625,1.2464973540558775
PB20.13.12_Comb29Ch24,3087921.147235,3087921.142578125,1.5192817260474805
PB20.13.12_Comb29Ch25,3131484.990008,3131484.9853515625,1.6502895520400371
PB20.13.12_Comb29Ch26,3214035.038836,3214035.0341796875,1.1676675621235189
PB20.13.12_Comb29Ch27,3302688.603289,3302688.5986328125,1.3157734516588795
PB20.13.12_Comb29Ch28,3377609.257586,3377609.2529296875,1.234498019875408
PB20.13.12_Comb29Ch29,3445968.632586,3445968.6279296875,1.162389837034709
PB20.13.12_Comb29Ch30,3538589.482196,3538589.4775390625,1.005470585664071
PB20.13.12_Comb29Ch31,3593521.122821,3593521.1181640625,1.0941599711763863
PB20.13.12_Comb29Ch32,3695144.657977,3695144.6533203125,1.6455365828440143
PB20.13.12_Comb29Ch33,3770751.957782,3770751.953125,1.2695878497061068
PB20.13.12_Comb29Ch34,3927993.779071,3927993.7744140625,1.1190140031337765
PB20.13.12_Comb29Ch35,3993682.865985,3993682.861328125,1.2561534690916178
PB20.13.12_Comb29Ch36,4084396.366961,4084396.3623046875,1.0858307963886231
PB20.13.12_Comb29Ch37,4189300.541766,4189300.537109375,1.340350207194574
PB20.13.12_Comb29Ch38,4234237.675555,4234237.6708984375,0.9245103322486027
PB20.13.12_Comb29Ch39,4354629.521258,NaN,NaN
PB20.13.13_Comb24Ch01,1647644.047625,1647644.04296875,1.2359846385442286
PB20.13.13_Comb24Ch02,1686630.25368,1686630.2490234375,1.2435728425075894
PB20.13.13_Comb24Ch03,1732559.208758,1732559.2041015625,1.3125869585545118
PB20.13.13_Comb24Ch04,1791000.370868,1791000.3662109375,1.2435547483607094
PB20.13.13_Comb24Ch05,1841506.962664,1841506.9580078125,1.3227630772278247
PB20.13.13_Comb24Ch06,1899719.242938,1899719.23828125,1.5071953066835453
PB20.13.13_Comb24Ch07,1948013.310321,1948013.3056640625,1.5592803062480516
PB20.13.13_Comb24Ch08,2010955.815203,2010955.810546875,1.535922333229711
PB20.13.13_Comb24Ch09,2123565.678485,2123565.673828125,1.0367420478053693
PB20.13.13_Comb24Ch10,2180099.491961,2180099.4873046875,1.4641015156697412
PB20.13.13_Comb24Ch11,2241287.236102,2241287.2314453125,1.4751243974951218
PB20.13.13_Comb24Ch12,2304382.328875,2304382.32421875,1.4912744964262168
PB20.13.13_Comb24Ch13,2367782.59743,2367782.5927734375,1.4564915064959942
PB20.13.13_Comb24Ch14,2424240.116961,2424240.1123046875,1.4139043529459177
PB20.13.13_Comb24Ch15,2479858.403094,2479858.3984375,1.5349873900191913
PB20.13.13_Comb24Ch16,2565460.209735,2565460.205078125,1.2916704694026417
PB20.13.13_Comb24Ch17,2616500.859149,2616500.8544921875,1.5207846543011592
PB20.13.13_Comb24Ch18,2690429.692157,2690429.6875,1.4477761852254587
PB20.13.13_Comb24Ch19,2775344.853289,2775344.8486328125,1.1152008376164901
PB20.13.13_Comb24Ch20,2841415.40993,2841415.4052734375,1.289993884794718
PB20.13.13_Comb24Ch21,2914123.539813,2914123.53515625,1.53631752365719
PB20.13.13_Comb24Ch22,2982025.151141,2982025.146484375,1.5350150193162742
PB20.13.13_Comb24Ch23,3055114.75075,3055114.74609375,1.3584417252983882
PB20.13.13_Comb24Ch24,3137741.093524,3137741.0888671875,1.4175836168768778
PB20.13.13_Comb24Ch25,3288345.341571,3288345.3369140625,1.2672269866601646
PB20.13.13_Comb24Ch26,3364791.874774,3364791.8701171875,1.210985265573894
PB20.13.13_Comb24Ch27,3470001.22536,3470001.220703125,1.6212121267156177
PB20.13.13_Comb24Ch28,3538208.012469,3538208.0078125,1.5434946730193353
PB20.13.13_Comb24Ch29,3615417.485125,3615417.48046875,1.2367573860996475
PB20.13.13_Comb24Ch30,3726348.88161,3726348.876953125,1.5512303100583893
PB20.13.13_Comb24Ch31,3810501.103289,3810501.0986328125,1.5927606549734088
PB20.13.13_Comb24Ch32,3885116.581805,3885116.5771484375,1.4550007635634692
PB20.13.13_Comb24Ch33,3993682.865985,3993682.861328125,1.321133581835849
PB20.13.13_Comb24Ch34,4078369.145282,4078369.140625,1.202996543950292
PB20.13.13_Comb24Ch35,4186172.490008,4186172.4853515625,1.1788653523480224
PB20.13.13_Comb24Ch36,4262847.905047,4262847.900390625,1.126503441609594
PB20.13.13_Comb24Ch37,4378051.762469,4378051.7578125,1.6075741364768312
PB20.13.13_Comb24Ch38,4385604.863055,4385604.8583984375,1.6361621311557357
PB20.13.31_Comb17Ch01,1667022.709735,1667022.705078125,1.1263448839101304
PB20.13.31_Comb17Ch02,1708297.734149,1708297.7294921875,1.1813064537001068
PB20.13.31_Comb17Ch03,1768493.657,1768493.65234375,1.2098815551968676
PB20.13.31_Comb17Ch04,1820678.715594,1820678.7109375,1.2199924064133785
PB20.13.31_Comb17Ch05,1863479.618914,1863479.6142578125,1.2194241644234878
PB20.13.31_Comb17Ch06,1974563.603289,1974563.5986328125,1.393983568390023
PB20.13.31_Comb17Ch07,2040023.808368,2040023.8037109375,1.394787264896532
PB20.13.31_Comb17Ch08,2091522.221453,2091522.216796875,1.3876038795028172
PB20.13.31_Comb17Ch09,2156448.368914,2156448.3642578125,1.009166941918766
PB20.13.31_Comb17Ch10,2206115.727313,2206115.72265625,1.4746661812769026
PB20.13.31_Comb17Ch11,2265090.947039,2265090.9423828125,1.4529898786850697
PB20.13.31_Comb17Ch12,2331695.561297,2331695.556640625,1.4596083223152803
PB20.13.31_Comb17Ch13,2398452.763446,2398452.7587890625,1.4139450769289759
PB20.13.31_Comb17Ch14,2463302.616961,2463302.6123046875,1.2989366796289188
PB20.13.31_Comb17Ch15,2522125.248797,2522125.244140625,1.489544549357758
PB20.13.31_Comb17Ch16,2591705.326922,2591705.322265625,1.2446197553608374
PB20.13.31_Comb17Ch17,2665328.984149,2665328.9794921875,1.593943453571505
PB20.13.31_Comb17Ch18,2730636.601336,2730636.5966796875,1.5037734794620807
PB20.13.31_Comb17Ch19,2816085.820086,2816085.8154296875,1.0659371843347818
PB20.13.31_Comb17Ch20,2869949.345477,2869949.3408203125,1.2826943244814495
PB20.13.31_Comb17Ch21,2951507.573016,2951507.568359375,1.556069175794592
PB20.13.31_Comb17Ch22,3020095.829852,3020095.8251953125,1.4802588924383053
PB20.13.31_Comb17Ch23,3086547.856219,3086547.8515625,1.3688296975412082
PB20.13.31_Comb17Ch24,3181228.642352,3181228.6376953125,1.3252961368657308
PB20.13.31_Comb17Ch25,3270950.322039,3270950.3173828125,1.5064440153203038
PB20.13.31_Comb17Ch26,3330917.363055,3330917.3583984375,1.3008662862031928
PB20.13.31_Comb17Ch27,3423995.976336,3423995.9716796875,1.235648763360677
PB20.13.31_Comb17Ch28,3506546.025164,3506546.0205078125,1.8003824203844492
PB20.13.31_Comb17Ch29,3590927.12868,3590927.1240234375,1.6867051901685581
PB20.13.31_Comb17Ch30,3675918.583758,3675918.5791015625,1.434074037242774
PB20.13.31_Comb17Ch31,3766555.790789,3766555.7861328125,1.8048214858679428
PB20.13.31_Comb17Ch32,3846511.845477,3846511.8408203125,1.6899566384386067
PB20.13.31_Comb17Ch33,3948364.262469,3948364.2578125,1.664777528378126
PB20.13.31_Comb17Ch34,4036865.239032,4036865.234375,1.4115658869921168
PB20.13.31_Comb17Ch35,4148101.811297,4148101.806640625,1.4729833273253832
PB20.13.31_Comb17Ch36,4229125.981219,4229125.9765625,1.3256139042700743
PB20.13.31_Comb17Ch37,4440460.209735,4440460.205078125,1.87400936423684
PB20.13.12_Comb23Ch01,1588668.827899,1588668.8232421875,1.5839985983534646
PB20.13.12_Comb23Ch02,1635437.016375,1635437.01171875,1.4504150672693685
PB20.13.12_Comb23Ch03,1684188.84743,1684188.8427734375,1.3807055842644331
PB20.13.12_Comb23Ch04,1731414.799578,1731414.794921875,1.467392635775466
PB20.13.12_Comb23Ch05,1784744.267352,1784744.2626953125,1.7178729302761195
PB20.13.12_Comb23Ch06,1836242.680438,1836242.67578125,1.3649376443957122
PB20.13.12_Comb23Ch07,1884613.041766,1884613.037109375,1.4014978144515504
PB20.13.12_Comb23Ch08,1937561.039813,1937561.03515625,1.4716345920898408
PB20.13.12_Comb23Ch09,1998748.783953,1998748.779296875,1.4436034468643502
PB20.13.12_Comb23Ch10,2112350.468524,2112350.4638671875,1.9176906077622882
PB20.13.12_Comb23Ch11,2169418.339618,2169418.3349609375,1.4933978428855605
PB20.13.12_Comb23Ch12,2223434.452899,2223434.4482421875,1.412186450969226
PB20.13.12_Comb23Ch13,2282791.142352,2282791.1376953125,1.3659192636918367
PB20.13.12_Comb23Ch14,2353057.865985,2353057.861328125,1.9488281908735658
PB20.13.12_Comb23Ch15,2409667.973407,2409667.96875,1.4111602215769772
PB20.13.12_Comb23Ch16,2483291.630633,2483291.6259765625,1.4108945869782232
PB20.13.12_Comb23Ch17,2529983.525164,2529983.5205078125,1.4892777759073494
PB20.13.12_Comb23Ch18,2679977.421649,2679977.4169921875,1.0968891156036533
PB20.13.12_Comb23Ch19,2761077.885516,2761077.880859375,1.706407200271946
PB20.13.12_Comb23Ch20,2813339.238055,2813339.2333984375,1.4609771756117054
PB20.13.12_Comb23Ch21,2881851.200946,2881851.1962890625,1.4118887203788841
PB20.13.12_Comb23Ch22,2973175.053485,2973175.048828125,1.439157664282582
PB20.13.12_Comb23Ch23,3043441.777118,3043441.7724609375,1.7144213007292763
PB20.13.12_Comb23Ch24,3120956.425555,3120956.4208984375,1.4102460740632465
PB20.13.12_Comb23Ch25,3205108.647235,3205108.642578125,2.349316057687031
PB20.13.12_Comb23Ch26,3281707.768328,3281707.763671875,1.5158970256468478
PB20.13.12_Comb23Ch27,3333282.47536,3333282.470703125,1.452126162178039
PB20.13.12_Comb23Ch28,3405532.841571,3405532.8369140625,1.4330371034973137
PB20.13.12_Comb23Ch29,3535003.666766,3535003.662109375,1.8220054516468525
PB20.13.12_Comb23Ch30,3586044.31618,3586044.3115234375,1.3904354373863532
PB20.13.12_Comb23Ch31,3672256.474383,NaN,NaN
PB20.13.12_Comb23Ch32,3751602.177508,3751602.1728515625,1.3457827361724852
PB20.13.12_Comb23Ch33,3872909.550555,3872909.5458984375,1.4822776839327219
PB20.13.12_Comb23Ch34,3958511.357196,3958511.3525390625,1.2956874439975552
PB20.13.12_Comb23Ch35,4070281.987078,4070281.982421875,1.4645537129216675
PB20.13.12_Comb23Ch36,4160690.312274,4160690.3076171875,1.3464543904265747
PB20.13.12_Comb23Ch37,4198455.815203,4198455.810546875,1.2354745248305379
PB20.13.12_Comb23Ch38,4296569.828875,4296569.82421875,1.2607303167344137
PB20.13.28_Comb23Ch01,1637191.777118,1637191.7724609375,2.1868402825045656
PB20.13.28_Comb23Ch02,1683578.495868,1683578.4912109375,1.8516387347192318
PB20.13.28_Comb23Ch03,1714019.780047,1714019.775390625,1.4373807326351007
PB20.13.28_Comb23Ch04,1766433.720477,1766433.7158203125,1.4358020232944284
PB20.13.28_Comb23Ch05,1820907.59743,1820907.5927734375,2.57804508655464
PB20.13.28_Comb23Ch06,1891098.027118,1891098.0224609375,1.6735961752536364
PB20.13.28_Comb23Ch07,1937408.451922,1937408.447265625,1.710295591064998
PB20.13.28_Comb23Ch08,1984786.991961,1984786.9873046875,1.8388880071345939
PB20.13.28_Comb23Ch09,2054290.776141,2054290.771484375,1.7573822653406068
PB20.13.28_Comb23Ch10,2092132.573016,2092132.568359375,1.1395391467008682
PB20.13.28_Comb23Ch11,2159194.950946,2159194.9462890625,2.85606343307826
PB20.13.28_Comb23Ch12,2220077.519305,2220077.5146484375,2.393528208010543
PB20.13.28_Comb23Ch13,2292861.943133,2292861.9384765625,1.8707344815727884
PB20.13.28_Comb23Ch14,2332534.794696,2332534.7900390625,1.7360460690196036
PB20.13.28_Comb23Ch15,2403945.927508,2403945.9228515625,3.014016764011254
PB20.13.28_Comb23Ch16,2480163.578875,2480163.57421875,1.7309902581816243
PB20.13.28_Comb23Ch17,2554626.4695,2554626.46484375,1.5006171873927492
PB20.13.28_Comb23Ch18,2592315.678485,2592315.673828125,2.299049968692804
PB20.13.28_Comb23Ch19,2687377.934344,2687377.9296875,1.9713431787388729
PB20.13.28_Comb23Ch20,2735290.532,2735290.52734375,1.214575958101311
PB20.13.28_Comb23Ch21,2837982.182391,2837982.177734375,2.351528845386705
PB20.13.28_Comb23Ch22,2913055.424578,2913055.419921875,1.98608174046208
PB20.13.28_Comb23Ch23,2981948.857196,2981948.8525390625,1.8354328781794707
PB20.13.28_Comb23Ch24,3032989.50661,3032989.501953125,1.5028097164724197
PB20.13.28_Comb23Ch25,3115158.085711,3115158.0810546875,2.5079588671205664
PB20.13.28_Comb23Ch26,3167266.85036,3167266.845703125,1.7339477254119817
PB20.13.28_Comb23Ch27,3294982.914813,3294982.91015625,2.569560299337316
PB20.13.28_Comb23Ch28,3349227.90993,3349227.9052734375,2.1475171437034364
PB20.13.28_Comb23Ch29,3439407.353289,3439407.3486328125,2.045075243917911
PB20.13.28_Comb23Ch30,3500595.09743,3500595.0927734375,2.2653141859571444
PB20.13.28_Comb23Ch31,3611373.906024,3611373.9013671875,2.5155412639406207
PB20.13.28_Comb23Ch32,3725128.178485,3725128.173828125,2.0292794475502256
PB20.13.28_Comb23Ch33,3816452.031024,3816452.0263671875,2.1386808877588064
PB20.13.28_Comb23Ch34,3865280.156024,3865280.1513671875,1.9090439502454721
PB20.13.28_Comb23Ch35,3960800.175555,3960800.1708984375,2.4857540418607176
PB20.13.28_Comb23Ch36,4031524.66286,4031524.658203125,1.5929653243092592
PB20.13.28_Comb23Ch37,4195098.88161,4195098.876953125,2.1708099886555376
PB20.13.28_Comb23Ch38,4257354.740985,4257354.736328125,1.994822390644603
PB20.13.28_Comb23Ch39,4330902.104266,4330902.099609375,1.8881586901963157
PB20.13.28_Comb23Ch40,4342346.196063,4342346.19140625,1.7320704923267098
PB20.13.28_Comb04Ch01,1708068.852313,1708068.84765625,1.352313016994997
PB20.13.28_Comb04Ch02,1759872.44118,1759872.4365234375,1.9428470644467906
PB20.13.28_Comb04Ch03,1812133.793719,1812133.7890625,1.3913982743208113
PB20.13.28_Comb04Ch04,1865158.085711,1865158.0810546875,2.1153565619050463
PB20.13.28_Comb04Ch05,1977157.59743,1977157.5927734375,1.7528843837825245
PB20.13.28_Comb04Ch06,2032775.883563,2032775.87890625,1.6098564081693494
PB20.13.28_Comb04Ch07,2097244.267352,2097244.2626953125,1.6542227432669405
PB20.13.28_Comb04Ch08,2212677.00661,2212677.001953125,0.9987944743307752
PB20.13.28_Comb04Ch09,2253570.561297,2253570.556640625,1.6112586251820127
PB20.13.28_Comb04Ch10,2324066.166766,2324066.162109375,1.9582942773784946
PB20.13.28_Comb04Ch11,2397537.236102,2397537.2314453125,1.6074415679325322
PB20.13.28_Comb04Ch12,2466278.080828,2466278.076171875,1.9741010299583395
PB20.13.28_Comb04Ch13,2524185.185321,2524185.1806640625,1.4228699181271445
PB20.13.28_Comb04Ch14,2591552.739032,NaN,NaN
PB20.13.28_Comb04Ch15,2723922.734149,2723922.7294921875,1.6302192450981243
PB20.13.28_Comb04Ch16,2799911.50368,2799911.4990234375,1.6471881342511479
PB20.13.28_Comb04Ch17,2889328.007586,2889328.0029296875,1.0748187915582004
PB20.13.28_Comb04Ch18,2945861.821063,2945861.81640625,1.532586510206575
PB20.13.28_Comb04Ch19,3104476.933368,3104476.9287109375,1.6860889713249678
PB20.13.28_Comb04Ch20,3171539.311297,3171539.306640625,1.4600047383615584
PB20.13.28_Comb04Ch21,3266906.742938,3266906.73828125,1.3830462483915587
PB20.13.28_Comb04Ch22,3336868.290789,3336868.2861328125,1.531481403913783
PB20.13.28_Comb04Ch23,3413314.823993,3413314.8193359375,1.3242781906779548
PB20.13.28_Comb04Ch24,3521118.168719,3521118.1640625,1.5921269003704348
PB20.13.28_Comb04Ch25,3614425.663836,3614425.6591796875,1.8259162068899595
PB20.13.28_Comb04Ch26,3677597.050555,3677597.0458984375,1.7607911495695203
PB20.13.28_Comb04Ch27,3777313.237078,3777313.232421875,1.3297456745967122
PB20.13.28_Comb04Ch28,3950576.786883,3950576.7822265625,1.899017100296562
PB20.13.28_Comb04Ch29,4150619.511493,4150619.5068359375,1.3839041440924198
PB20.13.28_Comb04Ch30,4234542.851336,4234542.8466796875,1.5616286556017205
PB20.13.28_Comb04Ch31,4334030.156024,4334030.1513671875,1.418048089932771
PB20.13.28_Comb04Ch32,4426651.005633,4426651.0009765625,1.917253397701928
PB20.13.28_Comb04Ch33,4542388.920672,4542388.916015625,1.9509430504936296
PB20.13.10_Comb01Ch01,1646041.874774,1646041.8701171875,1.3437438466608764
PB20.13.10_Comb01Ch02,1680831.913836,1680831.9091796875,1.3725096618635908
PB20.13.10_Comb01Ch03,1728973.393328,1728973.388671875,1.5097742026364962
PB20.13.10_Comb01Ch04,1782379.155047,1782379.150390625,1.4045003530926101
PB20.13.10_Comb01Ch05,1832199.101336,1832199.0966796875,1.396543838153748
PB20.13.10_Comb01Ch06,1895065.312274,1895065.3076171875,1.615845790683841
PB20.13.10_Comb01Ch07,1939926.152118,1939926.1474609375,1.6595749760223695
PB20.13.10_Comb01Ch08,2001571.65993,2001571.6552734375,1.6554474568599795
PB20.13.10_Comb01Ch09,2064895.634539,2064895.6298828125,1.6151251862086795
PB20.13.10_Comb01Ch10,2109222.416766,2109222.412109375,1.0545101126183412
PB20.13.10_Comb01Ch11,2183227.543719,2183227.5390625,1.674401006758733
PB20.13.10_Comb01Ch12,2237777.714618,2237777.7099609375,1.6342265759559402
PB20.13.10_Comb01Ch13,2293014.531024,2293014.5263671875,1.6989160469733606
PB20.13.10_Comb01Ch14,2354354.863055,2354354.8583984375,1.6540915261821867
PB20.13.10_Comb01Ch15,2415390.019305,2415390.0146484375,1.4559357125912333
PB20.13.10_Comb01Ch16,2478866.581805,2478866.5771484375,1.6734184725234797
PB20.13.10_Comb01Ch17,2556915.28786,2556915.283203125,1.423348387897288
PB20.13.10_Comb01Ch18,2610549.931414,2610549.9267578125,1.7428067897994806
PB20.13.10_Comb01Ch19,2685012.822039,2685012.8173828125,1.5761638000257212
PB20.13.10_Comb01Ch20,2758178.715594,2758178.7109375,1.0417595067440348
PB20.13.10_Comb01Ch21,2834014.897235,2834014.892578125,1.4019093842411174
PB20.13.10_Comb01Ch22,2906494.145282,2906494.140625,1.7142274200174847
PB20.13.10_Comb01Ch23,2975387.577899,2975387.5732421875,1.6324294616748103
PB20.13.10_Comb01Ch24,3046340.947039,3046340.9423828125,1.435010978061461
PB20.13.10_Comb01Ch25,3126678.471453,3126678.466796875,1.3817640547927714
PB20.13.10_Comb01Ch26,3202209.477313,3202209.47265625,1.3869863228068857
PB20.13.10_Comb01Ch27,3283004.765399,3283004.7607421875,1.3740182523290236
PB20.13.10_Comb01Ch28,3363723.759539,3363723.7548828125,1.315983008376177
PB20.13.10_Comb01Ch29,3456802.372821,3456802.3681640625,1.8451762008707024
PB20.13.10_Comb01Ch30,3525924.687274,3525924.6826171875,1.748267265128841
PB20.13.10_Comb01Ch31,3622055.058368,3622055.0537109375,1.3234752128283016
PB20.13.10_Comb01Ch32,3718719.487078,3718719.482421875,1.7681378344593317
PB20.13.10_Comb01Ch33,3799667.363055,3799667.3583984375,1.62676234880136
PB20.13.10_Comb01Ch34,3878326.420672,3878326.416015625,1.6107044262048371
PB20.13.10_Comb01Ch35,3974914.555438,3974914.55078125,1.312022790934813
PB20.13.10_Comb01Ch36,4064559.94118,4064559.9365234375,1.2888920163881303
PB20.13.10_Comb01Ch37,4173202.519305,4173202.5146484375,1.2451572786817262
PB20.13.10_Comb01Ch38,4252471.928485,4252471.923828125,1.1804168781635123
PB20.13.10_Comb01Ch39,4368286.137469,4368286.1328125,1.0504429872679812
PB20.13.12_Comb09Ch01,1651611.332782,1651611.328125,1.3089342694409396
PB20.13.12_Comb09Ch02,1688766.484149,1688766.4794921875,1.48755751783491
PB20.13.12_Comb09Ch03,1731796.269305,1731796.2646484375,1.4121054313759667
PB20.13.12_Comb09Ch04,1784133.915789,1784133.9111328125,1.9543448286647298
PB20.13.12_Comb09Ch05,1835250.859149,NaN,NaN
PB20.13.12_Comb09Ch06,1903839.115985,1903839.111328125,2.27529444237636
PB20.13.12_Comb09Ch07,1946563.72536,1946563.720703125,1.6878727981052977
PB20.13.12_Comb09Ch08,2005310.06325,2005310.05859375,1.5849151701184698
PB20.13.12_Comb09Ch09,2070541.386493,2070541.3818359375,1.553325081546444
PB20.13.12_Comb09Ch10,2109451.298602,2109451.2939453125,1.0647014775218466
PB20.13.12_Comb09Ch11,2184371.952899,2184371.9482421875,1.6525659481598498
PB20.13.12_Comb09Ch12,2246322.636493,2246322.6318359375,1.8036405333475958
PB20.13.12_Comb09Ch13,2302474.980243,2302474.9755859375,1.6401032489514804
PB20.13.12_Comb09Ch14,2357482.914813,2357482.91015625,2.1616860091804777
PB20.13.12_Comb09Ch15,2422409.062274,2422409.0576171875,1.5934752899069766
PB20.13.12_Comb09Ch16,2485427.861102,2485427.8564453125,2.0040896166258064
PB20.13.12_Comb09Ch17,2566757.206805,2566757.2021484375,1.3942142791516818
PB20.13.12_Comb09Ch18,2614135.746844,2614135.7421875,1.6352218286663445
PB20.13.12_Comb09Ch19,2689285.282977,2689285.2783203125,1.6047581304447667
PB20.13.12_Comb09Ch20,2762451.176532,2762451.171875,1.0399716336482658
PB20.13.12_Comb09Ch21,2847213.749774,2847213.7451171875,1.370585739201745
PB20.13.12_Comb09Ch22,2913513.18825,2913513.18359375,1.6201854857804396
PB20.13.12_Comb09Ch23,2986907.963641,2986907.958984375,2.114079152255831
PB20.13.12_Comb09Ch24,3057708.744891,3057708.740234375,1.4195422920715377
PB20.13.12_Comb09Ch25,3136062.626727,3136062.6220703125,1.547503686250307
PB20.13.12_Comb09Ch26,3201065.068133,3201065.0634765625,2.0717180830127173
PB20.13.12_Comb09Ch27,3294448.857196,3294448.8525390625,1.3236645033952072
PB20.13.12_Comb09Ch28,3371505.741961,3371505.7373046875,1.3899794378904105
PB20.13.12_Comb09Ch29,3467941.288836,3467941.2841796875,1.8508615382955975
PB20.13.12_Comb09Ch30,3532562.260516,3532562.255859375,1.7730138042650305
PB20.13.12_Comb09Ch31,3626861.576922,3626861.572265625,1.2994309394123773
PB20.13.12_Comb09Ch32,3729553.227313,3729553.22265625,1.7630635495569975
PB20.13.12_Comb09Ch33,3816452.031024,3816452.0263671875,2.336121861410399
PB20.13.12_Comb09Ch34,3887405.400164,3887405.3955078125,1.694760747775909
PB20.13.12_Comb09Ch35,3986434.94118,3986434.9365234375,1.5304071977482185
PB20.13.12_Comb09Ch36,4066848.759539,4066848.7548828125,2.0039402344785118
PB20.13.12_Comb09Ch37,4189910.893328,4189910.888671875,1.2194898029968664
PB20.13.12_Comb09Ch38,4268264.775164,4268264.7705078125,1.297969007420831
PB20.13.12_Comb09Ch39,4377136.235125,4377136.23046875,0.9555330606969361
PB20.13.31_Comb21Ch01,1630935.673602,1630935.6689453125,1.1342087719406329
PB20.13.31_Comb21Ch02,1675720.2195,1675720.21484375,1.2900341624867866
PB20.13.31_Comb21Ch03,1730346.684344,1730346.6796875,1.2519922680059805
PB20.13.31_Comb21Ch04,1779785.160907,1779785.15625,1.2258644268903964
PB20.13.31_Comb21Ch05,1819305.424578,1819305.419921875,1.2167689782021742
PB20.13.31_Comb21Ch06,1878814.701922,1878814.697265625,1.4766092136733917
PB20.13.31_Comb21Ch07,1937561.039813,1937561.03515625,1.4427049292452723
PB20.13.31_Comb21Ch08,1990127.568133,1990127.5634765625,1.3032085499296007
PB20.13.31_Comb21Ch09,2044143.681414,2044143.6767578125,1.4109190873530078
PB20.13.31_Comb21Ch10,2099914.555438,2099914.55078125,1.0906626605428202
PB20.13.31_Comb21Ch11,2158889.775164,2158889.7705078125,1.4122081275435707
PB20.13.31_Comb21Ch12,2217483.525164,2217483.5205078125,1.4453153050514111
PB20.13.31_Comb21Ch13,2291259.770282,2291259.765625,1.409139708869161
PB20.13.31_Comb21Ch14,2419052.12868,2419052.1240234375,1.249627476205477
PB20.13.31_Comb21Ch15,2476272.587664,2476272.5830078125,1.8148668167685333
PB20.13.31_Comb21Ch16,2537994.389422,2537994.384765625,1.1854877623827462
PB20.13.31_Comb21Ch17,2615737.919696,2615737.9150390625,1.4973483413622348
PB20.13.31_Comb21Ch18,2671356.205828,2671356.201171875,1.5176304629103177
PB20.13.31_Comb21Ch19,2748718.266375,2748718.26171875,1.076525689931559
PB20.13.31_Comb21Ch20,2809448.246844,2809448.2421875,1.262321765189557
PB20.13.31_Comb21Ch21,2964096.073993,2964096.0693359375,1.8727484464633974
PB20.13.31_Comb21Ch22,3022460.942157,3022460.9375,1.1987005739485839
PB20.13.31_Comb21Ch23,3125686.650164,3125686.6455078125,1.1996781331974171
PB20.13.31_Comb21Ch24,3201904.301532,3201904.296875,1.2420266775489448
PB20.13.31_Comb21Ch25,3270721.440203,3270721.435546875,1.225862140259256
PB20.13.31_Comb21Ch26,3363723.759539,3363723.7548828125,1.5135937122062342
PB20.13.31_Comb21Ch27,3431930.546649,3431930.5419921875,1.5040460733916985
PB20.13.31_Comb21Ch28,3522720.341571,3522720.3369140625,1.5007375759971522
PB20.13.31_Comb21Ch29,3605346.684344,3605346.6796875,1.5425766393454974
PB20.13.31_Comb21Ch30,3783645.634539,3783645.6298828125,1.5489931295275106
PB20.13.31_Comb21Ch31,3882141.117938,3882141.11328125,1.6316571945235763
PB20.13.31_Comb21Ch32,3954620.365985,3954620.361328125,1.1361389902627448
PB20.13.31_Comb21Ch33,4067153.935321,4067153.9306640625,1.1822574071455794
PB20.13.31_Comb21Ch34,4153594.97536,4153594.970703125,1.097241038769193
PB20.13.31_Comb21Ch35,4249649.052508,4249649.0478515625,1.8236753803548003
PB20.13.31_Comb21Ch36,4329452.519305,4329452.5146484375,1.539307833689202
PB20.13.31_Comb21Ch37,4363327.031024,4363327.0263671875,1.447231260227529
PB20.13.12_Comb01Ch01,1744155.888446,1744155.8837890625,1.3407707539676905
PB20.13.12_Comb01Ch02,1785278.324969,1785278.3203125,1.7844436056292072
PB20.13.12_Comb01Ch03,1846923.832782,1846923.828125,1.3954621332014665
PB20.13.12_Comb01Ch04,1896972.660907,1896972.65625,1.4224249947694385
PB20.13.12_Comb01Ch05,1960906.987078,1960906.982421875,1.719850238497678
PB20.13.12_Comb01Ch06,2013626.103289,2013626.0986328125,1.776607278607386
PB20.13.12_Comb01Ch07,2072601.323016,2072601.318359375,1.778712816688851
PB20.13.12_Comb01Ch08,2127151.493914,2127151.4892578125,1.661091949609017
PB20.13.12_Comb01Ch09,2178115.849383,2178115.8447265625,1.0739408228681309
PB20.13.12_Comb01Ch10,2247314.457782,2247314.453125,1.824359230297158
PB20.13.12_Comb01Ch11,2379684.452899,2379684.4482421875,1.9374687727084456
PB20.13.12_Comb01Ch12,2428283.696063,2428283.69140625,1.668549024043016
PB20.13.12_Comb01Ch13,2498397.831805,2498397.8271484375,1.5571701680570653
PB20.13.12_Comb01Ch14,2697982.792743,2697982.7880859375,1.7522175612579198
PB20.13.12_Comb01Ch15,2856140.141375,2856140.13671875,1.0470887999701042
PB20.13.12_Comb01Ch16,2923812.870868,2923812.8662109375,1.520932862540552
PB20.13.12_Comb01Ch17,3149719.242938,3149719.23828125,1.4671607364677122
PB20.13.12_Comb01Ch18,3241729.740985,3241729.736328125,1.4890907799605417
PB20.13.12_Comb01Ch19,3295593.266375,3295593.26171875,1.4028780543998332
PB20.13.12_Comb01Ch20,3377838.139422,3377838.134765625,1.351196748206613
PB20.13.12_Comb01Ch21,3468017.582782,3468017.578125,1.3080185515170764
PB20.13.12_Comb01Ch22,3574829.106219,3574829.1015625,1.9489784485529738
PB20.13.12_Comb01Ch23,3648986.821063,3648986.81640625,1.8785270432008865
PB20.13.12_Comb01Ch24,3714599.614032,3714599.609375,1.4061723566547555
PB20.13.12_Comb01Ch25,3822708.134539,3822708.1298828125,1.8701235930058262
PB20.13.12_Comb01Ch26,3929367.070086,3929367.0654296875,1.6810714120898385
PB20.13.12_Comb01Ch27,4009323.124774,4009323.1201171875,1.772451953824188
PB20.13.12_Comb01Ch28,4117431.645282,4117431.640625,1.464783127256666
PB20.13.12_Comb01Ch29,4190826.420672,4190826.416015625,1.2924455840750042
PB20.13.12_Comb01Ch30,4297332.768328,4297332.763671875,1.3046265050942778
PB20.13.12_Comb01Ch31,4387283.329852,4387283.3251953125,1.5651706718830793
PB20.13.12_Comb01Ch32,4519195.561297,4519195.556640625,1.9787574949432134
PB20.13.13_Comb02Ch01,1640930.180438,1640930.17578125,1.2055816249751565
PB20.13.13_Comb02Ch02,1683349.614032,1683349.609375,1.336187351479873
PB20.13.13_Comb02Ch03,1730728.154071,1730728.1494140625,1.2811241242972944
PB20.13.13_Comb02Ch04,1787414.555438,1787414.55078125,1.2632324669577844
PB20.13.13_Comb02Ch05,1830291.752703,1830291.748046875,1.3312418311547123
PB20.13.13_Comb02Ch06,1891326.908953,1891326.904296875,1.4858330790144891
PB20.13.13_Comb02Ch07,1945190.434344,1945190.4296875,1.5753651780055895
PB20.13.13_Comb02Ch08,1999740.605243,1999740.6005859375,1.455126309560413
PB20.13.13_Comb02Ch09,2112426.762469,2112426.7578125,1.0335872787820524
PB20.13.13_Comb02Ch10,2169418.339618,NaN,NaN
PB20.13.13_Comb02Ch11,2228012.089618,2228012.0849609375,1.6259196851568773
PB20.13.13_Comb02Ch12,2300338.749774,2300338.7451171875,1.5294212464822445
PB20.13.13_Comb02Ch13,2351150.517352,2351150.5126953125,1.5065338712325196
PB20.13.13_Comb02Ch14,2423019.413836,2423019.4091796875,1.3362972228735306
PB20.13.13_Comb02Ch15,2489242.558368,2489242.5537109375,1.5008891082965305
PB20.13.13_Comb02Ch16,2550582.890399,2550582.8857421875,1.3798813696969277
PB20.13.13_Comb02Ch17,2619934.086688,2619934.08203125,1.500444242763354
PB20.13.13_Comb02Ch18,2702255.25368,2702255.2490234375,1.4931079514007397
PB20.13.13_Comb02Ch19,2762527.470477,2762527.4658203125,1.085520120651583
PB20.13.13_Comb02Ch20,2832183.842547,2832183.837890625,1.3061048764409653
PB20.13.13_Comb02Ch21,2920150.761493,2920150.7568359375,1.5690769878736115
PB20.13.13_Comb02Ch22,2983856.205828,2983856.201171875,1.4704626337864652
PB20.13.13_Comb02Ch23,3040161.137469,3040161.1328125,1.4342883365012387
PB20.13.13_Comb02Ch24,3133926.396258,3133926.3916015625,1.3570119381753338
PB20.13.13_Comb02Ch25,3295669.560321,3295669.5556640625,1.2545704432258276
PB20.13.13_Comb02Ch26,3372268.681414,3372268.6767578125,1.3134289181548175
PB20.13.13_Comb02Ch27,3446273.808368,3446273.8037109375,1.6282909904717922
PB20.13.13_Comb02Ch28,3534393.315203,3534393.310546875,1.5809192238628054
PB20.13.13_Comb02Ch29,3629760.746844,3629760.7421875,1.1547022527445545
PB20.13.13_Comb02Ch30,3730468.754657,3730468.75,1.7006188392236306
PB20.13.13_Comb02Ch31,3810424.809344,3810424.8046875,1.4832492563574857
PB20.13.13_Comb02Ch32,3893203.740008,3893203.7353515625,1.4557380521441017
PB20.13.13_Comb02Ch33,3973617.558368,3973617.5537109375,1.2854725085335728
PB20.13.13_Comb02Ch34,4081573.490985,4081573.486328125,1.1602538464901877
PB20.13.13_Comb02Ch35,4186630.25368,4186630.2490234375,1.1744102135925287
PB20.13.13_Comb02Ch36,4266967.778094,4266967.7734375,1.1135759712719837
PB20.13.13_Comb02Ch37,4346694.950946,4346694.9462890625,1.556373801379513
PB20.13.13_Comb02Ch38,4379348.759539,4379348.7548828125,1.5071052991061509
PB20.13.12_Comb25Ch01,1591720.585711,1591720.5810546875,1.6139752318562233
PB20.13.12_Comb25Ch02,1641769.413836,1641769.4091796875,1.3706166505776023
PB20.13.12_Comb25Ch03,1688385.014422,1688385.009765625,1.7551785656729484
PB20.13.12_Comb25Ch04,1736068.730243,1736068.7255859375,1.326751646153367
PB20.13.12_Comb25Ch05,1789245.610125,1789245.60546875,1.5442218419105562
PB20.13.12_Comb25Ch06,1840209.965594,1840209.9609375,1.4606884032817442
PB20.13.12_Comb25Ch07,1888504.032977,1888504.0283203125,1.4571509991429772
PB20.13.12_Comb25Ch08,2006683.354266,2006683.349609375,2.1261584521694497
PB20.13.12_Comb25Ch09,2065811.161883,2065811.1572265625,1.022698649858838
PB20.13.12_Comb25Ch10,2120895.390399,2120895.3857421875,1.735844208212691
PB20.13.12_Comb25Ch11,2174453.740008,2174453.7353515625,1.4344038719189252
PB20.13.12_Comb25Ch12,2290725.712664,2290725.7080078125,1.280111244765948
PB20.13.12_Comb25Ch13,2362594.609149,2362594.6044921875,1.5319317392629814
PB20.13.12_Comb25Ch14,2416229.252703,2416229.248046875,1.4555384417478152
PB20.13.12_Comb25Ch15,2493438.72536,2493438.720703125,1.3461786245707328
PB20.13.12_Comb25Ch16,2538757.328875,2538757.32421875,1.3612630847327338
PB20.13.12_Comb25Ch17,2692565.922625,2692565.91796875,1.0042539631695064
PB20.13.12_Comb25Ch18,2766876.22536,2766876.220703125,1.691232339868183
PB20.13.12_Comb25Ch19,2815551.762469,2815551.7578125,2.066410816595176
PB20.13.12_Comb25Ch20,2889099.12575,2889099.12109375,1.4113080889505116
PB20.13.12_Comb25Ch21,2983856.205828,2983856.201171875,1.413911128645608
PB20.13.12_Comb25Ch22,3053970.341571,3053970.3369140625,1.4860650370099615
PB20.13.12_Comb25Ch23,3124771.122821,3124771.1181640625,1.3194255874656902
PB20.13.12_Comb25Ch24,3213195.805438,3213195.80078125,1.650464639245651
PB20.13.12_Comb25Ch25,3295364.384539,3295364.3798828125,1.3648681134866305
PB20.13.12_Comb25Ch26,3347702.031024,3347702.0263671875,1.8062507137446446
PB20.13.12_Comb25Ch27,3416824.345477,3416824.3408203125,1.3424398860032065
PB20.13.12_Comb25Ch28,3537826.542743,3537826.5380859375,1.6239167961076753
PB20.13.12_Comb25Ch29,3676452.641375,3676452.63671875,1.2949703441336047
PB20.13.12_Comb25Ch30,3760757.450946,3760757.4462890625,1.243333253076403
PB20.13.12_Comb25Ch31,3880920.414813,3880920.41015625,1.3208784321972225
PB20.13.12_Comb25Ch32,3964920.048602,3964920.0439453125,1.1911954346222742
PB20.13.12_Comb25Ch33,4079742.436297,4079742.431640625,1.3276814032840734
PB20.13.12_Comb25Ch34,4170532.231219,4170532.2265625,1.2310614565184193
PB20.13.12_Comb25Ch35,4212951.664813,4212951.66015625,1.4276221530206432
PB20.13.12_Comb25Ch36,4304275.517352,4304275.5126953125,1.1249018628220224
PB20.13.15_Comb07Ch01,1643524.174578,1643524.169921875,1.5015448318486078
PB20.13.15_Comb07Ch02,1686248.783953,1686248.779296875,1.5594106431624226
PB20.13.15_Comb07Ch03,1893386.845477,1893386.8408203125,1.6930356630954948
PB20.13.15_Comb07Ch04,1950454.716571,1950454.7119140625,1.6802741730503368
PB20.13.15_Comb07Ch05,2056961.064227,2056961.0595703125,1.7376674296262287
PB20.13.15_Comb07Ch06,2171249.394305,2171249.3896484375,1.667605143079563
PB20.13.15_Comb07Ch07,2233657.841571,2233657.8369140625,1.7192706466626508
PB20.13.15_Comb07Ch08,2487945.561297,2487945.556640625,1.7118398978272482
PB20.13.15_Comb07Ch09,2558364.872821,2558364.8681640625,1.5009185248293
PB20.13.15_Comb07Ch10,2689361.576922,2689361.572265625,1.7609331777580648
PB20.13.15_Comb07Ch11,2830963.139422,2830963.134765625,1.4741874346637507
PB20.13.15_Comb07Ch12,2903289.799578,2903289.794921875,1.8162443046311507
PB20.13.15_Comb07Ch13,2981109.623797,2981109.619140625,1.6919547023920332
PB20.13.15_Comb07Ch14,3046875.004657,3046875.0,1.5354384978360276
PB20.13.15_Comb07Ch15,3288040.165789,3288040.1611328125,1.5017626802240218
PB20.13.15_Comb07Ch16,3375320.439227,3375320.4345703125,1.5326018358074562
PB20.13.15_Comb07Ch17,3623504.643328,3623504.638671875,1.4682141102953747
PB20.13.15_Comb07Ch18,3716354.374774,3716354.3701171875,1.8230112254627417
PB20.13.15_Comb07Ch19,3808593.754657,3808593.75,1.6623268017268664
PB20.13.15_Comb07Ch20,3898696.904071,3898696.8994140625,1.5404819934327831
PB20.13.15_Comb07Ch21,4179840.092547,4179840.087890625,1.5006469495703483
PB20.13.15_Comb07Ch22,4268875.126727,4268875.1220703125,1.4567859162655568
PB20.13.13_Comb23Ch01,1703109.745868,1703109.7412109375,1.2763093229343747
PB20.13.13_Comb23Ch02,1752395.634539,1752395.6298828125,1.311729695150604
PB20.13.13_Comb23Ch03,1788177.494891,1788177.490234375,1.3093764051974417
PB20.13.13_Comb23Ch04,1847381.596453,1847381.591796875,1.2498137829197133
PB20.13.13_Comb23Ch05,1901626.591571,1901626.5869140625,1.2729771224524318
PB20.13.13_Comb23Ch06,1962585.453875,1962585.44921875,1.5585039414811228
PB20.13.13_Comb23Ch07,2015380.864032,2015380.859375,1.5345494527245738
PB20.13.13_Comb23Ch08,2071838.383563,2071838.37890625,1.6815240842651495
PB20.13.13_Comb23Ch09,2175521.855243,2175521.8505859375,1.0421017169970335
PB20.13.13_Comb23Ch10,2240371.708758,2240371.7041015625,1.5919337510235483
PB20.13.13_Comb23Ch11,2313995.365985,2313995.361328125,1.5755514217220883
PB20.13.13_Comb23Ch12,2391586.308368,2391586.3037109375,1.7076924781607017
PB20.13.13_Comb23Ch13,2433547.978289,2433547.9736328125,1.48976057545402
PB20.13.13_Comb23Ch14,2508392.338641,2508392.333984375,1.3428879439476336
PB20.13.13_Comb23Ch15,2565612.797625,2565612.79296875,1.5403292880914408
PB20.13.13_Comb23Ch16,2662963.871844,2662963.8671875,1.3663610444370555
PB20.13.13_Comb23Ch17,2709198.002703,2709197.998046875,1.7904848363037495
PB20.13.13_Comb23Ch18,2761535.649188,2761535.64453125,1.7261948451635922
PB20.13.13_Comb23Ch19,2852783.207782,2852783.203125,1.1034971123509751
PB20.13.13_Comb23Ch20,2935485.8445,2935485.83984375,1.3716968380406616
PB20.13.13_Comb23Ch21,2979812.626727,2979812.6220703125,1.8187999006969866
PB20.13.13_Comb23Ch22,3074569.706805,3074569.7021484375,1.584966653653826
PB20.13.13_Comb23Ch23,3162689.213641,3162689.208984375,1.4104606575707956
PB20.13.13_Comb23Ch24,3259048.466571,3259048.4619140625,1.3347067216981048
PB20.13.13_Comb23Ch25,3382110.60036,3382110.595703125,1.277359718077797
PB20.13.13_Comb23Ch26,3474197.392352,3474197.3876953125,1.3053696419727665
PB20.13.13_Comb23Ch27,3586120.610125,3586120.60546875,2.161414981025037
PB20.13.13_Comb23Ch28,3648757.939227,3648757.9345703125,1.786553749043732
PB20.13.13_Comb23Ch29,3719177.25075,3719177.24609375,1.2309236046735468
PB20.13.13_Comb23Ch30,3817672.734149,3817672.7294921875,1.8126113030737967
PB20.13.13_Comb23Ch31,3939666.752703,3939666.748046875,1.6987848635037313
PB20.13.13_Comb23Ch32,4016876.22536,4016876.220703125,1.5662157491697908
PB20.13.13_Comb23Ch33,4129028.324969,4129028.3203125,1.3596950135149206
PB20.13.13_Comb23Ch34,4195327.763446,4195327.7587890625,1.2519228277608199
PB20.13.13_Comb23Ch35,4314575.199969,4314575.1953125,1.2708773544345682
PB20.13.13_Comb23Ch36,4399642.948993,4399642.9443359375,1.2513089957255812
PB20.13.13_Comb23Ch37,4508209.233172,4508209.228515625,2.025855580988155
PB20.13.13_Comb23Ch38,4524841.31325,4524841.30859375,1.5786081900207316
PB20.13.13_Comb30Ch01,1653747.56325,1653747.55859375,1.339869244420429
PB20.13.13_Comb30Ch02,1694488.530047,1694488.525390625,1.3020350105708518
PB20.13.13_Comb30Ch03,1736068.730243,1736068.7255859375,1.3143902656327187
PB20.13.13_Comb30Ch04,1797943.119891,1797943.115234375,1.4788870550496558
PB20.13.13_Comb30Ch05,1843566.899188,1843566.89453125,1.402049222269238
PB20.13.13_Comb30Ch06,1906127.934344,1906127.9296875,1.650241421610633
PB20.13.13_Comb30Ch07,1957626.34743,1957626.3427734375,1.529398192367904
PB20.13.13_Comb30Ch08,2017822.270282,2017822.265625,1.6559915076299465
PB20.13.13_Comb30Ch09,2119293.217547,2119293.212890625,1.358901878071759
PB20.13.13_Comb30Ch10,2247314.457782,2247314.453125,1.6054563794178527
PB20.13.13_Comb30Ch11,2317581.181414,2317581.1767578125,1.4754876037117473
PB20.13.13_Comb30Ch12,2364273.075946,2364273.0712890625,1.6681768329285842
PB20.13.13_Comb30Ch13,2437210.087664,2437210.0830078125,1.3844383480893987
PB20.13.13_Comb30Ch14,2488403.324969,2488403.3203125,1.7023095606401444
PB20.13.13_Comb30Ch15,2574310.307391,2574310.302734375,1.309260427388083
PB20.13.13_Comb30Ch16,2626495.365985,2626495.361328125,1.6399589179924456
PB20.13.13_Comb30Ch17,2782058.720477,2782058.7158203125,1.6212713214068801
PB20.13.13_Comb30Ch18,2848892.216571,2848892.2119140625,1.3872056749142647
PB20.13.13_Comb30Ch19,2993087.773211,2993087.7685546875,1.6124292659106285
PB20.13.13_Comb30Ch20,3063583.37868,3063583.3740234375,1.340410282418649
PB20.13.13_Comb30Ch21,3375320.439227,NaN,NaN
PB20.13.13_Comb30Ch22,3484191.899188,3484191.89453125,1.6999176457403602
PB20.13.13_Comb30Ch23,3558731.083758,3558731.0791015625,1.8717544662093297
PB20.13.13_Comb30Ch24,3628082.280047,3628082.275390625,1.2848948826394686
PB20.13.13_Comb30Ch25,3823776.249774,3823776.2451171875,1.6340264272142522
PB20.13.13_Comb30Ch26,3897323.613055,3897323.6083984375,1.5766599905630951
PB20.13.13_Comb30Ch27,4014053.349383,4014053.3447265625,1.3847539300511127
PB20.13.13_Comb30Ch28,4195556.645282,4195556.640625,1.2863031717017614
PB20.13.13_Comb30Ch29,4279251.103289,4279251.0986328125,1.1597204143916575
PB20.13.13_Comb30Ch30,4385986.332782,4385986.328125,1.9683352146188364
PB20.13.13_Comb30Ch31,4413299.565203,4413299.560546875,1.7820156678869723
PB20.13.13_Comb29Ch01,1685791.020282,1685791.015625,1.3263561270148119
PB20.13.13_Comb29Ch02,1733016.97243,1733016.9677734375,1.3773023206724382
PB20.13.13_Comb29Ch03,1777954.106219,1777954.1015625,1.3172741986785061
PB20.13.13_Comb29Ch04,1836090.092547,1836090.087890625,1.399993183870007
PB20.13.13_Comb29Ch05,1886978.154071,1886978.1494140625,1.343473517002821
PB20.13.13_Comb29Ch06,1995010.380633,1995010.3759765625,1.5641406019112207
PB20.13.13_Comb29Ch07,2057037.358172,2057037.353515625,1.5273084128425207
PB20.13.13_Comb29Ch08,2178955.082782,2178955.078125,1.021429725004412
PB20.13.13_Comb29Ch09,2231140.141375,2231140.13671875,1.487178938251635
PB20.13.13_Comb29Ch10,2296905.522235,2296905.517578125,1.7114882812708525
PB20.13.13_Comb29Ch11,2358856.205828,2358856.201171875,1.545362529246985
PB20.13.13_Comb29Ch12,2426528.935321,2426528.9306640625,1.5210630325655567
PB20.13.13_Comb29Ch13,2480392.460711,2480392.4560546875,1.3693158835977322
PB20.13.13_Comb29Ch14,2562026.982196,2562026.9775390625,1.5192097082324751
PB20.13.13_Comb29Ch15,2625198.368914,2625198.3642578125,1.3640715000668917
PB20.13.13_Comb29Ch16,2689361.576922,2689361.572265625,1.5600120281254592
PB20.13.13_Comb29Ch17,2776870.732196,2776870.7275390625,1.5563662334309942
PB20.13.13_Comb29Ch18,2843399.052508,2843399.0478515625,1.1799873387072939
PB20.13.13_Comb29Ch19,2904357.914813,2904357.91015625,1.2800387074990882
PB20.13.13_Comb29Ch20,2987747.197039,2987747.1923828125,1.5033882490262687
PB20.13.13_Comb29Ch21,3059768.681414,3059768.6767578125,1.5009336001720335
PB20.13.13_Comb29Ch22,3126144.413836,3126144.4091796875,1.3443328250866065
PB20.13.13_Comb29Ch23,3215789.799578,3215789.794921875,1.414568767973027
PB20.13.13_Comb29Ch24,3378372.197039,3378372.1923828125,1.19530276760397
PB20.13.13_Comb29Ch25,3464965.824969,3464965.8203125,1.2616527477225141
PB20.13.13_Comb29Ch26,3548812.870868,3548812.8662109375,1.5932553873013051
PB20.13.13_Comb29Ch27,3610305.790789,3610305.7861328125,1.637107378670597
PB20.13.13_Comb29Ch28,3726959.233172,3726959.228515625,1.130795026094497
PB20.13.13_Comb29Ch29,3818130.497821,3818130.4931640625,1.585521545673166
PB20.13.13_Comb29Ch30,3915710.453875,3915710.44921875,1.4686800338459962
PB20.13.13_Comb29Ch31,3995742.802508,3995742.7978515625,1.474066749221517
PB20.13.13_Comb29Ch32,4086151.127703,4086151.123046875,1.3406794079127675
PB20.13.13_Comb29Ch33,4175872.807391,4175872.802734375,1.3098813524737687
PB20.13.13_Comb29Ch34,4288177.494891,4288177.490234375,1.0951201571510707
PB20.13.13_Comb29Ch35,4369125.370868,4369125.3662109375,1.1824855090476933
PB20.13.13_Comb29Ch36,4481124.882586,4481124.8779296875,1.6525397243157112
PB20.13.13_Comb29Ch37,4475097.660907,4475097.65625,1.6823416620235403
PB20.13.13_Comb26Ch01,1636657.7195,1636657.71484375,1.2908427888094895
PB20.13.13_Comb26Ch02,1689529.423602,1689529.4189453125,1.2977924798206224
PB20.13.13_Comb26Ch03,1735916.142352,1735916.1376953125,1.3530355811922206
PB20.13.13_Comb26Ch04,1789398.198016,1789398.193359375,1.2815379061037704
PB20.13.13_Comb26Ch05,1829681.401141,1829681.396484375,1.3800882168578268
PB20.13.13_Comb26Ch06,1887969.97536,1887969.970703125,1.6177775153080556
PB20.13.13_Comb26Ch07,1956405.644305,1956405.6396484375,1.5697802654123911
PB20.13.13_Comb26Ch08,2001113.896258,2001113.8916015625,1.6309259983167184
PB20.13.13_Comb26Ch09,2103576.664813,2103576.66015625,1.0757704819523082
PB20.13.13_Comb26Ch10,2162475.590594,2162475.5859375,1.6128363379681756
PB20.13.13_Comb26Ch11,2225875.859149,2225875.8544921875,1.544988156506081
PB20.13.13_Comb26Ch12,2312545.781024,2312545.7763671875,1.6817578689848336
PB20.13.13_Comb26Ch13,2344589.238055,2344589.2333984375,1.594037928469951
PB20.13.13_Comb26Ch14,2436981.205828,2436981.201171875,1.4165268300466138
PB20.13.13_Comb26Ch15,2486572.270282,2486572.265625,1.6070014013253688
PB20.13.13_Comb26Ch16,2557067.87575,2557067.87109375,1.40972097772893
PB20.13.13_Comb26Ch17,2629241.948016,2629241.943359375,1.6489795358934518
PB20.13.13_Comb26Ch18,2679595.951922,2679595.947265625,1.5820569277767986
PB20.13.13_Comb26Ch19,2758941.655047,2758941.650390625,1.1552809748121482
PB20.13.13_Comb26Ch20,2821044.926532,2821044.921875,1.5108014663668385
PB20.13.13_Comb26Ch21,2893981.93825,2893981.93359375,1.5889885933272667
PB20.13.13_Comb26Ch22,2983322.148211,2983322.1435546875,1.6620001208145412
PB20.13.13_Comb26Ch23,3041458.134539,3041458.1298828125,1.4708431979920917
PB20.13.13_Comb26Ch24,3153762.822039,3153762.8173828125,1.4439308154912316
PB20.13.13_Comb26Ch25,3286209.111102,3286209.1064453125,1.3296514778626172
PB20.13.13_Comb26Ch26,3373870.854266,3373870.849609375,1.3155483102804313
PB20.13.13_Comb26Ch27,3457260.136493,3457260.1318359375,1.890425627924399
PB20.13.13_Comb26Ch28,3550033.573993,3550033.5693359375,1.7431977633168025
PB20.13.13_Comb26Ch29,3701553.349383,3701553.3447265625,1.679492615134007
PB20.13.13_Comb26Ch30,3804931.645282,3804931.640625,1.7263501740596205
PB20.13.13_Comb26Ch31,3903427.12868,3903427.1240234375,1.626150782280931
PB20.13.13_Comb26Ch32,3987426.762469,3987426.7578125,1.6047520630699206
PB20.13.13_Comb26Ch33,4085922.245868,4085922.2412109375,1.2951700182138843
PB20.13.13_Comb26Ch34,4173278.81325,4173278.80859375,1.1843856384509723
PB20.13.13_Comb26Ch35,4279174.809344,4279174.8046875,1.283835238871099
PB20.13.13_Comb26Ch36,4349823.002703,4349822.998046875,2.064452480248344
PB20.13.13_Comb26Ch37,4394836.430438,4394836.42578125,1.779989334923457
PB20.13.12_Comb28Ch01,1590728.764422,1590728.759765625,1.8773164408036842
PB20.13.12_Comb28Ch02,1635818.486102,1635818.4814453125,1.6389590515332784
PB20.13.12_Comb28Ch03,1740570.073016,1740570.068359375,1.3274814974134355
PB20.13.12_Comb28Ch04,1795730.595477,1795730.5908203125,1.8895069508183913
PB20.13.12_Comb28Ch05,1836471.562274,1836471.5576171875,1.4710298856698254
PB20.13.12_Comb28Ch06,1882934.574969,1882934.5703125,1.466911410699634
PB20.13.12_Comb28Ch07,1947937.016375,1947937.01171875,1.5320206815780357
PB20.13.12_Comb28Ch08,2070541.386493,NaN,NaN
PB20.13.12_Comb28Ch09,2116775.517352,2116775.5126953125,2.08751410704389
PB20.13.12_Comb28Ch10,2172088.627703,2172088.623046875,1.6844235140009678
PB20.13.12_Comb28Ch11,2227249.150164,2227249.1455078125,1.559141905516846
PB20.13.12_Comb28Ch12,2293777.470477,2293777.4658203125,1.3697098894139752
PB20.13.12_Comb28Ch13,2405242.924578,2405242.919921875,1.4616042633559228
PB20.13.12_Comb28Ch14,2486114.50661,2486114.501953125,1.491196084008131
PB20.13.12_Comb28Ch15,2539367.680438,2539367.67578125,1.5233631323815744
PB20.13.12_Comb28Ch16,2598648.075946,2598648.0712890625,1.5343889452415376
PB20.13.12_Comb28Ch17,2699661.259539,2699661.2548828125,1.0766184606441696
PB20.13.12_Comb28Ch18,2758331.303485,2758331.298828125,2.0778469726600717
PB20.13.12_Comb28Ch19,2803955.082782,2803955.078125,1.6856716279312334
PB20.13.12_Comb28Ch20,2876510.624774,2876510.6201171875,1.5988788314325784
PB20.13.12_Comb28Ch21,2984085.087664,2984085.0830078125,1.6294109532691874
PB20.13.12_Comb28Ch22,3129730.229266,3129730.224609375,1.3532204228341858
PB20.13.12_Comb28Ch23,3207092.289813,3207092.28515625,2.0050345331738386
PB20.13.12_Comb28Ch24,3283233.647235,3283233.642578125,1.6958438171210137
PB20.13.12_Comb28Ch25,3343048.10036,3343048.095703125,1.5212208256075666
PB20.13.12_Comb28Ch26,3420410.160907,3420410.15625,1.6008390232120506
PB20.13.12_Comb28Ch27,3535232.548602,3535232.5439453125,1.8773298604341149
PB20.13.12_Comb28Ch28,3583755.497821,3583755.4931640625,1.7132349413782002
PB20.13.12_Comb28Ch29,3667907.7195,3667907.71484375,1.5452521555526295
PB20.13.12_Comb28Ch30,3741531.376727,3741531.3720703125,1.4488669343840501
PB20.13.12_Comb28Ch31,3891372.685321,3891372.6806640625,1.675340706654908
PB20.13.12_Comb28Ch32,3976058.964618,3976058.9599609375,1.3508968155404928
PB20.13.12_Comb28Ch33,4072189.335711,4072189.3310546875,1.8390189106344614
PB20.13.12_Comb28Ch34,4159851.078875,4159851.07421875,1.6351829683491172
PB20.13.12_Comb28Ch35,4316558.842547,4316558.837890625,1.4573223485777975
PB20.13.13_Comb12Ch01,1649856.572039,1649856.5673828125,1.4626725611460079
PB20.13.13_Comb12Ch02,1685867.314227,1685867.3095703125,1.3845424178772352
PB20.13.13_Comb12Ch03,1732254.032977,1732254.0283203125,1.2532625303692952
PB20.13.13_Comb12Ch04,1781692.509539,1781692.5048828125,1.3202646011473114
PB20.13.13_Comb12Ch05,1834945.683368,1834945.6787109375,1.4970831889988014
PB20.13.13_Comb12Ch06,1902847.294696,1902847.2900390625,1.9160396381816565
PB20.13.13_Comb12Ch07,1944427.494891,1944427.490234375,1.5105291569428891
PB20.13.13_Comb12Ch08,2002716.06911,2002716.064453125,1.5788636755726206
PB20.13.13_Comb12Ch09,2106094.365008,2106094.3603515625,1.0568275830204745
PB20.13.13_Comb12Ch10,2181854.252703,2181854.248046875,1.611483033781709
PB20.13.13_Comb12Ch11,2244415.28786,2244415.283203125,1.8286471269636835
PB20.13.13_Comb12Ch12,2298736.576922,2298736.572265625,1.6424063032450456
PB20.13.13_Comb12Ch13,2355957.035907,2355957.03125,1.6046101273430688
PB20.13.13_Comb12Ch14,2420730.595477,2420730.5908203125,1.369083051937343
PB20.13.13_Comb12Ch15,2486419.682391,2486419.677734375,1.5747396237778906
PB20.13.13_Comb12Ch16,2564620.976336,2564620.9716796875,1.8441483212545309
PB20.13.13_Comb12Ch17,2613296.513446,2613296.5087890625,1.5735130667544928
PB20.13.13_Comb12Ch18,2690048.22243,2690048.2177734375,1.6312916175708732
PB20.13.13_Comb12Ch19,2757110.60036,2757110.595703125,1.1249386307902922
PB20.13.13_Comb12Ch20,2842483.525164,2842483.5205078125,1.897064224756358
PB20.13.13_Comb12Ch21,2911529.545672,2911529.541015625,1.8334806246135842
PB20.13.13_Comb12Ch22,2984924.321063,2984924.31640625,1.6402154394349053
PB20.13.13_Comb12Ch23,3058853.154071,3058853.1494140625,2.023379795401913
PB20.13.13_Comb12Ch24,3130874.638446,3130874.6337890625,1.3541203962662598
PB20.13.13_Comb12Ch25,3292770.390399,3292770.3857421875,1.5000329320185017
PB20.13.13_Comb12Ch26,3371658.329852,3371658.3251953125,1.3751722403244642
PB20.13.13_Comb12Ch27,3465499.882586,3465499.8779296875,2.162545474664439
PB20.13.13_Comb12Ch28,3526916.508563,3526916.50390625,1.5661348853799268
PB20.13.13_Comb12Ch29,3629074.101336,3629074.0966796875,1.303046842732663
PB20.13.13_Comb12Ch30,3722457.890399,3722457.8857421875,2.2333659016791096
PB20.13.13_Comb12Ch31,3815002.446063,3815002.44140625,2.2624060905934793
PB20.13.13_Comb12Ch32,3886184.697039,3886184.6923828125,1.4852843155479023
PB20.13.13_Comb12Ch33,3981018.071063,3981018.06640625,1.373812476983693
PB20.13.13_Comb12Ch34,4066085.820086,4066085.8154296875,1.230001008418837
PB20.13.13_Comb12Ch35,4185791.020282,4185791.015625,1.8951583047079053
PB20.13.13_Comb12Ch36,4264984.135516,4264984.130859375,1.162107186112599
PB20.13.13_Comb12Ch37,4370727.543719,4370727.5390625,1.6586807516167175
PB20.13.13_Comb12Ch38,4377899.174578,4377899.169921875,1.53565420978642
PB20.13.13_Comb22Ch01,1639099.12575,1639099.12109375,1.251398357379708
PB20.13.13_Comb22Ch02,1684570.317157,1684570.3125,1.3936263552393204
PB20.13.13_Comb22Ch03,1736679.081805,1736679.0771484375,1.33205976062293
PB20.13.13_Comb22Ch04,1889877.323993,1889877.3193359375,1.4628400062250846
PB20.13.13_Comb22Ch05,1947937.016375,1947937.01171875,1.5336124282670969
PB20.13.13_Comb22Ch06,2167663.578875,2167663.57421875,1.4486646235495813
PB20.13.13_Comb22Ch07,2302322.392352,2302322.3876953125,1.4739990492110993
PB20.13.13_Comb22Ch08,2479782.109149,2479782.1044921875,1.4770801379087792
PB20.13.13_Comb22Ch09,2552108.769305,2552108.7646484375,1.3233259512080269
PB20.13.13_Comb22Ch10,2686538.700946,2686538.6962890625,1.4589106773029998
PB20.13.13_Comb22Ch11,2827835.087664,2827835.0830078125,1.2423445064130956
PB20.13.13_Comb22Ch12,2903900.151141,2903900.146484375,1.5120843898645322
PB20.13.13_Comb22Ch13,2979507.450946,2979507.4462890625,1.5074534965429083
PB20.13.13_Comb22Ch14,3037796.025164,3037796.0205078125,1.342346150719013
PB20.13.13_Comb22Ch15,3140869.145282,3140869.140625,1.4288706103037891
PB20.13.13_Comb22Ch16,3447494.511493,3447494.5068359375,1.5045355922069223
PB20.13.13_Comb22Ch17,3621215.824969,3621215.8203125,1.1272181971692672
PB20.13.13_Comb22Ch18,3714752.201922,3714752.197265625,1.5098085143151891
PB20.13.13_Comb22Ch19,3807067.87575,3807067.87109375,1.4598442277079817
PB20.13.13_Comb22Ch20,3895111.088641,3895111.083984375,1.4528608901626454
PB20.13.13_Comb22Ch21,4344482.426532,4344482.421875,1.3599063989272944
PB20.13.28_Comb10Ch01,1711502.079852,1711502.0751953125,2.0389739838819585
PB20.13.28_Comb10Ch02,1760635.380633,1760635.3759765625,1.3856415349411324
PB20.13.28_Comb10Ch03,1795959.477313,1795959.47265625,3.7863804712659292
PB20.13.28_Comb10Ch04,1846771.244891,1846771.240234375,1.3300670891161384
PB20.13.28_Comb10Ch05,1905670.170672,1905670.166015625,1.8620068121295563
PB20.13.28_Comb10Ch06,1976013.18825,1976013.18359375,1.8578283531031228
PB20.13.28_Comb10Ch07,2031707.768328,2031707.763671875,1.5450769960746482
PB20.13.28_Comb10Ch08,2080917.363055,2080917.3583984375,1.5878417305071881
PB20.13.28_Comb10Ch09,2136688.237078,2136688.232421875,4.342462060096533
PB20.13.28_Comb10Ch10,2177963.261493,2177963.2568359375,1.0669404397826068
PB20.13.28_Comb10Ch11,2251739.50661,2251739.501953125,2.3428494543479266
PB20.13.28_Comb10Ch12,2322158.818133,2322158.8134765625,1.719482586694842
PB20.13.28_Comb10Ch13,2402648.930438,2402648.92578125,3.1082711603363045
PB20.13.28_Comb10Ch14,2432937.626727,2432937.6220703125,1.5931656957308131
PB20.13.28_Comb10Ch15,2518768.315203,2518768.310546875,1.82449678187084
PB20.13.28_Comb10Ch16,2565078.740008,2565078.7353515625,1.9833983472879175
PB20.13.28_Comb10Ch17,2676391.606219,2676391.6015625,1.245390158250336
PB20.13.28_Comb10Ch18,2708740.239032,2708740.234375,1.733764486443496
PB20.13.28_Comb10Ch19,2762298.588641,2762298.583984375,4.441305275982401
PB20.13.28_Comb10Ch20,2857284.550555,2857284.5458984375,1.1947768543449704
PB20.13.28_Comb10Ch21,2995147.709735,2995147.705078125,4.983526676591581
PB20.13.28_Comb10Ch22,3176879.887469,3176879.8828125,1.3146925082866239
PB20.13.28_Comb10Ch23,3265914.921649,3265914.9169921875,1.9318411733477745
PB20.13.28_Comb10Ch24,3315277.104266,3315277.099609375,1.4918818292574
PB20.13.28_Comb10Ch25,3394393.925555,3394393.9208984375,2.3282864716981333
PB20.13.28_Comb10Ch26,3483123.783953,3483123.779296875,1.4557557733112663
PB20.13.28_Comb10Ch27,3605804.448016,3605804.443359375,3.840358618060816
PB20.13.28_Comb10Ch28,3671646.122821,3671646.1181640625,1.754995301181895
PB20.13.28_Comb10Ch29,3727111.821063,3727111.81640625,1.8987655207103613
PB20.13.28_Comb10Ch30,3835296.635516,NaN,NaN
PB20.13.28_Comb10Ch31,4018936.161883,4018936.1572265625,1.807648681508293
PB20.13.28_Comb10Ch32,4143600.468524,4143600.4638671875,1.9943981344670858
PB20.13.28_Comb10Ch33,4205551.152118,4205551.1474609375,1.4582759500982998
PB20.13.28_Comb10Ch34,4327163.700946,4327163.6962890625,2.266445886344843
PB20.13.28_Comb10Ch35,4544296.269305,4544296.2646484375,1.4453881036463914
PB20.13.28_Comb10Ch36,4563140.873797,4563140.869140625,1.5510265462390038
PB20.13.13_Comb28Ch01,1639556.889422,1639556.884765625,1.219579105891774
PB20.13.13_Comb28Ch02,1683044.43825,1683044.43359375,1.2810051535333207
PB20.13.13_Comb28Ch03,1728591.923602,1728591.9189453125,1.284897893009798
PB20.13.13_Comb28Ch04,1780548.10036,1780548.095703125,1.206177346627869
PB20.13.13_Comb28Ch05,1827163.700946,1827163.6962890625,1.2650443527980912
PB20.13.13_Comb28Ch06,1890563.9695,1890563.96484375,1.46726199588278
PB20.13.13_Comb28Ch07,1943969.731219,1943969.7265625,1.457356702783383
PB20.13.13_Comb28Ch08,1995010.380633,1995010.3759765625,1.5744348736882352
PB20.13.13_Comb28Ch09,2101898.198016,2101898.193359375,1.0110323159425718
PB20.13.13_Comb28Ch10,2166595.463641,NaN,NaN
PB20.13.13_Comb28Ch11,2227859.501727,2227859.4970703125,1.5087555077763
PB20.13.13_Comb28Ch12,2297592.167743,2297592.1630859375,1.5409816329855737
PB20.13.13_Comb28Ch13,2344589.238055,2344589.2333984375,1.4528806375090242
PB20.13.13_Comb28Ch14,2419891.362078,2419891.357421875,1.2598881075690962
PB20.13.13_Comb28Ch15,2489089.970477,2489089.9658203125,1.4423415846241612
PB20.13.13_Comb28Ch16,2549057.011493,2549057.0068359375,1.273224252450288
PB20.13.13_Comb28Ch17,2613906.865008,2613906.8603515625,1.611048854385398
PB20.13.13_Comb28Ch18,2692947.392352,NaN,NaN
PB20.13.13_Comb28Ch19,2750625.615008,2750625.6103515625,1.0472977762003135
PB20.13.13_Comb28Ch20,2828979.496844,2828979.4921875,1.2558827210804853
PB20.13.13_Comb28Ch21,2907943.730243,2907943.7255859375,1.6025069180067908
PB20.13.13_Comb28Ch22,2982559.208758,NaN,NaN
PB20.13.13_Comb28Ch23,3036117.558368,3036117.5537109375,1.394993650871688
PB20.13.13_Comb28Ch24,3130340.580828,3130340.576171875,1.2507356975799344
PB20.13.13_Comb28Ch25,3290863.041766,3290863.037109375,1.2005263949171825
PB20.13.13_Comb28Ch26,3372955.326922,3372955.322265625,1.2923748014092498
PB20.13.13_Comb28Ch27,3442764.286883,3442764.2822265625,1.6024542563277613
PB20.13.13_Comb28Ch28,3524703.984149,3524703.9794921875,1.6023862819128354
PB20.13.13_Comb28Ch29,3622283.940203,3622283.935546875,1.1610461227419346
PB20.13.13_Comb28Ch30,3718948.368914,3718948.3642578125,1.6510736363872276
PB20.13.13_Comb28Ch31,3808746.342547,3808746.337890625,1.4304721242253549
PB20.13.13_Comb28Ch32,3889923.10036,3889923.095703125,1.391768938892688
PB20.13.13_Comb28Ch33,3967514.042743,3967514.0380859375,1.17831843421877
PB20.13.13_Comb28Ch34,4063873.295672,4063873.291015625,1.1198939680210256
PB20.13.13_Comb28Ch35,4180145.268328,4180145.263671875,1.0948638990225201
PB20.13.13_Comb28Ch36,4268417.363055,4268417.3583984375,1.1156405866292298
PB20.13.13_Comb28Ch37,4346008.305438,4346008.30078125,1.6233420090746138
PB20.13.13_Comb28Ch38,4367980.961688,4367980.95703125,1.6532609193026309
PB20.13.15_Comb05Ch01,1639175.419696,1639175.4150390625,1.4826818799209351
PB20.13.15_Comb05Ch02,1678466.801532,1678466.796875,1.4633934745061183
PB20.13.15_Comb05Ch03,1729049.687274,1729049.6826171875,1.592873173708252
PB20.13.15_Comb05Ch04,1785507.206805,1785507.2021484375,1.455757768146505
PB20.13.15_Comb05Ch05,1832199.101336,1832199.0966796875,1.5076332894952795
PB20.13.15_Comb05Ch06,1890792.851336,1890792.8466796875,1.648371475667692
PB20.13.15_Comb05Ch07,1938018.803485,1938018.798828125,1.617150569848393
PB20.13.15_Comb05Ch08,2002258.305438,2002258.30078125,1.6130221491411105
PB20.13.15_Comb05Ch09,2116775.517352,2116775.5126953125,0.9300163799852812
PB20.13.15_Comb05Ch10,2171630.864032,2171630.859375,1.61222677204744
PB20.13.15_Comb05Ch11,2231445.317157,2231445.3125,1.5629519836995982
PB20.13.15_Comb05Ch12,2291336.064227,2291336.0595703125,1.6508447857983581
PB20.13.15_Comb05Ch13,2357864.384539,2357864.3798828125,1.5484426309678745
PB20.13.15_Comb05Ch14,2414703.373797,2414703.369140625,1.5115620035839372
PB20.13.15_Comb05Ch15,2473754.887469,2473754.8828125,1.5875591276397703
PB20.13.15_Comb05Ch16,2550659.184344,2550659.1796875,1.4745617195820875
PB20.13.15_Comb05Ch17,2766571.049578,2766571.044921875,0.9418286971289127
PB20.13.15_Comb05Ch18,2825851.445086,2825851.4404296875,1.4344362325745585
PB20.13.15_Comb05Ch19,2967453.007586,2967453.0029296875,1.4848161945941079
PB20.13.15_Comb05Ch20,3038864.140399,3038864.1357421875,1.375634808335552
PB20.13.15_Comb05Ch21,3124084.477313,3124084.47265625,1.383052079684198
PB20.13.15_Comb05Ch22,3198699.955828,3198699.951171875,1.3568928133941567
PB20.13.15_Comb05Ch23,3357009.892352,3357009.8876953125,1.282675442917296
PB20.13.15_Comb05Ch24,3451461.796649,3451461.7919921875,1.6781049381340356
PB20.13.15_Comb05Ch25,3614044.19411,3614044.189453125,1.29467875364552
PB20.13.15_Comb05Ch26,3791046.147235,3791046.142578125,1.5082602273700831
PB20.13.15_Comb05Ch27,3873748.783953,3873748.779296875,1.5129376350752233
PB20.13.15_Comb05Ch28,3972091.679461,3972091.6748046875,1.3851096061259485
PB20.13.15_Comb05Ch29,4067382.817157,4067382.8125,1.319493172526464
PB20.13.15_Comb05Ch30,4247360.234149,4247360.2294921875,1.185592717621518
PB20.13.15_Comb05Ch31,4358520.512469,4358520.5078125,1.784043234332269
PB20.13.15_Comb05Ch32,4560317.997821,NaN,NaN
PB20.13.28_Comb07Ch01,1694793.705828,1694793.701171875,1.429619571598001
PB20.13.28_Comb07Ch02,1753463.749774,1753463.7451171875,1.2828748049794425
PB20.13.28_Comb07Ch03,1782302.861102,1782302.8564453125,2.1090164313537607
PB20.13.28_Comb07Ch04,1844787.602313,1844787.59765625,1.248409426431897
PB20.13.28_Comb07Ch05,1901321.415789,1901321.4111328125,1.4330695839772398
PB20.13.28_Comb07Ch06,1964187.626727,1964187.6220703125,1.6251674349460035
PB20.13.28_Comb07Ch07,2014923.10036,NaN,NaN
PB20.13.28_Comb07Ch08,2070999.150164,2070999.1455078125,1.9148063359381196
PB20.13.28_Comb07Ch09,2122726.445086,2122726.4404296875,1.5622892784687943
PB20.13.28_Comb07Ch10,2186126.713641,2186126.708984375,1.011250016257238
PB20.13.28_Comb07Ch11,2237396.244891,2237396.240234375,1.7279855732557066
PB20.13.28_Comb07Ch12,2309341.435321,2309341.4306640625,1.5030755303864383
PB20.13.28_Comb07Ch13,2387695.317157,2387695.3125,2.388293346850236
PB20.13.28_Comb07Ch14,2437515.263446,2437515.2587890625,1.5049349213529475
PB20.13.28_Comb07Ch15,2499389.653094,2499389.6484375,1.4557364771809544
PB20.13.28_Comb07Ch16,2572479.252703,2572479.248046875,1.5886673022861653
PB20.13.28_Comb07Ch17,2656555.180438,2656555.17578125,1.674896992019495
PB20.13.28_Comb07Ch18,2697830.204852,2697830.2001953125,1.8897148725368043
PB20.13.28_Comb07Ch19,2859954.838641,2859954.833984375,1.0529811395843895
PB20.13.28_Comb07Ch20,2928009.03786,2928009.033203125,1.6581526670427225
PB20.13.28_Comb07Ch21,2999801.640399,2999801.6357421875,1.6933342207578588
PB20.13.28_Comb07Ch22,3085174.565203,3085174.560546875,1.6776705974787396
PB20.13.28_Comb07Ch23,3151245.121844,3151245.1171875,1.8324222719758123
PB20.13.28_Comb07Ch24,3250656.132586,3250656.1279296875,1.5583451706368534
PB20.13.28_Comb07Ch25,3292694.096453,3292694.091796875,1.35759180715803
PB20.13.28_Comb07Ch26,3394012.455828,3394012.451171875,1.5454508334198964
PB20.13.28_Comb07Ch27,3474273.686297,3474273.681640625,1.260316786611607
PB20.13.28_Comb07Ch28,3581542.973407,3581542.96875,3.327577513591834
PB20.13.28_Comb07Ch29,3634567.265399,3634567.2607421875,2.073794625297263
PB20.13.28_Comb07Ch30,3730468.754657,3730468.75,1.4416395911305502
PB20.13.28_Comb07Ch31,3839950.56618,3839950.5615234375,1.9016971905512716
PB20.13.28_Comb07Ch32,3953170.781024,3953170.7763671875,1.8315146801928872
PB20.13.28_Comb07Ch33,4013900.761493,4013900.7568359375,2.0831256986115703
PB20.13.28_Comb07Ch34,4128799.443133,4128799.4384765625,1.6463936423398529
PB20.13.28_Comb07Ch35,4188842.778094,4188842.7734375,1.408532729219167
PB20.13.28_Comb07Ch36,4322814.946063,4322814.94140625,1.5725393503082434
PB20.13.28_Comb07Ch37,4403686.528094,4403686.5234375,1.3432725693118877
PB20.13.28_Comb07Ch38,4511795.048602,4511795.0439453125,2.2833957113711514
PB20.13.28_Comb03Ch01,1690368.657,1690368.65234375,2.2070300122640165
PB20.13.28_Comb03Ch02,1731643.681414,1731643.6767578125,1.4756405468952896
PB20.13.28_Comb03Ch03,1778869.633563,1778869.62890625,1.4213716305888096
PB20.13.28_Comb03Ch04,1839141.85036,1839141.845703125,1.307755080520391
PB20.13.28_Comb03Ch05,1894683.842547,1894683.837890625,1.9779827519131594
PB20.13.28_Comb03Ch06,1950225.834735,1950225.830078125,1.5605827249974469
PB20.13.28_Comb03Ch07,1994781.498797,1994781.494140625,1.5806569398358223
PB20.13.28_Comb03Ch08,2067413.334735,2067413.330078125,1.627113423786682
PB20.13.28_Comb03Ch09,2120513.920672,2120513.916015625,1.6886359137121467
PB20.13.28_Comb03Ch10,2190856.93825,2190856.93359375,1.0620172600290443
PB20.13.28_Comb03Ch11,2231521.611102,2231521.6064453125,2.2786071324427466
PB20.13.28_Comb03Ch12,2298583.989032,2298583.984375,1.7085735789472964
PB20.13.28_Comb03Ch13,2361984.257586,2361984.2529296875,1.6181524142080161
PB20.13.28_Comb03Ch14,2436065.678485,2436065.673828125,1.5547421869422644
PB20.13.28_Comb03Ch15,2484970.09743,2484970.0927734375,1.7730775745878105
PB20.13.28_Comb03Ch16,2544708.25661,2544708.251953125,1.6895250143468272
PB20.13.28_Comb03Ch17,2632522.587664,2632522.5830078125,1.3143757284108344
PB20.13.28_Comb03Ch18,2686614.994891,2686614.990234375,1.7432503833110933
PB20.13.28_Comb03Ch19,2758560.185321,2758560.1806640625,1.811130124326219
PB20.13.28_Comb03Ch20,2851791.386493,2851791.3818359375,1.0589133901716579
PB20.13.28_Comb03Ch21,2912826.542743,2912826.5380859375,2.5534290691830592
PB20.13.28_Comb03Ch22,2982406.620868,2982406.6162109375,1.8438149102087495
PB20.13.28_Comb03Ch23,3053970.341571,3053970.3369140625,1.6466503377159987
PB20.13.28_Comb03Ch24,3135223.393328,3135223.388671875,1.3130254842041291
PB20.13.28_Comb03Ch25,3216934.208758,3216934.2041015625,1.7126484951256926
PB20.13.28_Comb03Ch26,3286972.050555,3286972.0458984375,1.5757567382119142
PB20.13.28_Comb03Ch27,3363723.759539,3363723.7548828125,1.745364077459953
PB20.13.28_Comb03Ch28,3451004.032977,3451004.0283203125,1.4931149323537662
PB20.13.28_Comb03Ch29,3557434.086688,3557434.08203125,1.767846639009706
PB20.13.28_Comb03Ch30,3621292.118914,3621292.1142578125,1.7592389428043758
PB20.13.28_Comb03Ch31,3708190.922625,3708190.91796875,2.0527457648411485
PB20.13.28_Comb03Ch32,3812637.333758,3812637.3291015625,1.9219147580497142
PB20.13.28_Comb03Ch33,3897171.025164,3897171.0205078125,1.6408125815220242
PB20.13.28_Comb03Ch34,3978347.782977,3978347.7783203125,1.756266808697662
PB20.13.28_Comb03Ch35,4093322.758563,4093322.75390625,1.9985018952563498
PB20.13.28_Comb03Ch36,4170913.700946,4170913.6962890625,1.3550012413811041
PB20.13.28_Comb03Ch37,4281311.039813,4281311.03515625,1.7660342476081878
PB20.13.28_Comb03Ch38,4359283.451922,4359283.447265625,1.381120920037132
PB20.13.12_Comb26Ch01,1605758.671649,1605758.6669921875,1.345310822234416
PB20.13.12_Comb26Ch02,1656951.908953,1656951.904296875,1.971221161418108
PB20.13.12_Comb26Ch03,1694259.648211,1694259.6435546875,1.4731286648305832
PB20.13.12_Comb26Ch04,1751785.282977,1751785.2783203125,2.031982920661383
PB20.13.12_Comb26Ch05,1810989.384539,1810989.3798828125,1.489089594354519
PB20.13.12_Comb26Ch06,1856307.988055,NaN,NaN
PB20.13.12_Comb26Ch07,1961059.574969,1961059.5703125,1.615949914003755
PB20.13.12_Comb26Ch08,2015380.864032,2015380.859375,1.327103941724975
PB20.13.12_Comb26Ch09,2085723.88161,2085723.876953125,1.081871190710062
PB20.13.12_Comb26Ch10,2133331.303485,2133331.298828125,1.405575526962192
PB20.13.12_Comb26Ch11,2194213.871844,2194213.8671875,2.066415409814199
PB20.13.12_Comb26Ch12,2312774.66286,2312774.658203125,2.0018070327311013
PB20.13.12_Comb26Ch13,2374114.994891,2374114.990234375,1.51640647616705
PB20.13.12_Comb26Ch14,2423934.94118,2423934.9365234375,1.6828505108519818
PB20.13.12_Comb26Ch15,2518920.903094,2518920.8984375,1.6703626867391703
PB20.13.12_Comb26Ch16,2551269.535907,2551269.53125,1.6854462897586184
PB20.13.12_Comb26Ch17,2621688.84743,2621688.8427734375,1.301434069034186
PB20.13.12_Comb26Ch18,2719802.861102,2719802.8564453125,1.0565519843420745
PB20.13.12_Comb26Ch19,2787399.296649,2787399.2919921875,1.5308397345667188
PB20.13.12_Comb26Ch20,2829513.554461,2829513.5498046875,1.3362624524895335
PB20.13.12_Comb26Ch21,2903366.093524,2903366.0888671875,1.6975769405147068
PB20.13.12_Comb26Ch22,3014984.135516,3014984.130859375,1.637578306786763
PB20.13.12_Comb26Ch23,3079223.637469,3079223.6328125,1.7060581408449398
PB20.13.12_Comb26Ch24,3143920.903094,3143920.8984375,1.9956109229023868
PB20.13.12_Comb26Ch25,3230972.294696,3230972.2900390625,1.477773575629783
PB20.13.12_Comb26Ch26,3304672.245868,3304672.2412109375,1.9268185761621601
PB20.13.12_Comb26Ch27,3371810.917743,3371810.9130859375,1.6228241012986093
PB20.13.12_Comb26Ch28,3439865.116961,3439865.1123046875,1.6366825168100756
PB20.13.12_Comb26Ch29,3555908.207782,NaN,NaN
PB20.13.12_Comb26Ch30,3613433.842547,3613433.837890625,1.4081855654493307
PB20.13.12_Comb26Ch31,3704910.282977,3704910.2783203125,1.8658805822179985
PB20.13.12_Comb26Ch32,3775177.00661,3775177.001953125,1.406738093577067
PB20.13.12_Comb26Ch33,3921966.557391,3921966.552734375,1.9666714455088705
PB20.13.12_Comb26Ch34,3997116.093524,3997116.0888671875,1.7084198818408853
PB20.13.12_Comb26Ch35,4108200.077899,4108200.0732421875,1.4033305284864732
PB20.13.12_Comb26Ch36,4197769.169696,4197769.1650390625,1.7481968680403177
PB20.13.12_Comb26Ch37,4244689.946063,4244689.94140625,1.3504402077813853
PB20.13.12_Comb26Ch38,4342575.077899,4342575.0732421875,1.505967577235471
PB20.13.13_Comb09Ch01,1637649.540789,1637649.5361328125,1.2200173352070507
PB20.13.13_Comb09Ch02,1683273.320086,1683273.3154296875,1.341599234692259
PB20.13.13_Comb09Ch03,1731567.387469,1731567.3828125,1.2754384224874005
PB20.13.13_Comb09Ch04,1783218.388446,1783218.3837890625,1.283495122893906
PB20.13.13_Comb09Ch05,1825561.528094,1825561.5234375,1.3055846047317512
PB20.13.13_Comb09Ch06,1888351.445086,1888351.4404296875,1.558865225200704
PB20.13.13_Comb09Ch07,1945419.31618,1945419.3115234375,1.4575775911469668
PB20.13.13_Comb09Ch08,1996154.789813,1996154.78515625,1.4971402467349324
PB20.13.13_Comb09Ch09,2055816.655047,2055816.650390625,1.5123736602188875
PB20.13.13_Comb09Ch10,2106094.365008,2106094.3603515625,1.0722813204579837
PB20.13.13_Comb09Ch11,2168121.342547,2168121.337890625,1.5306488133534746
PB20.13.13_Comb09Ch12,2223968.510516,2223968.505859375,1.675407364759534
PB20.13.13_Comb09Ch13,2299041.752703,2299041.748046875,1.487300087391462
PB20.13.13_Comb09Ch14,2349700.932391,2349700.927734375,1.5297390716589956
PB20.13.13_Comb09Ch15,2421569.828875,2421569.82421875,1.3573797922204043
PB20.13.13_Comb09Ch16,2493133.549578,2493133.544921875,1.502827802823902
PB20.13.13_Comb09Ch17,2546310.429461,2546310.4248046875,1.3334161248859346
PB20.13.13_Comb09Ch18,2619781.498797,2619781.494140625,1.558274675189041
PB20.13.13_Comb09Ch19,2702331.547625,2702331.54296875,1.4828658119037654
PB20.13.13_Comb09Ch20,2753067.021258,2753067.0166015625,1.086058816358382
PB20.13.13_Comb09Ch21,2824783.329852,NaN,NaN
PB20.13.13_Comb09Ch22,2911376.957782,2911376.953125,1.5486670178863948
PB20.13.13_Comb09Ch23,2982788.090594,2982788.0859375,1.5391555066607705
PB20.13.13_Comb09Ch24,3130722.050555,3130722.0458984375,1.2786481883345548
PB20.13.13_Comb09Ch25,3206558.232196,3206558.2275390625,1.2805548814664398
PB20.13.13_Comb09Ch26,3293228.154071,3293228.1494140625,1.2417828580234245
PB20.13.13_Comb09Ch27,3379135.136493,3379135.1318359375,1.3134618353909695
PB20.13.13_Comb09Ch28,3444290.165789,3444290.1611328125,1.6095494856466428
PB20.13.13_Comb09Ch29,3528671.269305,3528671.2646484375,1.529278752793887
PB20.13.13_Comb09Ch30,3634033.207782,3634033.203125,1.1832517636624575
PB20.13.13_Comb09Ch31,3718490.605243,3718490.6005859375,1.6230564819771598
PB20.13.13_Comb09Ch32,3807754.521258,3807754.5166015625,1.487051447036878
PB20.13.13_Comb09Ch33,3894653.324969,3894653.3203125,1.4298640076201008
PB20.13.13_Comb09Ch34,3964614.872821,3964614.8681640625,1.2388079466416733
PB20.13.13_Comb09Ch35,4075775.151141,4075775.146484375,1.1956027513856982
PB20.13.13_Comb09Ch36,4178543.095477,4178543.0908203125,1.1244560033987865
PB20.13.13_Comb09Ch37,4267959.599383,4267959.5947265625,1.1268635701234768
PB20.13.13_Comb09Ch38,4346389.775164,4346389.7705078125,1.6535181965340784
PB20.13.13_Comb09Ch39,4370117.192157,4370117.1875,1.4103367856524247
PB20.13.13_Comb01Ch01,1690216.06911,1690216.064453125,1.3441817822591409
PB20.13.13_Comb01Ch02,1742630.009539,1742630.0048828125,1.240505021853264
PB20.13.13_Comb01Ch03,1781692.509539,1781692.5048828125,1.3031051816426034
PB20.13.13_Comb01Ch04,1833496.098407,1833496.09375,1.3034751704794978
PB20.13.13_Comb01Ch05,1891632.084735,1891632.080078125,1.337810342308839
PB20.13.13_Comb01Ch06,1954956.059344,1954956.0546875,1.6212002885389047
PB20.13.13_Comb01Ch07,2003936.772235,2003936.767578125,1.629840486454882
PB20.13.13_Comb01Ch08,2060699.467547,2060699.462890625,1.775928307501512
PB20.13.13_Comb01Ch09,2177963.261493,2177963.2568359375,1.027084945481897
PB20.13.13_Comb01Ch10,2235870.365985,2235870.361328125,1.6872114233119542
PB20.13.13_Comb01Ch11,2303237.919696,2303237.9150390625,1.5847180867207427
PB20.13.13_Comb01Ch12,2368545.536883,NaN,NaN
PB20.13.13_Comb01Ch13,2430877.690203,2430877.685546875,1.6194094320989743
PB20.13.13_Comb01Ch14,2488021.855243,2488021.8505859375,1.4692265741734762
PB20.13.13_Comb01Ch15,2571029.667743,2571029.6630859375,1.6785895293607738
PB20.13.13_Comb01Ch16,2638778.69118,2638778.6865234375,1.3167963173328545
PB20.13.13_Comb01Ch17,2691726.689227,2691726.6845703125,1.645241975388167
PB20.13.13_Comb01Ch18,2781829.838641,2781829.833984375,1.5930503610105065
PB20.13.13_Comb01Ch19,2843017.582782,2843017.578125,1.0923958351041048
PB20.13.13_Comb01Ch20,2916870.121844,2916870.1171875,1.4455113254488083
PB20.13.13_Comb01Ch21,2996292.118914,2996292.1142578125,1.6524500240905053
PB20.13.13_Comb01Ch22,3136901.860125,3136901.85546875,1.3595732204658606
PB20.13.13_Comb01Ch23,3224792.485125,3224792.48046875,1.441202733559834
PB20.13.13_Comb01Ch24,3474121.098407,3474121.09375,1.3231923215295003
PB20.13.13_Comb01Ch25,3559188.84743,3559188.8427734375,1.7085142435670058
PB20.13.13_Comb01Ch26,3613204.960711,3613204.9560546875,1.6898267630943649
PB20.13.13_Comb01Ch27,3828582.768328,3828582.763671875,1.5940676852892386
PB20.13.13_Comb01Ch28,3933334.355243,3933334.3505859375,1.5914885471667712
PB20.13.13_Comb01Ch29,4007873.539813,4007873.53515625,1.6098663384678875
PB20.13.13_Comb01Ch30,4098587.040789,4098587.0361328125,1.2685901282233591
PB20.13.13_Comb01Ch31,4172668.461688,4172668.45703125,1.2273325423355808
PB20.13.13_Comb01Ch32,4307098.393328,4307098.388671875,1.2034196363364167
PB20.13.13_Comb01Ch33,4387130.741961,4387130.7373046875,1.0696155622265486
PB20.13.13_Comb01Ch34,4483032.231219,4483032.2265625,1.7900286802385161
PB20.13.13_Comb01Ch35,4493637.089618,4493637.0849609375,1.4332893733870342
PB20.13.11_Comb25Ch01,1790618.901141,1790618.896484375,1.2249293953751264
PB20.13.11_Comb25Ch02,1854400.639422,1854400.634765625,1.204790627288918
PB20.13.11_Comb25Ch03,1917953.495868,1917953.4912109375,1.1806230753587477
PB20.13.11_Comb25Ch04,1990966.801532,1990966.796875,1.4097714068821037
PB20.13.11_Comb25Ch05,2036285.405047,2036285.400390625,1.4443131118448742
PB20.13.11_Comb25Ch06,2094345.09743,2094345.0927734375,1.440935347289199
PB20.13.11_Comb25Ch07,2187805.180438,2187805.17578125,1.0083704432287475
PB20.13.11_Comb25Ch08,2257690.434344,2257690.4296875,1.459136564561507
PB20.13.11_Comb25Ch09,2327880.864032,2327880.859375,1.4373591867690656
PB20.13.11_Comb25Ch10,2421112.065203,2421112.060546875,1.4011866950065621
PB20.13.11_Comb25Ch11,2443084.721453,2443084.716796875,1.47207526015681
PB20.13.11_Comb25Ch12,2513351.445086,2513351.4404296875,1.2152940338864404
PB20.13.11_Comb25Ch13,2575225.834735,2575225.830078125,1.506077581733221
PB20.13.11_Comb25Ch14,2697982.792743,NaN,NaN
PB20.13.11_Comb25Ch15,2701721.196063,NaN,NaN
PB20.13.11_Comb25Ch16,2771301.274188,NaN,NaN
PB20.13.11_Comb25Ch17,2872390.751727,2872390.7470703125,1.0130601917429705
PB20.13.11_Comb25Ch18,3014526.371844,3014526.3671875,1.5389264151785913
PB20.13.11_Comb25Ch19,3117294.31618,3117294.3115234375,1.4030143328281222
PB20.13.11_Comb25Ch20,3190765.385516,3190765.380859375,1.226054803993291
PB20.13.11_Comb25Ch21,3279342.656024,3279342.6513671875,1.141132615487837
PB20.13.11_Comb25Ch22,3300323.490985,3300323.486328125,1.2478019446913977
PB20.13.11_Comb25Ch23,3412017.826922,3412017.822265625,1.2325903888420844
PB20.13.11_Comb25Ch24,3485565.190203,3485565.185546875,1.2453110706280306
PB20.13.11_Comb25Ch25,3633804.325946,3633804.3212890625,1.4996478148442225
PB20.13.11_Comb25Ch26,3667984.013446,3667984.0087890625,1.4861120573864968
PB20.13.11_Comb25Ch27,3734970.09743,3734970.0927734375,1.261295704983642
PB20.13.11_Comb25Ch28,3858261.113055,3858261.1083984375,1.6281126151736423
PB20.13.11_Comb25Ch29,3992614.75075,3992614.74609375,1.3960710423347924
PB20.13.11_Comb25Ch30,4030990.605243,4030990.6005859375,1.4049833011353443
PB20.13.11_Comb25Ch31,4177551.274188,4177551.26953125,1.056751307597321
PB20.13.11_Comb25Ch32,4198150.639422,4198150.634765625,1.1391714734060154
PB20.13.11_Comb25Ch33,4357681.279071,4357681.2744140625,1.113283722585204
PB20.13.11_Comb25Ch34,4562606.81618,4562606.8115234375,1.2964704279153405
PB20.13.13_Comb21Ch01,1707992.558368,1707992.5537109375,1.2894195684934806
PB20.13.13_Comb21Ch02,1771698.002703,1771697.998046875,1.2277968745918826
PB20.13.13_Comb21Ch03,1791076.664813,1791076.66015625,1.285264307688374
PB20.13.13_Comb21Ch04,1853103.642352,1853103.6376953125,1.28956286016693
PB20.13.13_Comb21Ch05,1914596.562274,1914596.5576171875,1.2973536898338778
PB20.13.13_Comb21Ch06,1978149.418719,1978149.4140625,1.5241288226923904
PB20.13.13_Comb21Ch07,2032470.707782,2032470.703125,1.7911420820789468
PB20.13.13_Comb21Ch08,2085418.705828,2085418.701171875,1.7592334691949307
PB20.13.13_Comb21Ch09,2192611.698993,2192611.6943359375,1.00690738598742
PB20.13.13_Comb21Ch10,2246856.69411,2246856.689453125,1.6338160596883173
PB20.13.13_Comb21Ch11,2412414.555438,2412414.55078125,1.5631886098556445
PB20.13.13_Comb21Ch12,2446746.830828,2446746.826171875,1.519227337139207
PB20.13.13_Comb21Ch13,2517852.78786,2517852.783203125,1.379132555144796
PB20.13.13_Comb21Ch14,2572784.428485,2572784.423828125,1.6455681554928134
PB20.13.13_Comb21Ch15,2685317.997821,NaN,NaN
PB20.13.13_Comb21Ch16,2706451.420672,2706451.416015625,1.8904181353212501
PB20.13.13_Comb21Ch17,2773132.328875,2773132.32421875,1.5090997514106372
PB20.13.13_Comb21Ch18,2866592.411883,2866592.4072265625,1.0526748591989843
PB20.13.13_Comb21Ch19,2952957.157977,2952957.1533203125,1.3314083622682216
PB20.13.13_Comb21Ch20,3010330.204852,3010330.2001953125,1.6136869645100025
PB20.13.13_Comb21Ch21,3177642.826922,3177642.822265625,1.3615618412679011
PB20.13.13_Comb21Ch22,3274383.549578,3274383.544921875,1.376991014537948
PB20.13.13_Comb21Ch23,3402023.320086,3402023.3154296875,1.3549461604883684
PB20.13.13_Comb21Ch24,3476181.03493,3476181.0302734375,1.232304732064863
PB20.13.13_Comb21Ch25,3615493.779071,3615493.7744140625,1.7442845412251917
PB20.13.13_Comb21Ch26,3663101.200946,3663101.1962890625,1.7374527770832398
PB20.13.13_Comb21Ch27,3727645.87868,3727645.8740234375,1.3139856743435534
PB20.13.13_Comb21Ch28,3850021.366961,3850021.3623046875,1.618992155909354
PB20.13.13_Comb21Ch29,3972930.91286,3972930.908203125,1.5572103723410744
PB20.13.13_Comb21Ch30,4023208.622821,4023208.6181640625,1.7276853750491543
PB20.13.13_Comb21Ch31,4159164.433368,4159164.4287109375,1.3228538438004265
PB20.13.13_Comb21Ch32,4196319.584735,4196319.580078125,1.207284786742536
PB20.13.13_Comb21Ch33,4343109.135516,4343109.130859375,1.267356865453475
PB20.13.13_Comb21Ch34,4425201.420672,4425201.416015625,1.335111183851914
PB20.13.13_Comb21Ch35,4529113.774188,4529113.76953125,1.6284837684180724
PB20.13.13_Comb21Ch36,4536437.992938,4536437.98828125,1.3939901426780221
PB20.13.13_Comb25Ch01,1705551.152118,1705551.1474609375,1.4796853889157986
PB20.13.13_Comb25Ch02,1961669.926532,1961669.921875,1.588872184888756
PB20.13.13_Comb25Ch03,2311172.490008,2311172.4853515625,1.625613803108253
PB20.13.13_Comb25Ch04,2556076.054461,2556076.0498046875,1.6242439547986043
PB20.13.13_Comb25Ch05,2932357.792743,2932357.7880859375,1.6267922511748198
PB20.13.13_Comb25Ch06,3073196.415789,3073196.4111328125,1.6653641208880168
PB20.13.13_Comb25Ch07,3391189.579852,3391189.5751953125,1.695340321045205
PB20.13.13_Comb25Ch08,3925628.666766,3925628.662109375,1.5660272766648933
PB20.13.13_Comb25Ch09,4313507.084735,4313507.080078125,1.7065013448236483
PB20.13.28_Comb01Ch01,1697845.463641,1697845.458984375,1.4813760959097082
PB20.13.28_Comb01Ch02,1778335.575946,1778335.5712890625,1.4656739831477208
PB20.13.28_Comb01Ch03,1789550.785907,1789550.78125,2.4720261160440553
PB20.13.28_Comb01Ch04,1857299.809344,1857299.8046875,1.3931038804408178
PB20.13.28_Comb01Ch05,1911926.274188,1911926.26953125,1.5074797243259341
PB20.13.28_Comb01Ch06,1979827.885516,1979827.880859375,1.8613859226997056
PB20.13.28_Comb01Ch07,2087554.936297,2087554.931640625,1.9044267193332625
PB20.13.28_Comb01Ch08,2123489.384539,2123489.3798828125,1.705203835732855
PB20.13.28_Comb01Ch09,2183456.425555,2183456.4208984375,1.0946425110768352
PB20.13.28_Comb01Ch10,2233047.490008,2233047.4853515625,1.8390898052696667
PB20.13.28_Comb01Ch11,2313690.190203,2313690.185546875,1.7217944787077035
PB20.13.28_Comb01Ch12,2438507.084735,2438507.080078125,1.6897847039155063
PB20.13.28_Comb01Ch13,2526855.473407,2526855.46875,1.5264753577282846
PB20.13.28_Comb01Ch14,2581100.468524,2581100.4638671875,1.8928111178759146
PB20.13.28_Comb01Ch15,2694091.801532,2694091.796875,1.6828425494334212
PB20.13.28_Comb01Ch16,2707672.123797,2707672.119140625,2.0579901110563488
PB20.13.28_Comb01Ch17,2777252.201922,2777252.197265625,1.7798212660393378
PB20.13.28_Comb01Ch18,2868881.230243,2868881.2255859375,1.1315922394624753
PB20.13.28_Comb01Ch19,2942428.593524,2942428.5888671875,1.689167789026494
PB20.13.28_Comb01Ch20,2997970.585711,2997970.5810546875,1.9956095778795824
PB20.13.28_Comb01Ch21,3112869.267352,3112869.2626953125,2.0659496061304496
PB20.13.28_Comb01Ch22,3175354.008563,3175354.00390625,1.7295244287820122
PB20.13.28_Comb01Ch23,3295211.796649,3295211.7919921875,1.2655927767272026
PB20.13.28_Comb01Ch24,3303680.424578,3303680.419921875,1.5568395308538776
PB20.13.28_Comb01Ch25,3396987.919696,3396987.9150390625,1.6423571072893175
PB20.13.28_Comb01Ch26,3484649.66286,3484649.658203125,1.4656642166938756
PB20.13.28_Comb01Ch27,3732376.103289,3732376.0986328125,1.437625057060345
PB20.13.28_Comb01Ch28,3841705.326922,3841705.322265625,2.108967716315741
PB20.13.28_Comb01Ch29,4001998.906024,4001998.9013671875,2.501560770409417
PB20.13.28_Comb01Ch30,4042968.754657,4042968.75,2.037133199566233
PB20.13.28_Comb01Ch31,4183578.495868,4183578.4912109375,1.7945421506917365
PB20.13.28_Comb01Ch32,4203643.803485,4203643.798828125,1.3738266725020558
PB20.13.28_Comb01Ch33,4339447.026141,4339447.021484375,1.8296086846376087
PB20.13.28_Comb01Ch34,4442825.322039,4442825.3173828125,1.6866594120421317
PB20.13.28_Comb01Ch35,4574890.141375,4574890.13671875,2.0966368760966025
PB20.13.12_Comb20Ch01,1726379.399188,1726379.39453125,1.292135169050002
PB20.13.12_Comb20Ch02,1780700.68825,1780700.68359375,1.8380272720249426
PB20.13.12_Comb20Ch03,1836547.856219,1836547.8515625,1.3213714431861325
PB20.13.12_Comb20Ch04,1879959.111102,1879959.1064453125,1.4832629663386434
PB20.13.12_Comb20Ch05,1937332.157977,1937332.1533203125,1.623082733172029
PB20.13.12_Comb20Ch06,1993637.089618,1993637.0849609375,1.581379801543355
PB20.13.12_Comb20Ch07,2053298.954852,2053298.9501953125,1.5716673864973252
PB20.13.12_Comb20Ch08,2104873.661883,2104873.6572265625,3.6979140255463134
PB20.13.12_Comb20Ch09,2167129.521258,2167129.5166015625,1.0718972713750725
PB20.13.12_Comb20Ch10,2228469.853289,2228469.8486328125,1.9348213014968731
PB20.13.12_Comb20Ch11,2356109.623797,2356109.619140625,2.8986717225357137
PB20.13.12_Comb20Ch12,2415313.72536,2415313.720703125,1.5855565153821534
PB20.13.12_Comb20Ch13,2488021.855243,2488021.8505859375,1.5467295737962337
PB20.13.12_Comb20Ch14,2548751.835711,2548751.8310546875,1.6795237467016573
PB20.13.12_Comb20Ch15,2620239.262469,2620239.2578125,1.3508312824340454
PB20.13.12_Comb20Ch16,2705459.599383,2705459.5947265625,1.619830930431818
PB20.13.12_Comb20Ch17,2844238.285907,2844238.28125,1.1561872791401526
PB20.13.12_Comb20Ch18,3043975.834735,3043975.830078125,1.712961219840493
PB20.13.12_Comb20Ch19,3215255.741961,3215255.7373046875,1.4915865616647992
PB20.13.12_Comb20Ch20,3304443.364032,3304443.359375,1.3145180979889028
PB20.13.12_Comb20Ch21,3361053.471453,3361053.466796875,1.6709913154713811
PB20.13.12_Comb20Ch22,3458328.251727,3458328.2470703125,1.3483365949569306
PB20.13.12_Comb20Ch23,3538131.718524,3538131.7138671875,2.864915805598603
PB20.13.12_Comb20Ch24,3624801.640399,3624801.6357421875,1.7230846435535867
PB20.13.12_Comb20Ch25,3705291.752703,3705291.748046875,1.5506137941770213
PB20.13.12_Comb20Ch26,3793258.671649,3793258.6669921875,2.8856630953775166
PB20.13.12_Comb20Ch27,3890151.982196,3890151.9775390625,1.7228529594612578
PB20.13.12_Comb20Ch28,3991012.577899,3991012.5732421875,1.6953568347286774
PB20.13.12_Comb20Ch29,4075317.387469,4075317.3828125,1.536380405359909
PB20.13.12_Comb20Ch30,4187622.074969,4187622.0703125,1.4045704647920838
PB20.13.12_Comb20Ch31,4274978.642352,4274978.6376953125,1.439958269130117
PB20.13.12_Comb20Ch32,4356994.633563,4356994.62890625,1.3772402046323295
PB20.13.12_Comb20Ch33,4488449.101336,4488449.0966796875,1.9706045042363025
